# Randomly generated data for apersonnel scheduling problem
# ./datagen tightness = 90.0 Multi-skilling level = 20.0
# Random number generator seed = 25
Type = 1
Jobs = 781
1 114
1 32
0 18
28 70
0 76
0 51
66 165
27 184
0 66
11 78
0 179
4 57
3 137
0 72
2 96
0 114
5 101
29 91
15 123
61 130
0 136
0 156
1 105
9 187
0 94
19 146
0 116
95 252
3 99
1 174
2 116
0 66
114 235
79 147
184 299
0 87
16 58
3 80
147 176
1 99
114 245
37 92
179 280
138 306
4 105
0 108
1 109
137 179
98 243
176 303
102 267
73 187
235 402
52 135
89 272
403 547
148 296
10 123
1 32
116 243
116 254
0 70
78 181
271 409
308 414
280 356
105 176
114 292
0 186
246 409
2 86
13 113
48 173
415 549
67 236
125 188
29 176
244 397
37 89
0 106
179 308
110 252
6 158
296 379
113 195
123 171
1 172
236 304
181 199
160 280
177 296
387 465
63 197
1 74
0 121
179 308
121 173
188 278
309 377
10 182
356 476
203 320
94 238
263 388
115 223
409 477
111 163
280 428
550 597
174 220
159 307
126 232
304 401
68 200
305 407
311 386
165 212
123 224
0 71
11 93
70 169
401 504
548 712
194 297
220 335
335 428
298 421
231 380
72 170
32 183
377 441
0 42
183 290
455 575
291 299
409 474
172 294
181 316
5 178
255 424
442 477
238 318
178 289
410 503
222 254
507 566
186 307
387 551
136 242
140 204
80 151
86 223
77 154
71 213
242 385
569 651
196 294
469 553
208 368
185 262
575 725
318 412
170 292
249 344
298 430
430 617
576 688
307 386
437 503
191 333
430 538
397 538
551 699
479 559
307 384
507 598
387 496
156 220
153 217
293 446
301 396
560 708
389 415
413 466
505 558
49 130
297 443
598 704
52 206
132 229
160 242
476 541
173 280
42 145
240 293
709 771
772 915
424 542
218 304
217 249
444 493
56 111
396 531
143 174
447 571
493 585
339 417
712 877
211 303
284 296
400 522
477 596
476 562
497 584
249 346
310 460
327 412
402 431
205 300
281 414
704 779
290 380
96 180
920 1058
542 591
563 725
599 698
182 263
619 686
1059 1191
688 767
877 996
564 742
597 720
323 349
1192 1320
299 336
321 422
273 355
381 448
533 664
587 690
5 86
149 254
497 523
266 293
726 853
466 604
997 1148
344 376
88 209
854 974
573 609
252 429
343 392
431 522
665 723
1320 1351
541 651
974 1004
210 292
1353 1439
526 664
302 391
461 559
699 818
651 691
414 553
313 403
202 328
725 865
544 633
665 764
377 464
558 697
300 439
585 648
1005 1068
673 747
329 480
538 665
321 380
307 441
663 763
650 730
820 987
447 562
255 395
198 265
293 397
394 516
566 728
700 807
691 797
797 908
261 334
397 451
436 532
423 489
767 862
767 823
592 680
398 518
421 468
604 681
764 887
732 877
721 898
665 763
991 1107
1071 1107
227 391
464 589
732 803
869 952
182 240
360 462
691 764
765 912
615 781
469 546
225 350
520 627
381 486
590 667
400 533
294 459
449 480
347 454
781 858
1109 1230
516 642
780 872
569 648
352 435
899 965
290 458
525 665
810 905
489 623
726 788
912 1007
905 954
667 761
480 562
903 933
952 1032
562 680
261 296
391 535
224 243
636 828
630 741
242 410
761 805
966 1116
681 808
681 722
808 849
431 618
646 708
460 579
723 770
723 835
832 959
534 621
437 533
492 667
533 629
836 971
652 780
989 1083
392 576
387 499
622 733
268 392
1007 1079
480 560
764 824
971 1080
858 900
494 572
554 699
629 786
806 941
874 967
462 546
413 563
698 808
743 849
1148 1256
808 980
1080 1128
589 677
852 1013
294 397
1117 1224
334 415
1230 1367
432 455
904 972
429 517
548 665
681 842
541 640
579 657
787 928
459 480
463 509
401 525
663 725
974 1058
1014 1081
410 457
456 532
762 809
878 1026
547 655
747 811
601 707
770 896
204 281
825 918
918 1080
307 418
522 662
681 818
645 739
660 691
454 600
983 1011
993 1068
564 661
1128 1158
1014 1098
667 729
658 754
677 777
458 586
308 362
701 768
811 875
820 915
1256 1362
945 1066
849 985
986 1134
661 687
534 570
1027 1213
562 654
824 904
1372 1437
1071 1172
518 551
245 295
1081 1267
419 529
700 741
668 799
647 749
980 1077
1107 1152
1067 1155
898 1009
687 796
768 959
842 934
501 616
797 931
1153 1192
908 1047
749 895
934 1044
1083 1276
439 538
956 1022
654 759
778 875
590 654
1193 1259
809 938
466 497
933 980
803 829
1213 1301
617 696
1158 1301
834 903
1303 1440
1048 1100
929 1027
1100 1261
625 683
1039 1098
545 706
1099 1216
933 987
831 934
781 951
1276 1357
1219 1251
558 697
930 1050
1078 1137
1251 1365
732 888
298 420
1302 1382
1028 1090
785 814
1081 1143
916 1003
940 1026
423 502
763 817
1021 1135
824 971
1101 1140
779 795
697 772
1022 1060
1136 1209
523 694
1269 1427
1011 1089
1427 1440
1366 1439
504 623
577 741
773 864
1362 1440
1061 1096
743 814
761 808
1132 1210
776 839
1045 1146
1051 1153
623 726
1155 1201
602 682
1144 1279
840 885
1224 1326
904 980
1099 1200
1212 1318
891 1023
1318 1440
1030 1199
1090 1179
980 1033
683 799
909 1003
979 1050
1139 1281
710 778
1266 1275
1279 1419
733 904
1004 1125
945 1068
1327 1440
788 931
810 924
512 670
1035 1188
875 1029
425 503
1192 1259
434 607
911 981
806 840
553 574
678 798
1202 1341
1064 1222
1286 1433
1260 1361
868 974
416 508
1181 1370
745 864
1346 1440
1073 1171
603 757
1199 1268
1382 1439
704 780
1225 1356
799 872
815 871
871 1018
725 745
959 1053
1019 1138
1140 1199
661 797
1146 1230
1203 1347
876 948
899 1002
756 858
873 1042
1137 1209
1351 1440
791 984
872 965
1140 1263
838 1000
1371 1440
742 811
1085 1223
510 654
1094 1249
702 805
665 826
1030 1188
1280 1367
950 1046
1262 1382
1173 1321
1054 1128
911 1011
953 1059
1007 1156
658 760
1265 1331
1021 1119
1053 1196
818 923
1130 1201
1201 1336
1337 1437
770 883
1156 1184
1361 1437
1189 1228
1000 1098
980 1147
1209 1314
1230 1240
974 1104
934 1070
1307 1431
1362 1438
1228 1275
761 859
1327 1381
1139 1228
1016 1091
1046 1139
1143 1192
905 1012
1392 1439
928 990
800 964
1232 1306
949 1086
1106 1233
1014 1169
966 1063
1147 1209
550 645
990 1068
731 776
1041 1149
925 1098
1240 1321
921 1029
861 1002
1252 1351
1335 1391
817 946
833 1003
1048 1173
1278 1333
1064 1207
1203 1236
1334 1414
1368 1440
1321 1440
1170 1228
1174 1313
1352 1440
1002 1071
1239 1340
1276 1393
1068 1170
1158 1201
1232 1358
698 751
1071 1166
1170 1340
1104 1221
1341 1416
1211 1336
1192 1276
1276 1320
1211 1270
1203 1324
1328 1440
1209 1276
1166 1266
863 941
1201 1356
822 857
1337 1440
1164 1227
945 1064
1309 1437
1222 1378
827 975
1193 1209
1013 1156
1371 1434
1043 1122
1363 1434
1379 1438
1314 1396
1383 1440
1342 1440
1213 1259
1292 1421
1065 1135
1096 1134
1170 1222
970 1136
1138 1269
1013 1123
1106 1240
1209 1354
1272 1427
1122 1225
1123 1235
1285 1439
1393 1439
1205 1250
1278 1433
1139 1250
975 1156
1393 1440
1251 1306
1156 1236
1344 1435
1238 1336
1060 1188
1098 1218
1260 1396
1314 1440
1358 1440
1238 1314
1241 1333
1126 1256
1074 1186
1231 1323
1296 1376
1258 1393
1228 1296
1420 1440
1307 1411
1261 1439
1233 1417
1377 1426
1337 1440
1316 1402
1254 1425
1333 1385
1360 1434
1299 1431
1187 1324
1330 1363
1363 1435
1419 1436
1396 1440
1311 1399
1356 1413
1324 1432
1395 1440
1354 1440
Qualifications = 70
136: 1 3 6 9 14 19 23 36 46 52 58 71 77 84 89 98 106 107 108 114 116 120 123 126 148 149 156 160 161 176 177 190 198 200 201 205 214 230 238 241 253 257 259 273 280 282 284 291 303 319 320 340 341 342 353 354 359 360 363 367 375 378 388 394 402 411 414 417 427 436 445 453 456 463 467 469 471 472 474 476 478 484 486 501 506 508 514 515 517 522 538 540 548 554 555 557 568 569 577 581 589 590 595 597 604 619 621 630 631 632 633 634 640 646 647 648 651 653 656 658 662 667 674 691 694 701 705 711 715 726 730 732 760 761 769 773 
147: 2 8 9 11 14 21 24 25 35 37 40 45 51 56 63 64 66 71 77 81 94 95 108 112 113 115 116 121 123 133 137 142 144 161 174 185 186 187 188 200 203 205 218 223 228 230 238 241 243 247 248 249 250 251 262 266 267 273 275 281 285 290 293 294 296 316 324 326 327 328 331 333 337 344 353 357 363 364 365 367 371 381 383 385 390 391 396 398 400 406 418 429 430 439 449 464 471 490 492 502 507 517 534 538 541 544 546 553 554 558 559 564 586 598 601 607 611 613 616 624 625 632 635 642 643 646 647 648 649 653 654 661 675 676 683 684 692 698 723 726 728 750 753 764 774 775 779 
152: 3 15 21 29 39 42 49 68 69 70 82 84 88 94 96 99 104 109 110 124 125 129 136 138 142 148 157 162 163 166 170 175 180 184 191 192 197 198 207 212 214 225 230 234 240 252 253 257 260 261 262 266 268 270 271 278 280 284 285 290 292 295 296 298 302 303 308 311 314 316 318 328 341 345 352 357 358 362 363 369 370 375 376 384 386 388 392 394 404 411 417 420 427 433 435 450 457 462 467 478 479 480 484 487 489 495 498 502 505 517 518 523 535 537 556 560 561 567 570 572 576 578 580 585 588 593 596 597 600 604 607 611 621 629 630 631 635 640 654 662 687 691 700 702 712 714 719 720 725 729 744 775 
172: 0 7 26 28 31 33 34 38 41 44 46 57 64 84 88 91 94 96 98 102 105 106 116 117 119 120 130 135 138 141 145 150 157 161 162 170 171 174 179 189 190 192 195 199 204 205 207 209 222 223 224 231 240 253 254 261 268 273 274 279 281 283 286 288 292 301 304 314 315 316 324 327 328 332 340 342 346 347 353 354 355 363 375 385 386 387 395 397 416 418 419 422 424 427 432 434 435 446 447 465 469 473 476 483 490 493 494 506 507 510 511 516 519 521 523 528 529 533 535 546 550 552 556 558 562 567 570 574 583 586 587 591 606 607 618 619 621 622 624 628 630 636 644 647 653 654 657 660 664 674 683 686 690 701 707 712 715 720 721 723 725 733 736 741 752 758 760 765 767 770 773 775 
163: 2 3 4 9 21 26 39 41 49 52 60 61 70 77 83 85 91 96 100 115 116 120 125 126 129 130 138 139 141 142 154 169 170 173 174 175 180 185 195 197 200 203 212 214 215 222 224 250 257 258 263 271 280 284 285 290 301 302 307 309 316 317 318 320 327 328 348 357 359 363 368 369 370 372 379 380 382 384 389 392 395 397 400 401 407 408 416 418 424 427 435 439 440 446 452 455 456 458 460 467 472 485 488 496 499 511 513 519 524 525 529 533 542 543 545 548 549 553 554 563 573 577 579 583 603 611 619 620 624 626 631 638 651 653 655 657 658 663 668 671 672 674 678 679 681 687 689 690 693 728 732 740 742 743 744 749 751 756 759 762 763 765 774 
172: 5 17 22 23 26 31 33 35 40 42 57 58 59 65 74 76 81 84 85 86 87 94 98 112 120 121 123 124 129 130 136 146 150 153 154 157 159 164 165 167 177 181 184 193 196 205 210 215 218 226 232 234 236 240 244 245 251 256 257 259 270 272 274 280 289 296 298 301 305 313 315 321 339 340 352 354 355 366 368 383 385 388 391 395 401 403 407 415 422 423 441 442 446 449 450 458 461 462 465 466 474 483 484 493 497 498 500 504 511 513 515 517 521 527 529 530 533 535 541 543 552 553 555 558 563 569 576 578 580 594 595 597 600 605 608 616 621 622 624 635 637 641 653 654 657 658 659 677 682 692 694 695 700 705 706 713 720 726 729 730 737 740 746 755 762 763 764 767 768 774 775 779 
158: 10 18 24 52 59 60 62 67 70 72 77 78 79 83 87 98 99 108 122 128 130 133 148 155 160 165 168 187 188 189 193 194 195 198 205 208 234 235 240 241 242 243 247 256 257 264 265 269 276 278 279 281 284 287 291 295 297 298 310 332 339 342 350 351 353 354 358 359 361 362 364 366 370 381 384 385 388 389 393 394 406 407 410 419 420 425 427 448 451 452 455 459 474 476 479 481 484 486 497 499 501 505 510 514 515 517 524 526 527 529 531 539 545 552 561 576 582 586 587 588 593 594 595 597 598 611 620 621 622 623 625 630 633 635 636 646 647 649 666 671 675 686 697 701 703 706 708 723 724 730 732 738 754 757 764 765 771 777 
155: 4 9 12 13 14 26 27 35 38 40 44 51 54 55 64 65 69 71 75 87 94 97 98 108 109 113 114 125 135 139 143 147 149 151 154 163 164 173 176 182 185 187 189 193 204 205 209 214 215 217 227 228 235 236 245 254 269 270 273 276 277 285 290 295 307 310 313 317 321 323 324 327 331 334 337 366 371 379 382 390 408 410 415 418 427 431 440 442 447 456 460 461 462 469 475 478 479 480 492 494 502 504 505 519 520 523 526 531 539 545 546 552 555 560 575 582 586 588 593 601 604 605 608 622 627 631 637 643 644 653 657 660 662 673 674 675 678 681 682 683 694 700 710 716 723 728 732 733 743 752 755 760 766 772 780 
164: 2 9 14 17 22 26 33 38 58 59 60 70 74 85 90 93 94 95 96 98 102 106 116 117 127 128 130 135 141 144 150 153 155 156 160 169 178 187 201 203 213 215 216 219 220 221 248 256 264 265 275 279 286 287 288 299 302 308 314 318 319 327 328 329 333 343 348 352 357 360 366 370 377 391 398 401 407 410 415 416 417 423 433 434 435 437 440 444 469 476 479 485 488 490 491 493 499 503 505 507 510 511 512 518 523 531 534 544 545 558 564 566 573 584 587 588 605 607 613 619 621 624 625 629 630 636 637 638 657 658 663 668 673 674 675 677 678 679 683 685 690 697 701 706 713 722 725 726 727 731 733 736 740 741 745 751 753 756 757 765 766 771 773 778 
148: 2 10 27 35 42 57 59 80 82 89 97 110 115 122 124 126 130 136 143 151 158 161 166 177 182 198 201 213 216 218 220 223 226 232 234 242 253 262 266 279 282 291 294 306 307 311 315 318 323 326 330 337 344 352 363 366 368 375 378 384 393 396 403 408 412 420 426 432 438 455 458 461 467 470 473 478 482 483 487 489 498 508 511 523 530 539 545 548 549 550 553 567 571 576 578 581 589 592 601 604 605 607 610 616 617 634 635 637 639 640 642 644 650 656 661 662 665 672 680 683 684 687 688 693 698 699 703 714 715 716 718 724 726 727 732 734 736 742 745 747 751 759 767 770 771 776 779 780 
146: 3 11 14 19 26 29 31 36 39 44 46 47 48 53 54 55 81 82 87 93 100 106 110 111 121 124 128 130 132 146 147 153 179 191 193 198 203 212 224 232 245 246 248 251 253 260 261 268 270 272 276 281 283 284 289 320 328 335 350 355 358 359 372 373 374 387 389 396 401 406 410 411 418 419 422 430 436 438 440 448 450 453 455 458 463 470 472 474 482 483 488 494 501 503 504 514 520 530 538 543 550 559 562 565 579 582 583 584 586 591 597 598 605 609 617 622 628 635 636 647 650 651 660 662 665 668 670 672 678 679 684 695 696 697 706 715 720 724 726 732 738 739 743 747 753 765 
155: 1 22 23 24 40 43 44 46 51 57 58 61 69 87 93 96 106 108 115 117 118 120 121 122 125 133 145 159 162 168 170 179 189 191 198 204 210 211 218 219 225 227 233 236 238 240 248 252 256 263 270 272 274 295 302 306 312 315 317 319 322 327 329 331 333 338 340 347 349 356 357 361 363 368 380 385 386 394 400 411 419 429 431 435 436 438 444 455 460 464 465 467 469 472 473 484 496 500 501 517 528 529 533 534 548 554 561 566 567 568 571 577 582 585 590 602 606 613 619 624 626 636 642 646 647 648 654 662 666 669 673 679 680 683 685 686 692 697 703 710 714 721 724 730 738 740 744 751 755 761 763 765 767 775 780 
155: 13 26 28 29 31 36 38 41 45 54 79 80 90 92 94 99 101 108 120 122 125 128 138 139 141 147 152 154 174 183 189 191 192 193 203 226 233 234 236 237 243 247 257 264 274 278 279 282 288 293 296 301 302 303 306 312 317 321 327 331 332 341 342 345 349 352 353 360 362 373 377 379 383 401 404 407 415 425 426 427 432 434 435 438 450 464 474 475 478 482 483 484 488 505 506 509 510 511 520 521 528 533 535 539 548 550 553 565 571 579 581 583 587 605 606 607 615 621 623 624 626 636 640 643 646 649 651 652 653 656 658 669 671 676 679 687 690 691 692 701 703 712 718 722 734 737 740 747 748 750 751 753 755 771 779 
156: 6 10 12 13 14 15 22 31 42 46 55 66 68 69 71 80 91 92 98 101 103 105 108 112 113 115 118 121 127 136 146 147 150 151 152 167 171 172 175 181 185 192 196 214 218 222 230 233 248 253 254 256 257 258 265 267 268 269 272 273 277 285 292 294 297 302 312 319 328 337 338 342 346 357 375 384 388 395 396 400 406 416 436 437 438 441 448 453 458 459 474 476 481 484 491 495 503 508 510 516 519 521 527 532 538 542 546 547 559 563 566 571 574 579 586 593 597 607 619 620 623 635 640 641 642 650 652 654 662 665 668 672 676 683 688 705 706 708 709 712 714 716 718 720 735 738 742 743 752 754 755 762 770 774 776 780 
141: 7 9 11 18 20 29 33 34 36 39 50 52 63 78 80 81 82 96 104 105 108 119 124 128 131 138 142 143 145 146 148 149 150 151 158 173 178 181 182 185 187 195 196 197 216 217 218 222 223 224 229 233 235 239 240 252 257 259 260 261 267 268 274 287 290 294 295 296 297 301 310 314 336 358 360 370 374 375 387 405 406 407 408 411 417 419 425 427 432 445 452 464 465 469 476 491 496 510 513 516 532 536 538 548 556 557 563 573 577 586 590 601 626 627 630 632 639 641 642 645 650 652 657 665 666 677 692 693 695 696 699 730 743 744 745 749 753 756 761 771 778 
157: 2 7 10 14 17 28 30 49 50 63 68 74 76 83 87 88 94 95 100 105 130 139 146 157 159 163 167 175 176 181 183 190 193 194 195 205 208 213 217 218 225 233 235 237 244 252 258 270 271 276 281 284 292 304 306 307 308 312 315 322 323 325 326 346 363 364 371 375 382 387 389 396 397 398 405 409 413 414 416 424 425 427 433 436 437 439 449 458 464 467 470 473 475 479 481 482 485 486 487 489 498 501 502 503 505 507 508 511 513 517 518 526 528 529 538 539 550 561 565 572 576 578 588 590 593 596 598 601 603 606 613 619 621 626 630 639 645 647 648 659 661 671 683 685 690 691 693 702 705 706 711 720 723 734 738 748 770 
166: 0 2 5 10 13 14 17 18 21 24 28 36 37 44 49 52 54 56 59 65 71 73 86 89 91 93 98 102 122 127 131 141 143 147 148 152 153 161 163 171 182 183 193 195 200 204 206 211 213 223 226 232 239 240 243 247 250 252 253 267 272 279 281 290 298 300 302 304 306 309 313 327 334 345 350 364 372 380 388 391 392 398 401 402 403 404 410 412 422 432 443 446 451 460 467 470 473 478 482 495 498 504 516 524 528 532 535 536 537 545 547 561 564 572 576 580 581 583 594 598 599 603 606 608 610 615 620 621 628 635 637 641 642 647 652 657 661 667 669 672 674 677 679 680 682 694 708 709 712 715 718 719 729 732 736 739 740 741 742 743 747 750 751 767 770 772 
176: 0 1 5 9 10 11 41 42 44 46 48 49 53 55 68 76 77 90 102 104 105 109 110 120 126 132 133 135 144 151 163 164 171 174 178 185 190 191 204 210 213 218 221 230 238 239 241 243 248 254 256 262 265 268 271 272 274 280 289 296 298 299 300 303 305 309 312 314 317 319 320 327 329 336 337 339 343 348 351 354 357 359 363 366 374 377 379 385 386 387 393 404 408 410 413 418 419 422 423 426 427 430 434 435 437 445 447 448 451 456 465 474 481 482 484 491 498 508 519 521 524 525 526 527 529 533 534 537 539 544 547 549 550 552 553 554 555 558 569 571 582 586 592 607 611 613 618 621 628 637 638 640 643 649 651 665 667 671 674 678 681 682 683 693 696 701 703 704 709 710 737 740 745 755 762 769 
143: 2 4 7 8 30 36 49 55 61 62 80 84 86 88 90 104 112 116 139 153 166 168 171 177 189 192 202 216 219 249 250 259 267 268 271 280 295 298 300 301 309 310 315 316 318 322 323 328 330 332 336 348 354 356 366 369 372 382 389 392 393 394 396 404 406 408 414 421 434 436 440 449 452 453 457 458 461 465 466 469 471 473 476 485 486 493 496 509 512 518 520 522 525 537 543 549 558 564 567 568 587 590 592 595 596 599 600 601 602 603 604 605 611 613 615 618 623 625 632 636 637 642 648 660 661 663 689 695 697 699 701 702 707 713 718 720 721 726 735 736 744 751 758 
127: 7 9 28 29 32 34 40 44 50 73 94 96 97 110 112 114 125 130 138 141 143 145 146 147 155 168 170 180 194 196 197 198 202 204 208 212 217 222 233 235 241 251 256 258 259 261 275 283 299 305 306 313 319 320 330 333 339 342 345 347 355 361 364 371 378 379 395 409 413 416 425 435 442 446 454 456 459 460 465 470 471 487 492 496 497 506 512 514 515 516 524 526 529 535 544 546 556 573 578 582 597 614 615 619 623 625 630 631 643 649 651 656 661 690 692 699 706 715 716 718 723 729 730 743 763 773 775 
154: 1 9 10 15 26 35 44 57 65 66 80 81 86 99 108 109 119 122 124 125 130 139 142 143 151 154 156 158 175 176 180 188 189 198 199 205 207 209 211 224 233 234 235 237 241 242 249 253 256 262 264 274 287 288 289 294 297 300 305 307 309 330 334 348 352 355 361 364 368 369 382 384 388 390 393 398 404 406 407 418 424 429 439 440 447 455 457 459 461 462 466 468 469 476 477 481 485 489 493 503 505 507 521 522 527 538 540 545 546 551 558 565 571 576 580 581 587 588 590 591 592 611 614 616 625 630 635 636 645 667 676 678 689 692 706 707 710 713 715 725 728 732 739 746 748 752 756 763 765 767 770 772 773 776 
152: 7 10 14 19 25 30 32 34 36 38 49 50 57 59 64 68 75 83 87 92 94 101 108 114 117 123 125 136 137 140 149 153 156 158 160 164 177 183 203 230 235 238 246 255 266 275 276 277 281 282 292 300 307 309 311 313 314 321 322 327 329 332 335 337 340 342 345 352 353 357 372 374 379 397 399 403 405 409 411 417 419 428 430 432 440 444 450 452 458 460 464 468 470 472 481 483 486 490 493 496 504 512 515 536 539 545 551 570 577 599 602 604 616 621 626 628 630 633 634 636 637 642 643 644 651 652 656 672 674 685 689 690 697 699 703 710 713 719 724 731 733 740 745 746 749 764 766 767 770 771 773 777 
146: 13 16 18 20 22 35 38 41 44 49 50 65 68 75 84 86 89 94 99 100 103 112 122 127 133 134 144 146 152 159 166 167 173 174 176 186 190 191 195 202 203 204 205 215 217 230 236 248 253 261 264 269 270 271 277 279 281 286 293 295 303 305 308 310 315 319 322 346 348 350 364 372 373 374 377 380 385 399 400 415 418 419 428 434 441 448 452 456 467 473 475 481 485 487 515 519 532 535 551 555 558 572 573 574 577 581 592 593 599 609 613 615 617 618 623 625 626 630 634 642 645 665 674 682 683 690 692 694 696 697 702 703 706 713 715 723 741 744 746 748 751 755 766 768 771 776 
145: 9 12 17 20 26 28 29 30 41 44 47 49 51 59 72 74 78 82 88 89 94 95 98 105 121 129 130 140 141 153 162 165 168 172 181 184 197 198 205 206 209 211 220 226 230 233 236 238 244 253 279 288 290 292 294 300 307 316 319 334 335 345 347 350 355 367 371 373 377 382 386 389 391 392 396 398 401 422 429 433 436 449 454 456 463 464 465 467 475 479 495 500 501 502 504 507 508 513 518 522 524 529 544 556 563 569 571 572 577 580 582 587 590 593 598 613 614 615 619 620 621 630 632 638 642 652 656 662 682 687 688 712 715 716 722 737 740 741 744 745 755 762 764 769 774 
155: 2 3 4 6 9 16 18 19 20 21 23 26 28 43 47 48 49 51 65 66 68 70 73 75 78 82 84 88 91 95 97 105 121 126 127 129 133 140 144 147 151 161 171 172 178 186 187 188 189 194 196 209 216 224 225 229 237 238 250 254 256 263 264 272 281 287 295 296 299 303 308 309 313 323 330 350 351 356 360 365 378 382 394 396 399 400 408 412 415 419 421 425 426 438 453 455 461 463 476 478 480 486 489 501 502 504 518 535 545 547 550 552 566 567 568 573 575 578 579 582 597 600 602 603 604 606 608 610 612 619 623 631 637 642 643 644 650 651 655 660 675 676 682 690 691 695 707 708 709 710 728 733 747 770 771 
165: 0 2 3 4 9 10 12 14 17 31 48 55 56 59 60 64 65 66 70 72 76 77 84 101 103 125 131 138 139 141 142 147 150 157 158 160 162 177 183 208 214 219 221 222 223 226 234 235 238 239 248 255 260 268 273 274 283 288 302 314 316 325 327 334 343 345 349 356 369 371 372 374 377 379 386 389 407 409 411 412 416 420 427 429 434 443 444 450 453 454 457 467 469 471 477 478 484 498 501 510 512 514 516 518 525 529 530 534 535 536 540 545 550 551 552 554 555 557 561 562 565 573 578 584 586 595 599 602 607 612 613 622 623 624 626 629 632 636 637 640 653 656 657 660 665 669 676 689 694 696 705 725 727 736 742 743 744 746 749 757 758 760 769 773 775 
164: 1 5 11 17 19 20 22 28 32 39 42 44 57 62 63 64 66 73 78 90 91 95 104 105 111 112 116 118 120 127 130 132 133 143 147 148 167 175 179 186 189 190 196 204 205 208 209 213 222 224 236 239 242 244 252 260 270 275 280 282 286 290 293 294 301 309 312 316 320 323 330 334 335 337 348 350 357 359 364 367 371 373 375 389 392 397 399 407 426 431 436 437 443 444 446 449 450 451 456 458 478 483 484 485 488 490 491 498 502 507 511 513 517 525 528 535 537 538 554 555 556 558 564 568 570 582 585 590 597 598 613 614 615 619 620 621 628 636 645 647 664 665 667 681 686 688 696 697 704 706 707 724 727 730 736 743 750 751 753 759 763 765 767 775 
154: 8 13 18 19 23 28 31 34 36 49 51 52 61 65 67 71 79 81 83 84 92 94 97 100 102 103 104 107 108 112 123 129 133 143 157 166 170 174 184 190 192 194 197 199 201 207 211 212 218 220 226 232 237 245 262 266 267 270 272 274 281 283 290 298 301 305 309 311 318 319 333 336 340 345 353 358 366 368 369 376 381 392 394 396 402 403 404 405 410 411 416 427 428 430 435 437 442 449 453 454 455 460 461 473 480 481 488 489 491 496 497 516 519 522 528 530 544 557 562 564 570 579 581 586 589 593 595 598 609 610 611 612 619 642 652 660 662 664 683 692 704 716 725 728 729 730 735 737 745 758 763 768 771 776 
171: 2 5 13 17 30 31 34 38 40 41 62 75 82 98 107 113 114 120 125 136 139 141 147 150 151 159 163 173 177 181 185 186 189 190 191 200 205 206 210 212 213 216 219 223 229 231 238 240 242 243 257 261 266 273 288 289 290 291 298 299 308 313 316 336 339 352 356 357 359 362 366 367 370 377 379 406 407 410 413 423 425 428 429 448 450 452 454 459 463 465 472 474 475 476 477 479 484 488 502 503 507 516 518 521 532 538 539 556 558 559 560 563 564 570 574 576 578 579 584 586 593 596 601 604 609 614 620 623 625 626 628 630 631 635 636 637 641 643 656 664 665 667 670 677 682 689 693 694 695 698 699 703 710 711 712 713 716 719 721 723 728 731 734 738 739 747 752 753 755 764 765 
162: 5 20 24 37 47 50 56 84 86 93 97 104 106 113 116 117 119 123 125 130 132 139 142 145 146 147 148 149 150 154 158 161 167 176 178 191 192 196 199 208 209 212 213 214 217 218 222 230 244 263 265 269 272 273 277 291 295 321 322 323 328 334 335 336 337 338 341 353 355 356 365 366 370 371 372 378 397 401 411 418 420 426 429 432 447 458 459 461 463 468 473 474 476 484 487 488 495 497 504 508 509 511 512 516 520 523 529 533 535 541 545 546 551 553 556 559 565 566 571 576 579 590 591 598 600 601 603 606 611 614 615 620 622 627 646 647 656 666 675 676 678 684 685 691 694 695 696 699 704 710 711 716 723 729 735 750 754 756 765 770 778 780 
166: 0 9 13 34 43 44 46 48 56 59 64 67 68 73 81 84 85 87 88 89 91 102 103 104 107 111 113 115 116 124 125 130 132 138 141 146 147 153 158 161 176 188 192 197 203 210 211 214 216 222 223 225 227 228 231 232 235 240 253 254 255 260 264 266 274 292 295 296 298 314 315 321 330 332 335 337 354 356 364 368 369 378 387 388 391 392 396 399 401 407 409 417 418 431 432 439 459 464 484 487 491 495 496 498 499 509 523 524 526 527 539 550 552 554 562 564 566 569 578 580 585 590 594 596 606 607 610 611 618 620 621 622 625 627 631 637 639 645 649 655 664 667 675 686 689 692 695 696 706 713 714 719 722 723 735 737 738 740 746 752 757 761 763 764 769 771 
150: 2 11 13 18 21 24 44 49 54 63 68 72 75 82 85 93 98 100 102 111 125 137 147 151 154 155 158 162 166 167 172 174 182 184 192 195 203 220 229 240 241 242 244 255 257 270 271 278 283 290 292 297 299 301 314 318 320 321 324 325 327 331 333 335 350 359 361 364 365 380 381 386 387 388 394 398 418 425 436 441 442 460 465 466 470 472 474 491 503 504 510 516 519 531 533 535 536 539 549 554 555 566 567 582 583 584 585 586 591 593 598 603 611 621 622 629 633 635 636 643 645 647 653 659 663 671 682 697 698 705 708 709 717 721 723 725 730 736 741 745 748 750 761 764 767 771 772 777 779 780 
153: 10 23 27 33 36 38 40 41 42 43 50 57 65 75 76 84 88 90 94 101 105 111 114 125 131 134 148 158 159 164 169 170 184 187 198 200 201 203 209 216 220 226 227 229 247 251 252 255 260 274 276 278 281 284 287 292 316 318 322 324 328 337 341 342 345 347 360 361 372 373 375 382 383 393 396 398 405 407 415 419 420 421 422 423 424 429 436 442 444 448 475 476 477 478 489 493 498 500 502 506 516 537 542 552 553 556 559 563 564 578 584 594 595 600 603 605 612 616 622 623 624 627 638 646 656 676 682 684 686 692 695 699 700 702 704 705 717 723 724 734 735 738 745 748 752 753 755 756 758 765 769 771 776 
159: 0 5 7 8 13 22 23 27 33 36 37 41 47 54 58 63 67 77 78 94 106 113 118 126 130 136 138 144 145 146 152 163 168 170 174 176 179 181 182 184 185 192 201 204 205 218 225 227 242 245 247 250 254 258 260 263 264 273 278 284 294 302 313 314 317 324 326 330 331 335 338 341 345 348 352 357 359 361 375 381 393 397 406 407 408 409 420 426 442 444 456 457 470 471 479 502 505 506 510 512 514 518 523 524 528 532 537 547 553 556 560 561 565 570 572 586 588 589 594 612 616 617 628 632 634 637 638 642 644 648 650 658 659 664 675 676 678 679 681 682 687 700 701 702 703 711 718 719 725 728 729 738 746 747 767 770 776 778 780 
179: 2 7 8 16 24 27 29 38 44 48 49 50 56 57 59 60 67 71 79 84 87 92 93 99 123 124 129 130 133 140 142 152 154 156 161 164 168 171 173 175 176 181 186 189 193 194 199 209 219 222 225 226 229 233 237 247 251 253 256 261 263 265 268 272 274 281 282 285 295 299 300 306 309 314 322 323 324 330 337 346 350 352 355 364 366 370 371 372 374 388 394 396 397 398 402 403 407 409 417 420 422 433 435 439 440 441 447 449 452 457 460 463 485 490 494 498 499 506 509 513 516 519 524 528 533 544 549 553 563 564 565 567 571 575 576 578 583 584 585 588 595 598 603 610 611 614 616 617 624 637 640 649 651 661 665 668 669 674 676 680 683 699 701 702 711 717 718 728 735 739 746 747 752 753 757 761 762 763 775 
166: 1 8 10 11 14 19 22 24 25 30 34 40 41 53 55 56 61 64 86 100 101 111 113 117 120 126 128 137 149 150 157 163 167 177 182 188 189 194 197 203 205 218 220 232 234 237 238 244 245 247 251 252 253 254 263 277 280 283 291 296 298 304 307 313 314 315 317 320 325 331 333 337 349 352 353 358 359 362 365 370 378 383 396 397 398 399 404 417 418 427 430 444 445 446 451 456 464 465 467 468 470 471 474 494 496 501 502 504 505 514 516 517 525 545 551 552 554 558 565 571 575 577 578 579 583 584 593 594 596 597 600 606 624 627 629 631 635 640 641 642 644 658 663 668 670 692 697 704 712 720 728 729 734 741 742 744 745 746 750 754 762 763 764 766 772 775 
160: 1 2 12 13 19 22 35 47 53 54 59 60 64 69 89 98 103 105 107 108 124 127 139 140 142 149 152 155 159 162 163 181 185 186 187 189 191 199 203 213 216 219 233 236 238 239 240 243 245 249 250 253 268 272 283 284 293 313 316 321 322 325 326 328 329 336 337 339 355 356 358 366 370 371 380 381 382 386 394 395 402 403 426 432 440 467 481 483 484 485 486 488 505 510 519 522 527 533 540 550 551 557 558 563 567 572 575 577 581 588 591 595 596 599 603 607 609 612 614 617 622 629 634 636 637 640 643 644 653 654 663 664 668 672 675 685 692 694 695 703 706 711 713 718 725 727 728 729 730 736 737 741 744 746 750 754 756 761 765 780 
140: 19 21 30 48 51 61 66 68 70 71 73 79 81 82 87 94 98 99 102 132 136 138 151 153 156 163 193 207 220 228 231 233 236 240 252 254 256 263 266 269 284 287 293 300 304 306 311 314 316 321 324 331 334 335 337 341 343 347 354 361 366 368 383 390 392 393 397 399 402 406 408 410 413 414 419 429 452 456 457 462 474 480 486 488 491 492 498 499 506 509 512 515 517 523 529 534 539 541 552 560 563 568 579 580 587 591 592 599 608 609 610 614 615 624 632 649 654 670 672 675 678 685 686 690 697 705 713 720 723 725 733 736 737 738 740 742 743 753 764 774 
130: 7 10 15 20 27 38 43 45 53 56 59 67 70 76 85 86 90 94 96 97 101 102 106 111 126 139 147 149 153 158 168 173 177 187 205 215 216 226 227 233 239 248 255 275 279 281 286 289 291 313 324 328 333 350 352 365 370 374 384 386 393 397 401 402 407 438 439 444 454 459 462 463 475 478 480 484 490 491 500 505 514 521 524 525 526 528 533 538 540 542 566 567 568 576 577 580 583 584 600 611 621 625 626 630 633 641 645 646 649 654 666 673 676 678 684 689 701 702 704 723 728 734 744 745 751 753 763 770 777 778 
148: 3 8 10 22 24 25 37 43 54 56 59 60 67 71 78 83 86 91 93 96 99 107 111 113 117 118 119 121 133 136 146 152 157 158 160 163 176 183 191 193 195 196 203 207 210 212 215 218 230 231 243 248 261 268 276 281 288 294 300 305 313 329 340 346 347 355 359 363 381 383 384 389 397 407 414 415 420 425 429 432 434 436 438 439 454 455 458 463 464 465 467 474 475 481 484 489 500 501 503 509 520 524 525 532 543 550 551 557 564 568 570 571 572 573 576 581 599 613 623 629 632 637 638 648 655 659 660 663 664 666 672 683 694 697 699 700 719 723 724 726 740 742 756 760 763 766 769 779 
154: 2 9 12 17 18 21 24 27 37 50 51 63 75 77 82 83 86 90 91 93 100 105 106 111 125 131 134 138 143 149 156 158 162 163 172 174 179 181 182 184 189 191 198 203 205 213 218 233 241 245 246 247 260 280 281 282 288 294 295 299 308 314 320 321 326 331 334 339 347 351 362 364 367 369 384 402 409 411 414 415 416 425 429 431 433 436 443 453 456 458 460 476 477 480 482 485 486 502 516 517 518 522 523 527 528 539 544 550 552 565 568 587 588 600 606 609 612 617 619 630 633 634 640 644 650 658 677 679 680 683 684 685 689 700 709 712 714 718 724 728 731 732 734 737 738 741 750 753 757 760 766 775 777 780 
162: 0 1 8 9 10 19 20 26 27 32 33 34 42 43 45 49 64 65 66 67 77 83 88 90 100 102 103 107 108 111 137 138 147 158 169 176 177 181 184 190 191 194 202 210 216 219 221 222 228 231 236 240 242 244 251 258 263 264 265 266 271 272 274 279 280 284 285 287 293 296 316 317 320 321 322 327 329 334 344 350 351 352 356 367 374 378 379 381 387 390 393 398 401 402 404 405 406 409 410 417 441 442 443 451 456 463 471 477 478 479 480 494 496 505 507 527 534 537 538 545 548 553 555 559 562 572 577 593 596 601 603 604 606 613 617 634 639 640 655 657 663 664 675 676 680 699 705 719 721 726 728 731 732 735 744 746 750 757 759 765 771 780 
142: 9 17 21 23 38 47 52 54 59 60 75 82 83 85 89 93 107 108 110 119 122 127 133 149 150 153 162 165 166 173 178 189 197 202 228 229 230 243 247 256 262 266 269 273 274 277 282 284 289 290 293 298 299 300 306 311 313 314 315 346 348 349 351 364 366 368 386 388 391 394 399 411 413 414 419 438 442 456 457 458 467 473 489 494 495 507 513 515 518 522 531 537 538 540 542 546 550 553 563 566 575 578 580 587 588 595 596 599 603 609 619 622 626 628 630 635 638 642 673 676 690 697 699 705 707 710 711 712 719 721 725 732 737 749 754 755 759 765 767 769 773 777 
150: 1 4 10 11 16 24 26 31 43 53 58 59 69 71 74 78 80 86 87 106 112 116 119 123 135 136 141 144 148 158 167 169 170 172 173 176 180 182 183 189 192 200 201 205 209 213 215 222 227 231 232 235 240 246 259 265 266 271 273 280 286 293 295 304 308 326 327 332 341 342 345 350 352 358 361 375 384 387 392 397 404 406 411 413 414 422 426 441 443 447 464 467 471 473 476 483 495 497 509 512 513 518 531 538 540 541 558 567 569 578 582 595 597 607 608 613 614 617 627 637 638 640 646 648 658 664 669 676 680 685 695 697 703 705 706 709 710 724 727 729 741 748 754 755 770 771 772 773 774 775 
163: 1 4 5 8 14 15 33 38 39 42 44 45 46 52 55 58 59 61 62 64 75 78 85 93 99 110 112 114 122 123 125 128 136 138 141 142 143 148 149 151 152 155 161 171 172 187 188 193 208 210 213 217 218 222 223 225 227 232 245 249 250 255 259 263 265 280 289 302 307 308 314 315 321 322 339 340 342 343 344 345 352 360 364 367 374 375 385 389 394 395 399 403 413 421 423 424 425 438 439 441 442 445 446 457 459 479 493 495 502 504 507 508 512 519 522 523 525 526 531 540 547 548 549 552 563 566 571 575 576 581 606 629 635 640 641 642 644 646 647 656 662 665 678 680 681 682 692 695 696 698 701 705 706 723 729 735 737 740 745 747 754 775 779 
148: 0 7 12 14 15 33 34 48 59 60 68 99 102 103 109 116 122 128 129 132 137 141 142 148 153 156 159 163 168 174 185 193 195 198 203 212 226 237 250 258 259 263 264 266 272 279 283 291 298 299 304 306 307 309 317 319 323 325 331 334 335 336 338 339 346 348 353 355 356 360 365 366 370 381 382 395 397 399 402 408 415 423 427 429 430 435 445 448 465 469 472 473 474 485 502 514 522 534 538 539 549 557 558 564 570 571 572 573 578 582 586 591 593 600 601 603 607 608 611 612 620 621 631 632 633 640 645 656 659 663 672 676 683 696 702 707 711 714 715 721 728 730 740 744 763 766 767 772 
165: 4 5 6 9 27 33 47 51 64 72 75 77 81 82 83 84 89 97 103 106 112 115 118 122 128 134 137 141 142 148 150 163 164 167 173 180 188 196 210 212 217 227 232 240 241 245 251 254 256 268 276 279 282 295 297 298 302 307 310 311 313 314 326 333 339 343 345 348 354 358 360 363 364 365 371 373 376 379 402 410 416 418 423 428 432 435 449 452 457 462 464 466 469 474 475 480 482 483 496 499 502 509 510 511 513 516 521 527 531 536 537 540 543 545 557 566 567 572 575 580 583 588 601 612 615 617 620 625 626 633 636 638 639 641 642 643 644 649 653 661 666 670 677 680 685 687 696 703 707 714 719 721 722 730 731 745 748 750 753 755 760 766 767 769 780 
172: 2 6 8 14 32 33 42 57 63 64 68 73 74 83 85 86 91 95 103 104 109 117 122 126 132 136 139 140 146 150 152 163 166 173 176 184 186 188 189 191 206 213 218 223 227 233 237 245 249 270 275 279 280 282 289 291 294 297 300 304 305 308 314 319 326 330 335 341 346 348 351 352 353 367 370 371 374 380 393 395 398 399 401 404 409 412 418 422 432 433 437 441 444 445 447 455 464 468 487 490 493 495 500 502 503 509 517 524 525 530 535 536 538 541 547 549 550 551 552 554 558 561 568 569 572 573 574 576 579 580 585 588 589 591 606 607 609 612 624 625 650 654 657 670 671 672 674 679 681 686 698 709 714 720 724 725 726 727 728 737 740 743 751 752 753 754 761 762 769 772 775 777 
167: 1 4 5 11 12 15 23 34 39 41 43 47 51 58 63 66 69 71 72 75 78 82 96 104 109 111 112 134 152 159 163 169 171 173 174 180 183 189 195 210 211 212 219 222 225 227 228 238 242 248 251 252 257 259 260 261 263 274 278 284 287 288 289 291 293 295 296 297 302 303 313 316 318 321 339 344 346 362 363 368 375 394 409 413 414 415 416 419 421 437 438 440 459 462 475 476 477 479 481 482 484 491 494 498 505 511 514 516 517 523 524 525 536 546 550 551 552 565 572 576 578 580 587 595 598 607 614 615 620 624 631 632 633 634 647 651 657 663 664 667 668 679 680 690 694 695 697 710 712 716 720 722 728 731 741 743 749 753 754 762 764 766 768 769 777 778 779 
147: 0 1 2 3 9 14 16 17 24 39 40 53 70 74 80 88 91 94 95 96 109 114 117 122 128 132 133 136 144 147 150 156 157 163 165 170 171 184 197 201 205 206 213 222 227 233 234 236 237 238 242 244 249 252 256 257 259 265 268 273 280 282 284 287 304 307 308 309 310 312 313 315 321 324 329 331 343 346 349 356 360 368 371 376 378 383 400 401 406 414 415 416 424 435 444 445 447 453 455 463 470 474 475 481 485 493 501 504 513 514 515 524 528 533 547 549 562 563 568 569 578 580 585 591 596 602 610 618 626 637 638 647 656 669 674 682 683 688 709 724 731 733 741 742 750 753 762 
165: 1 12 26 27 34 35 40 43 53 57 59 61 62 64 65 71 73 82 83 88 91 92 96 108 109 118 122 124 131 137 139 142 143 145 146 147 163 171 178 181 187 189 191 199 214 220 221 225 232 239 241 284 293 297 301 303 305 313 317 322 325 328 332 342 360 365 368 370 376 385 393 397 400 403 404 416 418 424 430 434 436 438 443 449 450 451 453 456 458 459 466 473 476 477 483 487 488 492 493 494 495 496 497 501 502 505 516 519 521 527 529 543 555 559 560 564 566 567 573 574 575 577 579 588 590 592 595 600 610 613 617 621 622 628 636 638 652 655 668 672 674 675 678 686 689 691 692 693 702 704 705 708 710 714 726 731 734 739 744 751 753 756 757 770 775 
155: 1 4 7 15 21 27 29 32 37 38 44 45 49 52 55 57 62 63 69 70 72 75 82 86 88 91 111 117 121 122 130 132 133 137 145 155 158 162 170 171 173 178 180 182 183 189 193 200 207 209 211 214 223 226 228 231 232 237 239 243 248 252 263 271 272 273 284 286 287 300 301 306 308 311 320 323 324 326 327 340 349 350 356 358 361 362 366 370 376 377 383 390 393 394 396 400 443 446 473 494 498 501 505 506 507 517 529 531 533 536 542 543 544 545 562 566 576 577 585 588 589 595 599 612 619 620 621 622 633 635 651 659 670 680 687 690 697 702 706 709 711 712 727 746 747 751 752 756 762 772 773 776 777 778 779 
170: 11 18 19 20 21 28 30 37 39 41 53 55 56 61 64 72 75 79 81 82 93 94 102 110 114 123 129 130 132 137 138 141 142 152 155 158 160 163 169 170 174 176 177 178 186 187 188 190 194 195 199 206 208 218 225 238 249 250 254 256 260 266 272 275 284 287 304 312 314 317 319 328 340 341 342 349 350 351 353 356 358 365 366 368 374 378 381 383 393 395 396 405 408 421 425 426 429 435 440 443 450 454 455 456 464 469 492 498 507 511 514 519 528 531 539 543 546 550 556 560 565 582 586 588 591 594 597 598 603 606 607 608 610 619 622 630 634 638 643 644 646 648 650 654 660 661 666 668 670 680 681 683 689 690 691 693 697 707 708 714 715 718 732 741 753 755 761 765 769 771 
155: 5 23 32 34 48 51 52 53 57 58 59 64 69 70 74 77 82 88 91 94 100 111 112 119 124 134 135 139 147 148 149 150 152 154 155 167 169 174 179 193 196 203 213 215 218 221 223 224 225 229 231 236 238 240 244 248 252 269 279 301 317 320 324 326 330 335 337 345 349 352 362 364 365 367 372 373 376 378 383 388 398 401 402 414 415 420 422 425 426 428 436 440 468 469 470 474 477 481 486 487 488 493 495 498 503 510 514 517 520 530 532 533 540 547 550 556 567 568 580 593 597 611 615 616 623 624 629 630 643 647 648 652 657 659 664 665 674 675 680 684 690 693 695 698 701 704 705 706 710 712 719 748 754 777 779 
165: 4 9 10 11 12 16 19 20 26 36 48 50 55 58 61 63 66 69 70 72 74 76 87 88 97 100 104 111 112 113 124 129 132 134 136 137 148 152 153 156 172 180 186 189 198 199 200 202 204 207 212 216 221 227 237 240 247 255 256 285 288 289 296 299 302 305 314 322 330 332 339 340 351 354 355 357 362 363 385 388 390 401 402 404 410 413 415 416 420 422 428 434 441 449 464 465 467 469 470 472 474 488 497 500 510 522 525 526 529 532 534 540 546 551 553 554 558 560 561 570 574 577 579 580 582 585 591 592 597 604 609 611 614 619 625 629 633 640 641 647 656 671 676 682 685 689 699 702 704 706 709 710 712 718 722 725 731 738 741 742 743 769 770 771 779 
140: 6 8 42 43 47 53 56 59 61 66 68 70 73 85 88 93 95 97 104 105 110 117 123 136 151 159 160 163 164 167 171 172 181 183 197 201 210 221 227 228 231 232 235 244 247 257 260 269 273 279 281 291 311 315 325 327 333 336 338 341 343 344 345 349 353 354 355 366 369 371 384 388 402 411 413 419 422 434 435 438 444 457 465 483 484 496 497 499 510 517 526 529 535 544 560 566 572 575 579 586 594 595 601 605 606 615 620 633 639 653 654 655 656 660 663 667 669 677 680 684 687 693 719 720 722 723 734 737 743 744 745 752 753 755 763 764 766 767 773 777 
187: 3 4 6 12 22 33 35 39 42 45 48 52 55 57 62 63 66 72 75 79 83 87 88 89 98 111 113 120 123 129 131 147 152 153 155 157 158 161 162 167 183 188 189 193 197 202 210 212 215 221 223 230 233 238 242 243 248 251 254 263 265 268 270 275 277 283 287 296 299 305 306 318 321 322 329 334 335 338 342 345 346 352 354 360 361 362 373 375 376 379 382 385 389 396 397 401 408 409 414 417 419 420 421 423 424 433 439 443 446 448 450 455 458 459 470 472 473 474 477 486 488 494 505 506 521 522 526 529 530 533 539 540 543 547 552 555 556 560 567 570 571 573 574 592 594 602 604 612 613 614 616 618 634 640 648 650 652 653 663 665 675 686 689 703 711 712 714 716 720 723 732 736 738 739 745 747 750 754 755 757 759 762 763 766 775 776 780 
154: 2 4 10 11 12 19 22 28 32 34 37 51 63 64 67 71 76 79 80 82 86 89 91 110 117 118 120 141 145 152 156 159 163 165 166 169 178 181 188 190 194 197 203 206 209 210 212 214 217 218 222 225 235 236 240 241 242 251 253 256 266 275 276 280 285 288 298 300 309 317 318 320 325 343 346 347 350 354 355 363 373 379 380 390 391 394 402 419 427 433 452 457 464 467 471 483 499 502 508 511 518 520 524 529 531 534 544 545 551 552 571 574 579 581 588 589 598 604 608 610 611 612 616 624 629 634 636 646 649 650 657 658 659 666 671 678 679 684 687 688 692 703 723 741 745 747 749 754 762 764 771 772 776 780 
153: 8 9 12 18 23 39 44 46 54 65 66 79 86 91 105 108 113 114 115 117 119 126 128 130 133 138 146 152 156 162 169 170 175 183 186 187 193 195 199 209 216 227 228 246 255 259 261 269 273 279 281 293 297 299 306 308 309 312 313 316 318 327 333 344 347 352 356 358 359 360 361 362 366 376 385 394 399 401 403 406 407 412 432 441 447 461 465 474 475 478 483 489 496 500 503 504 515 516 518 521 524 525 530 544 545 547 548 560 564 570 577 580 586 595 601 603 604 608 610 618 626 628 629 634 638 648 651 656 661 663 673 684 686 693 695 700 708 714 716 718 727 733 735 741 742 749 751 753 754 757 758 764 769 
151: 3 10 12 19 27 30 34 36 37 39 43 49 51 52 54 55 57 59 62 63 69 76 78 81 85 90 95 96 119 121 122 124 127 135 145 159 160 174 177 179 182 186 195 202 206 209 212 218 223 225 226 228 233 237 240 242 246 247 249 251 254 259 277 281 283 284 287 290 295 308 310 311 318 319 321 338 342 343 346 361 362 363 366 376 383 400 422 429 432 441 449 451 455 459 462 464 467 470 474 480 484 488 497 500 521 524 525 528 532 555 556 558 563 579 588 598 602 604 607 615 618 625 637 642 645 649 650 658 662 672 677 685 691 692 698 699 703 707 709 712 727 728 735 737 746 751 754 761 768 773 776 
145: 3 7 18 27 28 29 43 51 57 61 72 75 79 81 86 100 118 119 123 141 142 148 153 156 157 158 164 172 175 187 200 201 203 204 210 212 214 235 239 241 243 246 247 251 253 261 263 277 285 289 291 293 294 306 312 320 327 328 337 342 355 357 362 369 373 376 380 386 398 399 405 407 417 418 426 429 434 438 446 452 454 455 459 468 470 474 481 485 512 516 518 519 522 528 536 538 547 557 561 577 585 591 597 603 617 618 619 620 628 637 639 641 644 649 650 652 655 660 665 667 678 682 685 687 689 690 692 694 700 703 704 705 709 710 713 714 716 721 728 730 749 750 753 755 768 
145: 4 8 13 29 32 36 37 42 45 47 57 61 81 82 93 105 115 118 125 129 132 137 140 148 155 159 160 162 169 172 173 176 178 188 203 206 208 209 214 220 221 225 227 240 241 242 244 256 265 278 289 291 298 302 305 308 316 318 341 361 362 369 370 379 396 398 408 411 412 417 419 425 428 435 439 443 445 448 456 461 462 464 470 471 472 473 475 483 488 491 503 504 505 512 513 518 537 549 551 552 557 558 560 562 564 567 593 597 603 607 608 611 613 614 616 626 630 631 639 643 648 655 656 657 661 667 669 671 683 692 702 705 711 713 714 720 726 727 750 751 758 759 766 776 777 
149: 2 7 12 29 35 43 44 47 52 69 73 74 76 80 84 89 97 98 102 105 112 121 123 127 131 137 138 150 154 160 161 168 169 171 175 179 181 186 189 196 211 215 220 224 229 239 249 251 252 254 256 258 260 276 282 283 287 291 300 302 307 308 318 319 320 322 324 326 327 333 336 339 340 359 363 365 375 379 380 385 392 397 399 400 407 411 413 415 441 444 447 449 461 465 466 477 489 491 494 510 520 527 541 547 550 553 554 561 567 576 577 593 595 598 599 600 603 608 619 625 626 636 637 642 643 653 660 661 674 675 676 683 686 697 713 715 719 722 724 728 730 737 747 750 754 760 768 770 772 
124: 4 6 8 10 27 36 50 51 52 56 65 74 88 90 97 102 105 115 120 123 125 129 139 145 162 163 166 188 193 197 211 216 221 223 234 238 239 240 254 264 277 283 286 296 297 302 305 310 314 335 337 342 362 365 377 380 386 390 395 398 400 408 410 415 416 419 421 429 433 439 446 449 452 466 471 472 483 484 486 487 503 509 510 517 524 533 537 538 544 546 547 548 561 562 565 580 592 599 623 627 632 638 642 646 647 651 659 664 665 670 686 691 709 712 731 737 744 746 750 756 761 762 765 771 
142: 0 6 10 18 23 24 34 35 36 39 40 54 55 63 73 83 86 106 110 112 116 118 119 122 123 124 131 134 136 137 138 139 149 151 166 168 190 198 201 202 208 218 226 236 238 244 251 253 283 285 287 296 298 305 313 322 332 335 342 343 350 358 361 362 367 376 377 380 382 402 406 415 423 426 427 436 440 448 467 471 482 483 486 487 491 492 499 507 515 518 520 521 529 534 535 539 540 544 547 554 556 563 569 599 603 605 608 621 623 643 654 656 664 665 668 671 676 677 686 688 694 702 707 710 711 717 719 721 726 733 734 735 737 749 754 758 759 762 765 769 773 777 
160: 1 6 16 23 28 37 38 44 46 48 51 56 60 67 96 104 105 109 116 120 123 127 131 142 153 158 159 163 181 187 188 191 193 200 205 213 215 217 218 219 220 230 236 249 253 265 266 299 303 304 306 321 326 331 341 342 345 346 349 350 353 357 363 364 366 371 376 377 394 397 399 401 412 415 420 423 431 432 434 440 447 451 453 464 469 471 482 486 487 488 502 515 518 520 525 533 538 541 543 544 549 553 556 559 560 566 567 569 572 577 583 587 593 594 595 598 604 605 610 611 613 616 623 627 631 637 640 641 642 644 649 650 659 661 669 675 680 684 685 689 696 697 702 708 709 710 717 719 720 724 731 736 746 748 753 755 761 763 772 777 
172: 3 6 10 12 26 27 36 37 41 45 52 58 62 64 69 77 83 85 90 93 101 104 108 110 113 124 133 134 136 137 142 143 144 148 149 152 154 156 161 164 170 171 175 176 181 190 195 198 208 209 211 212 216 228 229 242 245 250 253 258 259 261 263 267 277 281 285 287 296 307 308 309 320 328 330 335 337 339 345 346 348 360 365 366 370 374 378 386 388 392 395 399 403 407 412 417 419 428 431 435 439 440 443 448 450 452 453 460 469 486 487 488 515 517 521 525 526 530 531 534 550 553 554 557 558 559 560 563 568 573 575 588 592 597 599 616 620 621 623 629 631 646 653 658 660 663 666 673 674 678 679 680 682 684 685 691 693 698 699 702 707 710 729 736 740 744 752 754 757 769 770 774 
159: 2 7 10 16 18 42 50 54 55 70 75 77 79 84 85 89 91 94 95 110 116 119 122 123 125 130 138 144 146 149 155 164 168 169 171 173 186 187 196 198 200 201 203 207 211 213 216 230 232 240 255 256 260 270 284 291 292 299 311 321 322 324 325 326 331 334 336 344 345 346 352 358 360 363 367 370 372 374 375 377 380 396 399 401 402 404 419 425 427 430 434 437 438 440 441 449 450 451 452 453 455 464 465 467 481 491 492 497 499 506 509 514 523 530 532 537 543 553 557 559 567 570 578 586 611 613 614 615 618 624 625 629 637 639 645 647 648 650 654 668 669 670 673 674 675 697 699 700 713 726 730 731 738 741 743 754 757 768 773 
136: 1 7 9 33 36 47 48 49 50 52 53 55 72 80 81 84 91 101 105 115 118 126 133 134 136 137 146 147 148 153 155 157 158 163 164 175 185 186 194 210 211 213 219 224 227 228 231 235 243 245 259 271 280 286 295 305 306 308 318 341 352 358 374 375 377 387 396 399 400 406 407 415 424 426 432 435 449 459 464 467 477 485 488 489 506 510 515 535 541 542 545 546 548 552 564 578 579 581 583 585 591 599 603 608 610 633 635 657 658 659 664 666 671 672 673 676 679 687 702 705 706 708 714 716 720 723 724 727 732 734 735 745 757 761 769 773 
153: 10 15 17 24 25 35 42 52 54 55 59 63 64 65 67 69 85 89 90 98 100 101 116 119 125 128 130 132 140 142 149 153 156 162 167 177 181 193 195 205 207 211 214 218 219 220 221 224 235 239 253 254 262 266 273 276 286 287 290 294 295 297 299 307 312 319 327 328 333 335 348 350 351 375 376 382 385 391 400 403 423 434 437 438 440 450 452 454 457 465 468 475 477 485 494 498 500 501 504 511 515 525 526 527 532 533 551 553 560 565 566 571 575 589 592 603 615 619 620 622 632 644 647 650 653 655 656 663 667 675 682 702 703 704 707 710 711 717 721 722 724 725 727 734 737 742 749 750 759 760 771 772 774 
