# Randomly generated data for apersonnel scheduling problem
# ./datagen tightness = 90.0 Multi-skilling level = 20.0
# Random number generator seed = 37
Type = 1
Jobs = 1022
0 166
0 148
18 73
36 176
4 92
43 132
0 117
1 85
6 142
33 128
0 133
85 173
0 14
0 111
0 100
5 63
0 92
140 288
0 62
0 39
0 111
1 89
0 138
0 71
0 141
139 269
9 166
0 68
1 95
12 138
71 150
7 93
1 79
91 138
147 207
3 77
1 139
100 245
0 117
0 112
71 203
2 160
224 284
1 80
14 151
1 86
51 145
4 117
2 191
79 165
111 268
149 284
5 86
4 53
11 23
0 179
1 163
2 174
211 313
22 180
187 284
148 231
36 168
284 398
0 178
203 287
2 75
88 169
6 82
90 276
164 256
257 372
245 441
118 258
14 172
182 308
18 85
323 347
112 265
8 62
63 180
54 123
179 247
5 94
276 312
4 116
118 234
399 516
170 284
236 342
96 152
1 46
271 357
0 105
271 392
95 247
289 389
142 286
2 125
0 119
92 176
1 116
327 393
174 223
14 120
34 132
237 257
95 216
391 462
1 192
248 369
262 335
342 403
152 173
32 75
180 248
371 479
260 370
49 171
519 589
84 250
463 575
120 228
289 440
285 371
141 286
441 501
1 86
199 305
575 671
672 696
144 309
153 264
248 339
291 392
0 80
378 464
99 237
168 307
43 94
111 175
197 274
74 178
184 211
87 220
313 370
106 203
358 434
1 100
178 308
175 252
24 126
274 359
175 308
229 424
178 327
176 274
286 368
173 306
64 179
228 346
140 236
80 201
0 120
319 454
371 461
195 244
372 439
480 525
2 141
223 343
0 100
151 301
78 166
395 517
180 337
452 600
44 64
202 303
461 512
274 406
313 337
3 93
346 505
426 514
368 445
143 281
517 692
441 546
334 467
122 229
204 279
240 284
445 533
217 384
506 661
417 501
304 409
261 380
2 28
120 164
323 358
406 535
483 529
396 429
589 680
195 310
533 634
166 211
338 458
94 225
264 351
0 116
515 532
302 413
137 228
131 208
1 154
352 373
412 506
229 337
512 657
226 264
97 145
466 633
440 582
150 246
212 346
123 158
582 701
359 477
548 690
535 647
268 414
252 348
506 581
533 548
338 456
309 460
86 134
28 135
363 466
93 229
119 188
158 319
320 399
467 563
526 567
164 198
415 500
198 242
213 369
318 388
306 353
265 363
659 791
231 400
191 243
274 350
251 401
467 551
501 608
126 222
350 480
315 492
552 658
279 375
353 422
791 889
119 235
65 127
401 516
659 702
242 352
89 191
891 982
636 766
281 364
341 439
582 702
287 431
398 460
118 190
245 341
447 581
197 274
704 819
483 635
701 840
239 339
4 116
193 335
391 499
430 566
153 297
521 592
364 488
491 619
102 270
356 480
218 366
272 318
405 580
249 385
619 717
274 410
163 295
400 530
368 463
254 419
307 403
645 769
139 219
595 759
83 160
707 843
346 456
548 614
820 822
534 666
423 490
682 840
337 435
171 255
662 694
983 1046
337 432
399 538
460 558
458 527
691 839
198 252
843 960
961 1117
460 586
648 771
1047 1073
839 970
567 622
502 657
259 358
841 970
219 252
519 555
614 767
389 497
168 299
759 894
440 567
308 461
532 662
449 589
255 415
301 316
699 802
464 527
374 516
222 362
699 772
972 1129
369 440
769 848
694 739
254 314
376 442
373 502
972 1082
567 721
806 910
478 635
490 644
1083 1174
538 652
503 561
366 413
666 712
307 389
523 674
219 302
596 667
721 781
417 500
527 662
274 416
571 668
439 530
653 791
375 490
147 257
1118 1159
700 832
644 747
502 567
431 515
335 406
406 485
318 403
350 518
581 747
568 630
220 265
662 753
461 648
824 889
18 104
635 749
508 576
670 777
504 555
568 694
889 988
841 908
585 633
527 531
393 445
362 462
410 591
593 754
417 540
608 731
675 769
1074 1130
463 536
470 652
694 820
573 705
914 959
688 812
382 475
220 341
580 734
989 1130
643 814
741 895
360 486
562 615
534 626
403 469
850 996
767 872
959 1020
491 594
625 799
567 653
586 682
502 627
1159 1215
783 952
504 618
904 959
352 456
327 444
492 658
2 106
1131 1227
595 601
470 610
735 765
432 595
376 389
750 825
816 952
1216 1323
395 434
475 545
681 725
773 844
684 787
400 510
791 865
1175 1210
405 528
489 551
597 707
788 945
529 643
718 788
737 826
540 571
837 920
421 592
844 922
900 986
754 823
326 520
699 782
552 626
731 855
457 586
779 948
654 722
257 367
521 604
756 844
161 240
586 708
574 662
1130 1279
419 556
791 834
1211 1362
453 538
872 964
630 742
964 1021
828 926
697 792
599 724
771 846
628 795
742 840
929 947
947 999
731 782
803 915
637 750
508 640
304 344
620 757
787 826
648 758
725 814
110 190
867 974
643 724
1026 1077
190 297
600 643
846 953
749 935
470 516
708 816
750 804
996 1072
130 193
1363 1440
443 499
1073 1155
622 727
818 901
720 815
724 826
905 1038
800 982
663 787
499 669
541 672
556 625
954 1017
602 691
801 898
545 571
774 803
927 1053
940 1118
798 936
512 666
520 656
730 893
497 645
656 753
938 1095
311 360
1076 1187
823 936
691 794
816 972
936 956
961 1081
808 891
1279 1355
242 378
827 955
1325 1377
1005 1173
627 714
670 746
788 903
782 947
627 799
1026 1129
835 889
1377 1440
692 858
957 1047
610 696
520 665
660 785
1155 1214
743 886
1131 1230
758 808
964 1085
1101 1183
993 1107
892 1063
804 983
832 994
1059 1130
557 622
723 858
792 864
948 1063
696 792
266 336
130 310
1085 1155
1018 1145
790 879
645 722
825 906
353 384
622 733
1110 1200
917 996
298 392
1118 1252
1131 1230
909 1071
1072 1151
883 1062
373 423
808 906
910 937
1085 1131
394 479
997 1090
972 1149
858 957
320 396
1207 1344
378 437
753 854
203 359
953 1068
1131 1229
1053 1126
1099 1209
446 567
378 552
1176 1252
674 819
837 942
792 941
582 743
909 957
316 443
1258 1437
827 855
840 940
802 910
721 816
1229 1308
820 947
1081 1156
1130 1175
448 488
1344 1436
1308 1357
1194 1296
433 590
858 1023
554 689
705 897
909 996
601 723
1227 1272
1063 1218
856 923
975 1060
397 499
820 828
955 1064
1150 1229
957 1118
1060 1212
747 793
595 697
901 1044
718 898
425 569
1128 1231
481 513
1118 1229
828 991
1220 1331
984 1059
918 964
1333 1434
862 1011
1059 1228
769 840
846 951
1212 1267
1145 1335
834 920
1233 1397
570 701
987 1165
1357 1440
856 938
1068 1188
1267 1348
1023 1127
454 512
958 1044
905 1037
1229 1297
697 813
1232 1309
509 588
1064 1186
906 998
1157 1284
813 883
748 919
923 1024
992 1150
1188 1315
1218 1334
884 961
996 1125
1159 1262
1276 1439
514 557
588 700
497 627
1254 1327
1309 1325
831 891
705 775
1153 1221
1187 1292
734 839
954 1082
800 902
735 764
1222 1246
609 649
1083 1279
1234 1341
781 849
438 605
1029 1095
1127 1295
1293 1440
840 940
764 909
1127 1175
558 601
601 732
1229 1295
1176 1328
524 630
419 472
910 982
1175 1301
831 1006
634 721
910 1031
950 993
1349 1439
607 737
721 827
676 809
1344 1436
942 1086
1281 1439
519 615
616 697
1273 1309
982 1115
1315 1390
637 778
733 856
1348 1422
378 550
1048 1134
1116 1264
721 852
834 924
856 963
817 916
942 968
762 855
1064 1226
1012 1075
1297 1374
1046 1085
737 860
854 951
861 940
1039 1114
1087 1162
1134 1256
940 1076
1076 1218
1170 1303
855 996
1228 1319
1093 1165
1246 1362
1008 1130
920 1034
1152 1298
1003 1115
1023 1088
1257 1438
1336 1412
1223 1253
1013 1034
941 1135
1136 1175
1329 1440
1325 1383
1309 1438
1073 1232
945 1036
967 1085
998 1097
1037 1135
952 1072
916 1012
717 766
1024 1169
707 783
1067 1164
795 961
1077 1202
912 1024
1086 1174
928 978
1102 1232
943 991
857 996
1299 1440
1202 1338
663 780
1175 1269
854 923
1325 1439
793 856
547 643
776 853
766 857
1167 1347
1166 1323
952 1040
1172 1234
967 1016
1155 1254
924 1056
1343 1439
980 1022
1175 1292
1302 1440
1097 1251
1350 1404
1200 1257
1056 1129
1024 1199
1087 1150
1025 1093
1265 1362
1175 1217
1140 1244
1045 1107
1077 1106
1021 1112
1173 1309
1106 1254
1286 1437
1301 1440
1271 1319
1229 1387
1045 1133
961 1091
841 1022
1129 1172
1245 1383
1095 1181
1174 1243
999 1061
941 993
1255 1345
818 1008
995 1051
1057 1147
1126 1222
1019 1137
1355 1439
1183 1374
1201 1238
1167 1288
1383 1440
788 926
1057 1192
958 1032
1016 1166
1145 1230
837 911
931 1042
1245 1284
1319 1440
858 978
924 1068
1235 1378
1251 1276
1338 1439
644 786
888 955
1170 1332
1111 1255
1300 1323
1401 1436
1264 1348
1249 1287
1328 1422
957 1066
1115 1261
1286 1385
1263 1375
1052 1198
1092 1143
1175 1289
1033 1110
1376 1435
1297 1354
1069 1161
1345 1438
1088 1258
1363 1438
1141 1194
955 1081
1152 1253
1153 1255
1143 1284
1271 1386
1285 1405
1374 1439
1012 1100
1193 1303
1325 1440
1258 1330
980 1105
1110 1239
1388 1440
1174 1277
1381 1440
1425 1439
1097 1194
1292 1379
1374 1439
1291 1419
1249 1353
1276 1341
1305 1416
1303 1440
1110 1278
1288 1382
1302 1423
1356 1438
979 1085
1362 1439
990 1113
1131 1264
1173 1274
1387 1439
1348 1440
1337 1406
1407 1440
1300 1366
1165 1331
1037 1202
1292 1375
1198 1307
1332 1421
1274 1440
1332 1440
1236 1337
1225 1330
1120 1214
789 899
1263 1284
1381 1437
1408 1439
1266 1386
1287 1368
1341 1440
1382 1399
1249 1345
1335 1436
1325 1385
1390 1440
921 1028
1220 1317
1254 1420
1356 1409
1353 1439
1353 1434
1310 1429
1055 1119
1087 1205
1232 1354
1287 1427
1205 1341
1150 1220
1345 1399
1346 1432
1333 1400
1394 1436
1206 1231
1405 1440
1255 1366
1319 1438
1119 1269
1288 1432
1282 1418
1297 1403
1303 1419
1262 1419
1413 1436
Qualifications = 88
209: 0 2 4 10 11 14 19 21 24 49 58 71 72 77 78 97 100 108 112 117 124 127 133 134 136 137 142 152 156 163 176 185 186 189 192 195 196 200 202 211 219 233 235 236 238 239 240 245 246 254 260 265 269 271 273 275 287 295 297 298 301 304 305 311 312 318 319 328 331 336 337 344 345 347 349 352 357 373 379 380 386 388 395 399 402 407 419 420 427 428 429 432 435 451 454 460 462 464 466 473 482 491 499 503 513 514 523 525 532 533 542 545 549 556 569 571 574 575 585 589 592 594 596 597 598 603 604 605 607 610 625 626 637 642 649 652 653 654 668 687 693 699 700 702 724 733 734 749 757 759 769 778 786 793 794 797 805 815 822 831 842 844 849 850 853 854 855 856 859 860 865 868 877 883 885 889 892 894 895 896 901 904 908 917 922 927 928 929 930 950 954 956 959 962 965 966 968 969 972 978 979 980 982 984 987 993 995 1000 1011 
187: 4 6 7 10 13 14 23 24 27 35 43 46 65 70 78 81 86 91 98 99 104 108 112 116 118 124 125 135 136 139 143 148 151 153 158 169 175 181 184 187 194 195 208 211 225 229 230 232 235 237 238 253 258 259 260 262 267 271 278 281 286 293 299 308 312 317 319 320 336 337 352 358 370 390 391 396 404 405 407 428 432 440 443 445 449 451 461 465 472 477 489 490 494 505 510 522 526 529 532 534 535 537 541 542 547 550 551 554 555 558 559 566 577 595 598 611 613 616 619 620 624 632 636 647 650 651 652 662 666 681 682 687 695 701 704 707 713 718 719 722 727 730 734 745 746 768 770 772 776 799 817 820 826 841 845 846 847 850 860 868 878 900 902 904 905 918 919 920 923 924 952 955 956 960 962 963 966 967 968 975 984 986 993 996 997 1004 1013 
191: 0 1 9 19 20 25 27 35 39 43 45 47 52 55 60 62 65 73 76 81 92 96 107 112 113 122 127 128 129 131 136 150 153 155 157 162 165 169 170 178 181 187 191 193 196 204 205 207 213 214 217 232 243 244 260 264 266 267 271 275 291 294 296 299 302 312 313 316 326 330 337 355 356 357 359 362 369 372 387 389 390 392 394 405 409 421 431 432 434 450 461 468 474 479 482 488 491 498 503 508 515 516 518 526 535 539 541 544 545 557 559 561 562 565 566 567 583 592 595 611 614 615 625 629 640 642 667 668 686 693 697 702 705 708 719 722 727 738 761 766 771 779 780 782 790 792 797 800 801 805 810 812 817 824 847 851 854 867 874 878 881 891 895 899 900 901 908 914 923 927 930 932 933 938 947 960 967 971 972 976 981 983 985 992 994 995 999 1002 1011 1016 1017 
211: 2 3 6 23 25 27 31 35 36 40 44 56 73 78 84 98 101 103 110 116 121 134 137 141 147 155 160 161 164 183 194 198 202 207 210 214 215 219 220 225 234 245 253 260 262 265 267 269 271 275 280 284 287 289 290 291 301 303 304 305 314 316 322 323 326 327 335 341 349 352 357 362 365 374 375 378 381 386 388 398 400 405 406 407 408 412 425 431 432 436 440 451 462 465 482 485 504 507 508 514 515 520 529 532 536 540 544 555 557 562 569 571 575 585 601 610 612 617 626 629 636 637 640 641 643 644 646 656 665 668 669 673 678 682 683 686 687 696 697 699 700 704 705 707 709 710 712 716 720 724 725 736 737 738 752 753 754 755 756 760 762 764 782 785 804 807 808 814 815 820 822 831 840 841 851 855 858 864 866 871 872 873 894 895 902 906 909 912 915 916 925 927 928 929 930 935 938 943 951 952 953 968 970 972 979 980 981 982 1002 1003 1016 
190: 1 2 8 19 20 27 29 38 40 41 51 57 59 64 70 72 77 91 92 94 106 108 112 122 123 133 136 140 141 144 146 149 156 168 169 177 183 184 189 205 213 216 225 231 237 238 240 241 244 250 252 255 257 261 270 281 287 297 299 301 302 310 314 316 326 329 331 333 336 346 348 349 350 352 354 361 369 371 376 378 391 395 397 400 402 408 410 415 422 434 439 440 452 456 463 469 470 473 477 485 490 502 508 509 520 521 525 530 539 546 554 559 562 569 574 577 578 591 604 608 618 621 622 632 639 644 646 653 654 658 662 671 672 673 676 680 683 692 698 705 707 712 717 725 726 731 732 751 752 753 755 764 768 772 779 785 791 808 817 819 825 846 856 870 882 886 888 898 904 907 914 930 937 939 941 942 945 948 950 951 955 956 965 975 981 988 990 991 1010 1019 
189: 1 5 20 31 44 55 68 70 71 74 78 80 81 95 96 98 100 106 114 116 126 129 134 135 147 156 158 160 162 170 176 188 189 191 195 202 206 211 219 221 227 233 248 252 253 254 259 260 261 266 267 271 273 274 275 280 281 287 291 294 295 296 299 301 310 312 313 315 332 339 342 351 358 363 369 371 375 384 391 406 418 421 423 428 429 432 439 440 442 445 466 467 479 480 486 490 495 497 499 505 507 510 517 526 530 531 534 541 550 558 559 561 562 565 579 582 583 586 600 605 609 614 633 635 640 647 658 664 666 667 670 672 673 680 682 684 692 693 694 701 703 710 719 724 727 750 755 783 805 808 810 814 823 824 825 831 832 837 846 854 859 862 864 872 875 876 879 892 897 902 906 909 921 926 928 937 939 949 953 960 961 972 975 983 984 991 992 1006 1014 
210: 1 3 4 9 25 29 32 35 39 45 46 47 48 50 57 65 78 103 111 113 116 117 126 133 135 137 139 140 145 150 159 161 171 173 174 175 177 181 201 205 208 212 217 221 225 234 236 245 256 259 261 269 273 295 297 308 319 323 326 328 340 346 360 362 366 367 369 370 372 381 384 387 390 399 402 403 405 412 415 428 429 430 431 432 442 446 448 451 456 457 459 463 464 466 468 469 474 476 482 483 491 492 497 503 507 513 519 520 531 549 556 558 561 566 571 577 578 579 582 584 596 604 605 606 612 613 620 621 624 633 640 641 655 661 663 669 679 682 684 686 693 704 709 710 712 727 731 735 739 743 745 746 748 750 755 764 776 778 782 792 795 799 803 807 809 811 814 816 820 821 822 823 826 842 850 851 856 858 864 865 868 870 871 874 875 879 881 887 896 899 900 901 905 910 913 916 927 940 954 960 961 962 964 969 982 984 1010 1016 1020 1021 
181: 6 7 9 23 28 29 36 38 46 54 56 58 71 99 110 122 126 135 137 146 150 151 154 159 165 168 172 180 184 187 188 191 195 199 200 201 203 211 213 214 228 232 237 240 245 251 267 272 281 299 307 309 310 313 315 316 319 323 350 364 372 373 376 395 396 398 411 418 434 435 437 439 446 454 460 465 472 474 478 480 485 486 487 492 495 498 503 505 522 541 544 548 569 570 571 574 577 581 585 593 595 597 598 603 604 610 622 630 638 643 645 646 654 655 661 673 674 682 683 685 705 710 720 724 739 741 747 749 751 757 764 767 770 771 775 777 781 789 792 807 810 814 816 818 819 826 829 835 840 855 868 871 872 877 881 887 889 891 893 896 898 902 913 924 931 934 940 950 951 953 956 978 980 982 983 988 993 1001 1005 1010 1014 
196: 2 3 4 6 7 15 16 22 24 25 26 45 67 77 80 85 88 94 101 104 111 112 114 117 121 124 127 128 129 135 137 138 140 142 143 161 162 163 165 166 171 173 179 188 200 206 207 218 219 221 228 232 236 243 245 250 253 255 264 268 269 272 275 280 286 292 296 307 309 313 324 325 333 336 339 348 351 354 363 365 366 371 374 389 409 413 416 421 422 427 437 454 457 465 466 469 474 479 484 490 494 499 503 510 511 521 526 528 542 543 567 571 572 575 591 595 610 613 614 618 625 627 630 631 632 637 638 640 648 650 654 659 662 664 666 667 669 670 674 682 692 697 703 707 716 723 725 732 739 740 747 776 777 783 784 785 788 789 792 799 808 809 810 814 826 827 830 835 838 843 844 854 857 868 875 893 894 901 906 908 910 915 916 918 919 936 943 944 948 955 968 969 985 988 1004 1018 
207: 8 10 12 16 28 30 40 43 54 56 61 64 79 80 82 93 102 103 106 107 111 119 123 126 130 133 136 138 145 150 151 156 159 160 163 165 173 174 185 186 190 194 202 205 215 228 234 237 239 243 250 252 255 290 295 296 302 303 305 313 314 318 324 336 337 339 347 350 354 355 360 363 369 370 376 380 384 389 392 394 402 403 409 416 424 434 445 448 449 450 454 460 464 465 469 470 473 476 482 483 486 488 491 494 505 507 512 513 516 521 528 531 533 543 545 548 553 558 560 568 571 577 579 584 592 601 605 612 619 631 633 646 657 658 659 662 674 679 694 697 700 701 704 705 716 720 722 725 730 735 737 739 742 762 768 774 780 781 785 789 791 792 794 797 809 814 817 820 832 835 837 848 855 859 860 863 865 876 877 879 881 884 888 905 910 918 920 921 924 931 934 946 957 958 963 970 972 974 985 987 990 991 995 998 1001 1009 1010 
201: 1 3 6 9 10 13 21 24 28 33 37 47 49 58 61 63 65 81 86 87 93 107 110 120 123 125 132 138 140 153 159 165 171 174 175 178 179 180 181 186 187 188 200 207 211 215 221 228 229 237 238 248 251 252 266 278 285 286 287 316 318 327 329 334 336 342 358 369 377 385 390 393 395 399 403 404 405 411 418 428 429 433 437 444 446 449 458 464 467 481 485 486 487 489 496 497 498 500 502 506 507 513 515 516 519 522 555 557 558 560 561 568 577 582 584 595 603 606 607 608 614 635 640 648 650 656 661 669 672 675 679 681 684 686 697 699 706 707 708 717 718 731 733 737 738 742 749 759 766 769 777 789 793 797 801 810 811 819 822 833 834 837 848 853 855 862 865 867 880 893 896 897 899 900 906 907 913 914 916 917 925 927 949 953 954 955 962 963 964 966 973 981 984 990 992 994 996 999 1002 1005 1019 
187: 1 3 6 8 10 13 22 25 35 41 45 53 58 66 67 69 75 78 80 82 83 96 107 109 112 117 141 142 149 152 153 154 178 192 200 201 216 217 228 234 236 241 251 256 260 265 267 272 274 280 281 283 284 287 289 295 296 298 304 306 311 315 319 323 327 329 330 332 333 340 342 349 365 370 382 384 385 386 388 389 396 398 399 400 405 416 435 439 443 446 449 456 462 465 471 480 481 491 508 516 518 524 525 526 527 528 536 540 556 566 567 573 582 600 603 613 621 622 626 633 641 642 644 649 654 655 656 658 660 668 681 685 687 690 702 704 705 715 718 730 731 736 737 741 778 786 796 797 799 800 809 811 816 823 838 847 858 863 864 870 873 888 904 906 909 910 917 920 935 937 943 945 961 964 966 967 970 977 983 990 996 997 1000 1004 1011 1016 1018 
195: 0 4 10 11 15 20 26 28 30 31 34 47 52 56 66 76 77 84 96 101 103 108 112 114 123 126 127 131 132 142 143 155 157 160 176 180 189 203 204 207 225 226 228 229 241 246 250 255 262 267 269 270 274 276 280 290 291 293 294 296 299 305 308 313 315 323 332 337 340 347 348 349 361 362 364 376 377 378 394 396 404 422 432 433 441 443 452 461 462 464 467 470 471 473 478 488 490 499 514 520 522 538 540 542 548 556 559 565 566 567 581 583 596 606 608 615 618 622 626 627 628 635 645 649 654 658 661 663 670 671 675 684 693 697 699 703 705 708 709 717 724 725 743 744 749 754 757 758 772 780 786 788 793 794 797 802 808 812 815 820 829 834 836 845 847 851 861 866 871 876 879 884 885 890 892 897 916 917 919 925 937 939 958 961 971 972 973 986 989 992 995 997 1003 1015 1018 
213: 10 13 14 18 22 23 33 52 55 59 61 67 68 71 86 89 95 100 101 105 107 114 128 130 133 141 150 154 161 168 176 177 179 184 187 192 202 204 211 215 216 232 236 237 238 239 249 261 265 266 274 275 281 286 291 294 298 299 300 305 308 314 315 320 329 331 333 334 338 341 347 348 350 351 354 356 357 359 360 361 364 377 378 390 391 393 398 406 410 418 420 427 429 431 440 447 468 471 473 478 485 489 490 496 513 519 524 531 532 534 536 537 539 546 556 561 563 564 565 566 569 587 588 600 603 609 614 616 620 627 630 631 632 643 644 657 659 662 671 681 695 700 705 713 715 717 723 726 731 732 751 752 760 768 780 783 784 787 788 793 800 802 804 806 807 808 814 817 830 837 840 843 845 846 848 850 851 859 861 864 865 866 870 873 890 893 899 910 913 914 923 926 927 929 930 933 938 942 943 944 946 947 951 952 958 959 962 979 991 992 1001 1006 1010 
209: 1 3 4 10 14 19 25 27 37 38 42 43 44 46 50 52 56 61 70 71 82 89 91 93 101 118 119 129 130 146 158 164 167 178 186 188 189 190 194 202 203 208 209 224 225 229 232 234 238 242 246 252 255 258 262 267 268 272 273 287 288 293 296 300 302 308 315 318 328 329 330 331 333 336 339 341 351 359 366 373 374 383 387 393 400 405 411 416 428 437 444 449 453 458 462 463 464 467 468 470 471 487 488 511 513 517 528 533 536 539 540 543 547 549 551 552 562 569 572 577 580 584 587 596 611 617 629 630 632 646 653 662 664 670 671 677 683 685 699 700 714 721 725 726 728 742 743 744 748 750 754 756 757 764 778 787 789 803 813 815 819 820 830 837 840 843 855 867 868 869 872 877 881 889 891 893 896 897 899 905 909 910 911 913 917 920 927 931 936 937 940 948 950 953 958 963 967 970 978 979 984 989 990 991 992 1006 1010 1017 1018 
196: 2 7 10 19 21 23 28 34 41 50 58 62 69 76 91 109 113 114 116 127 129 132 138 141 144 147 152 155 158 165 176 181 183 188 193 194 197 202 208 210 218 231 239 240 244 245 246 255 258 259 267 270 274 275 281 283 297 302 303 305 316 317 322 325 326 333 338 341 348 354 358 360 362 369 376 378 379 384 388 399 401 408 414 420 431 434 435 443 445 451 456 457 458 467 470 473 480 486 494 497 499 504 519 527 529 534 548 561 562 568 575 580 589 590 593 612 613 619 620 622 637 641 651 653 656 670 677 687 688 690 694 695 699 701 704 706 707 709 716 718 720 724 728 736 738 742 743 747 748 758 776 780 785 793 817 820 822 827 831 834 837 839 841 842 847 852 853 857 861 863 866 868 881 884 894 895 898 900 905 908 915 924 928 936 939 958 961 968 971 979 981 985 986 990 1007 1009 
191: 6 8 9 23 25 27 35 42 43 49 50 51 57 60 61 62 69 86 88 92 95 104 106 111 117 124 131 138 150 159 163 164 172 176 180 181 182 186 187 192 195 201 219 223 229 235 236 242 244 249 257 267 271 280 282 286 287 292 298 309 314 329 332 337 340 348 349 358 368 369 378 393 396 399 403 405 413 422 449 453 472 475 483 484 498 500 502 513 514 515 521 523 530 533 534 535 538 539 549 551 555 556 557 565 568 579 581 586 589 596 599 609 612 619 623 632 636 643 651 653 654 663 667 669 670 671 673 680 682 696 697 700 715 720 721 730 736 738 741 745 747 748 754 755 771 774 777 778 794 812 820 824 836 838 842 847 848 849 850 861 862 863 866 870 878 881 884 893 903 910 918 919 928 931 933 934 937 938 940 951 958 962 965 975 980 983 985 1007 1016 1018 1020 
210: 0 1 2 12 23 29 38 40 41 42 43 46 47 53 56 57 63 67 86 91 97 98 102 104 108 109 117 120 123 127 138 139 143 159 170 177 179 185 187 190 196 199 209 217 218 232 236 237 251 252 262 266 270 271 275 280 282 292 298 299 300 301 305 310 317 318 326 331 332 345 362 365 366 373 377 378 381 391 393 395 396 404 406 416 422 430 440 441 443 445 449 451 454 459 471 482 486 489 491 501 503 522 525 526 530 537 542 547 548 552 554 555 562 567 569 570 571 572 577 584 593 617 620 627 629 639 644 646 651 653 654 659 660 663 674 677 680 686 687 691 692 693 697 710 712 716 731 734 738 740 743 744 751 752 754 755 757 759 760 762 763 765 771 773 777 793 796 803 808 809 812 815 817 828 837 840 841 850 860 863 867 871 872 879 886 887 894 895 907 915 917 924 931 933 935 942 944 952 968 974 980 984 985 991 1000 1001 1002 1003 1007 1016 
196: 2 9 10 11 14 15 18 19 25 33 43 71 76 110 111 117 122 123 134 139 148 159 160 163 168 175 183 188 189 203 204 205 208 210 217 222 227 249 254 259 261 262 269 272 277 280 283 285 300 308 315 318 324 326 333 334 335 336 339 350 355 366 371 379 380 402 403 409 412 413 414 423 427 432 434 436 444 447 460 462 474 476 482 485 486 487 504 506 509 517 521 534 542 543 549 550 551 555 562 564 569 571 573 579 581 588 589 591 592 595 600 601 607 610 612 616 627 628 631 632 651 652 657 659 663 666 667 672 676 681 686 690 691 696 707 712 721 727 736 737 743 746 753 754 756 757 761 766 774 775 776 806 810 814 816 817 828 829 834 841 844 847 848 856 857 858 862 863 866 872 889 900 906 916 924 926 929 933 934 935 955 958 972 977 982 988 991 992 997 1000 1007 1009 1011 1014 1015 1018 
209: 0 1 10 16 26 28 34 45 46 48 50 51 53 55 61 66 80 81 86 91 96 101 102 116 119 123 128 130 131 135 141 146 147 148 149 150 154 163 164 170 173 177 178 182 184 185 192 193 194 195 197 200 201 206 209 210 212 226 228 243 245 251 252 253 254 265 271 277 288 291 292 295 301 307 310 315 321 326 327 333 338 340 346 351 353 355 365 370 374 379 381 386 396 402 403 405 408 414 420 438 442 456 458 468 469 471 473 475 483 484 494 505 513 520 524 534 538 541 545 549 551 559 560 562 575 577 578 579 583 585 588 600 603 604 614 619 627 635 646 648 651 661 662 663 665 670 677 700 703 714 733 738 744 757 758 759 763 764 765 770 775 779 783 786 787 789 791 795 796 806 807 813 823 826 835 836 841 842 843 846 847 857 866 869 871 873 889 896 898 903 907 911 913 914 921 939 942 946 950 951 957 959 967 968 974 975 1001 1005 1012 
201: 2 7 11 13 19 21 23 30 35 38 40 44 46 81 87 89 90 94 106 111 117 122 125 127 128 129 134 136 149 151 152 160 163 164 165 169 170 178 181 183 186 190 199 200 203 205 213 225 227 235 243 250 260 271 277 287 291 294 296 297 301 304 309 323 336 345 346 350 351 356 361 362 364 370 376 382 384 386 390 393 401 410 415 423 424 427 433 440 444 450 459 460 464 465 474 476 494 498 499 500 513 516 523 524 526 527 530 544 546 548 554 556 564 574 575 576 579 581 586 588 593 594 595 596 601 607 612 613 621 626 631 632 638 642 653 655 667 674 681 685 693 700 701 705 712 713 715 718 719 723 730 732 738 747 748 759 760 768 773 775 780 781 797 806 808 827 848 850 853 856 861 869 874 877 886 893 898 906 907 911 916 937 938 940 941 950 954 960 963 971 977 991 992 995 999 1001 1004 1015 1016 1019 1021 
222: 3 4 12 13 16 33 34 42 45 47 58 59 90 92 104 107 109 111 121 123 127 128 131 135 136 140 146 148 151 153 154 159 161 166 173 180 186 187 190 214 220 223 231 232 237 242 253 255 256 257 289 290 294 295 297 304 314 322 329 330 333 341 347 352 355 359 365 369 371 382 386 388 394 396 401 404 405 412 415 424 432 433 435 443 444 447 450 453 457 458 465 466 479 483 484 487 491 503 510 513 516 526 534 535 538 542 545 548 551 554 564 567 577 581 584 593 594 595 602 603 605 606 608 623 625 627 628 631 633 634 636 638 639 646 649 655 656 658 663 664 665 668 671 672 676 679 685 689 693 694 697 699 702 703 705 707 709 710 715 730 731 734 735 740 743 746 753 758 759 763 773 774 777 783 792 793 794 796 802 804 806 807 817 820 823 824 830 837 851 854 860 866 873 879 880 889 890 891 893 895 910 919 921 923 930 936 939 949 965 969 971 977 979 982 986 988 991 1007 1008 1013 1015 1018 
206: 18 21 29 30 31 33 36 40 41 46 51 52 55 56 61 65 87 88 89 90 96 97 113 121 131 134 139 144 156 164 165 167 168 174 186 198 204 208 216 227 229 232 234 240 243 245 251 253 256 257 258 259 260 263 266 267 272 279 280 281 285 292 293 294 304 306 317 332 340 342 344 348 349 352 353 356 357 358 362 375 387 390 398 400 409 413 414 417 420 422 424 441 443 448 453 455 458 460 474 475 480 488 496 497 498 499 505 515 517 535 549 552 553 571 575 577 580 610 612 614 623 629 636 641 647 649 651 659 660 668 676 678 681 684 691 701 703 708 724 734 737 738 744 750 752 765 766 770 781 782 784 793 794 801 812 816 817 819 822 825 828 831 833 836 839 846 853 867 871 877 880 889 891 894 895 897 899 901 903 904 907 918 919 926 931 932 933 939 942 944 946 948 951 952 955 969 978 982 986 991 997 1005 1007 1011 1013 1015 
210: 0 5 8 33 37 42 49 60 62 67 68 71 78 80 90 91 101 117 133 147 154 157 158 163 171 172 184 188 193 201 205 212 215 216 217 231 234 251 258 265 274 275 280 283 288 297 308 312 318 320 321 330 339 342 343 344 348 350 356 362 368 378 379 383 384 388 392 405 407 411 421 428 430 433 436 437 439 440 442 443 447 448 457 461 473 476 479 480 481 482 485 489 491 497 501 508 509 517 518 522 523 524 525 527 529 532 534 542 544 545 551 554 558 561 598 600 601 604 605 610 611 612 622 625 632 642 645 650 656 665 668 678 681 682 685 702 706 707 711 713 715 726 728 735 744 754 757 759 762 763 765 768 773 775 782 783 795 796 798 799 801 804 807 808 811 820 829 835 840 842 851 855 856 864 868 881 885 888 894 898 903 909 911 916 918 925 928 929 931 936 939 942 953 954 956 958 969 976 979 982 983 988 994 1000 1001 1007 1011 1015 1016 1018 
189: 0 4 8 11 22 31 34 41 49 58 61 63 66 67 68 75 78 79 80 83 84 85 88 94 96 99 108 122 127 132 133 135 136 138 157 160 190 197 200 202 204 216 223 226 234 240 249 258 259 260 261 263 270 274 280 282 284 293 306 317 331 338 339 345 357 365 379 384 391 392 400 401 403 412 414 416 420 424 426 427 429 434 438 439 440 441 443 445 446 447 452 455 461 474 475 476 479 482 483 484 487 488 493 501 504 507 513 517 518 524 525 563 574 575 578 581 582 585 600 604 605 614 626 628 638 642 644 647 654 664 666 668 673 677 691 694 700 704 706 707 714 722 723 724 726 734 745 746 754 756 770 772 775 778 784 786 791 796 819 824 834 845 853 855 859 868 869 871 878 896 911 913 915 933 941 943 944 946 950 956 962 981 985 986 990 999 1002 1003 1005 
219: 0 7 28 31 33 35 36 39 42 49 51 62 69 72 74 80 87 88 93 105 111 113 114 116 122 123 127 129 137 139 140 146 147 153 159 161 177 184 186 194 196 197 198 199 210 216 221 233 234 250 271 274 276 279 280 282 283 293 295 302 305 306 308 312 313 314 315 319 323 327 331 334 341 352 354 360 361 371 377 379 384 388 394 395 398 405 406 417 418 428 439 440 444 445 446 466 470 474 480 481 484 485 487 494 498 499 500 503 507 511 518 521 539 542 543 546 548 549 552 554 555 563 566 569 577 580 588 590 599 606 616 620 625 631 633 636 641 642 644 651 661 662 669 671 680 681 683 690 694 695 704 705 710 713 716 720 722 724 729 730 731 740 747 750 755 759 762 765 766 774 780 783 793 797 806 808 812 813 815 819 821 825 838 839 844 851 855 856 861 862 863 868 875 876 886 889 891 895 900 904 910 912 921 928 931 942 949 959 964 982 983 1003 1004 1005 1013 1014 1015 1017 1020 
210: 9 19 20 21 41 46 51 53 54 60 61 79 82 90 91 95 98 99 109 114 122 131 133 134 137 138 139 145 151 155 159 166 170 173 174 187 197 203 216 223 224 225 227 242 250 253 261 264 267 271 277 279 280 283 285 291 296 301 303 306 310 316 321 327 332 340 345 352 361 362 365 367 376 382 383 384 389 402 403 406 413 414 417 421 427 431 438 445 446 457 460 463 466 468 475 485 486 489 490 492 498 501 502 506 514 518 538 548 551 552 554 558 566 583 584 585 600 601 602 605 609 617 630 631 633 637 641 648 649 651 654 655 661 662 664 665 670 686 689 691 699 704 709 710 715 724 731 736 738 739 741 744 746 770 777 779 780 783 786 797 799 804 805 806 812 816 821 843 845 853 858 860 864 871 875 880 883 890 898 900 907 909 911 915 918 919 929 936 941 942 952 954 972 979 983 986 987 989 992 995 996 998 999 1000 1001 1004 1009 1013 1017 1019 
211: 3 9 11 16 25 31 32 41 45 50 51 60 63 68 69 90 92 95 102 105 112 122 142 146 163 164 169 173 176 178 184 187 189 190 196 198 199 210 222 223 225 228 246 255 260 265 266 267 273 304 305 311 317 318 319 320 325 330 331 332 334 336 341 348 353 354 357 360 362 364 366 369 370 372 385 387 402 403 405 406 407 411 413 415 416 417 419 422 424 427 433 434 437 440 442 445 452 455 462 475 485 488 491 510 511 519 520 523 525 526 549 553 564 565 566 571 577 578 580 588 591 592 594 596 598 600 601 602 608 610 622 624 630 640 642 648 664 667 670 676 682 695 698 705 707 714 723 728 729 735 747 749 752 759 760 767 769 770 773 782 786 787 793 806 812 815 819 834 843 845 846 850 851 859 863 864 874 876 877 882 888 889 891 895 896 897 903 904 907 908 913 918 925 927 931 944 949 953 957 963 964 978 986 992 993 997 1003 1004 1012 1018 1021 
202: 13 16 19 22 25 28 30 45 51 55 58 59 60 70 76 92 93 94 102 104 110 113 120 122 129 132 133 134 137 146 154 160 161 183 184 185 186 188 189 197 198 199 213 230 235 254 265 271 289 295 296 298 301 311 312 314 316 335 339 345 351 353 361 362 365 367 368 369 390 401 403 405 411 412 413 415 417 434 439 441 454 456 460 463 469 473 479 483 486 493 496 501 511 514 515 516 518 527 533 535 536 539 544 547 553 557 558 570 572 576 585 588 594 600 601 603 604 613 621 623 626 631 666 672 678 679 686 687 688 691 711 712 718 723 729 732 737 738 743 753 754 755 758 760 771 774 785 787 788 792 796 799 805 812 814 819 821 830 831 832 837 840 841 844 851 856 871 878 887 889 890 895 900 901 903 904 906 910 912 922 924 932 934 938 945 947 948 953 963 964 965 970 973 981 988 992 995 1000 1003 1005 1020 1021 
203: 8 10 12 14 17 19 20 23 29 31 35 40 45 53 59 60 64 65 66 72 74 79 92 97 113 115 123 130 132 133 137 138 145 148 160 165 177 180 188 192 195 199 215 217 221 223 227 231 241 248 254 259 266 269 271 275 278 287 288 290 292 294 295 308 310 311 313 316 323 329 330 337 345 352 355 358 366 371 377 380 381 384 392 396 403 405 410 434 435 436 443 445 447 450 462 467 470 482 500 505 527 531 535 540 549 550 554 565 568 570 576 577 582 583 587 592 594 600 602 603 613 620 628 637 638 643 644 647 653 657 662 666 674 693 705 717 718 725 726 730 735 741 743 746 748 753 758 766 770 771 772 777 778 783 790 792 801 806 808 809 814 819 838 840 847 850 853 857 860 861 870 871 880 881 883 885 889 890 891 895 898 899 903 904 907 917 920 921 927 930 937 942 955 967 971 986 991 994 996 1005 1010 1011 1012 
216: 5 8 12 13 16 27 28 30 41 49 51 53 57 58 62 64 65 67 75 77 78 87 88 93 96 109 111 115 117 120 127 133 138 144 145 148 154 163 171 172 177 179 191 193 201 204 205 214 219 228 229 233 238 240 249 254 255 256 257 264 266 270 273 277 278 282 286 288 297 304 306 317 319 323 325 326 327 328 334 345 358 370 386 391 392 393 394 395 397 402 409 416 421 427 431 437 443 450 453 455 461 463 468 470 499 503 504 505 516 521 522 526 530 540 556 560 562 565 569 578 585 590 591 594 600 602 605 607 614 615 619 623 632 637 645 652 655 657 658 661 663 667 668 671 673 677 679 691 700 708 710 712 713 721 722 727 735 738 743 749 752 755 762 764 770 775 779 781 783 787 789 790 791 795 796 808 810 811 814 817 826 841 856 860 867 870 875 884 892 895 904 913 915 924 925 928 929 931 936 937 944 946 947 948 955 964 973 979 983 984 992 994 1010 1011 1019 1020 
217: 0 7 10 17 22 23 26 31 32 50 52 53 55 65 66 73 74 79 82 90 96 103 106 108 111 113 116 121 125 129 130 132 136 138 142 147 162 166 176 179 186 188 191 194 197 201 204 205 214 215 229 238 241 244 249 253 255 263 264 265 268 272 275 285 293 297 298 302 306 315 321 324 328 337 341 344 352 354 356 365 368 369 379 384 395 407 408 411 413 419 422 426 433 435 440 442 444 448 451 456 458 460 469 471 475 481 485 490 498 501 513 517 521 527 534 540 548 549 552 556 558 559 562 569 572 580 584 590 596 597 600 601 604 610 612 614 615 624 632 636 641 645 649 654 659 678 679 680 693 694 697 709 717 718 723 728 731 732 740 753 757 759 760 766 767 779 783 785 787 794 795 797 803 804 814 816 817 820 824 838 839 842 846 853 854 859 860 866 868 872 875 882 884 888 894 900 903 911 913 925 932 933 940 942 945 951 952 954 957 968 971 987 994 995 996 998 1002 
206: 13 14 15 17 21 22 36 39 43 49 67 68 74 79 83 87 88 93 98 99 101 102 104 109 110 113 114 115 116 119 125 137 147 148 151 152 158 178 190 196 198 199 206 219 224 244 254 255 257 269 272 273 277 278 281 284 291 292 293 300 306 309 311 323 329 332 339 340 344 348 350 357 358 361 362 364 365 370 375 385 387 392 400 401 405 406 408 412 423 424 432 438 439 444 445 446 447 449 455 464 465 469 472 481 482 483 484 503 505 519 523 527 532 540 549 552 554 555 560 561 577 581 584 594 600 612 614 619 622 640 641 643 644 645 646 649 650 666 675 676 678 687 695 701 708 715 716 722 729 736 747 748 754 755 758 760 767 772 774 775 783 785 791 802 803 806 831 835 840 853 859 867 873 876 878 881 883 885 898 901 902 904 919 929 930 933 935 940 941 945 950 957 970 986 988 990 992 995 998 999 1004 1010 1011 1013 1014 1017 
223: 0 4 8 21 28 30 32 41 43 47 57 60 64 68 69 71 72 75 81 84 88 89 90 102 104 106 110 113 115 118 128 135 139 145 149 151 156 157 158 160 163 165 166 167 169 173 177 183 185 193 196 200 209 211 213 219 221 226 228 229 230 231 233 238 243 244 250 251 252 260 261 272 275 278 284 291 302 303 307 310 315 321 335 337 343 357 364 365 375 386 401 404 405 413 414 415 416 420 421 427 428 430 440 446 447 449 460 468 473 476 483 486 487 510 512 513 515 521 536 545 552 555 556 561 562 564 567 576 579 590 598 606 610 611 622 625 628 629 630 637 641 647 652 660 661 664 666 677 682 689 690 698 699 700 705 711 713 714 715 716 717 722 723 736 738 744 747 748 761 765 769 779 787 789 791 797 803 814 816 820 824 831 839 840 843 845 848 849 852 853 858 861 863 893 896 899 901 902 905 906 907 910 911 921 924 927 935 936 942 948 950 951 954 963 965 972 976 981 990 995 1005 1007 1012 
225: 8 12 15 18 19 24 28 29 35 40 45 65 66 68 70 82 88 90 97 102 106 118 120 121 125 127 129 132 133 139 140 146 155 162 172 178 184 197 199 202 211 218 219 225 230 233 234 237 253 259 264 270 284 295 296 297 299 304 306 307 308 314 323 327 330 344 350 352 358 361 365 367 381 384 392 400 403 408 409 413 414 420 435 438 443 446 453 461 465 469 472 478 487 490 491 493 501 502 514 517 519 529 532 536 537 546 547 553 554 573 574 578 579 581 584 587 588 595 596 597 598 605 606 609 618 620 623 624 645 646 648 649 650 652 653 657 659 668 670 685 687 696 698 703 705 712 718 719 722 726 731 736 737 739 745 754 764 769 773 775 778 779 782 788 789 790 793 794 795 797 799 804 806 807 814 815 817 822 827 829 832 835 837 846 851 852 862 870 871 880 885 889 891 892 893 895 897 900 904 909 917 920 923 928 935 938 939 942 952 965 971 976 977 982 984 985 986 990 993 996 1001 1003 1010 1013 1016 
201: 1 2 6 13 18 21 28 32 35 40 42 45 63 64 71 80 87 91 98 100 101 104 109 112 119 120 125 141 144 153 154 158 167 172 173 178 180 181 182 183 186 193 199 207 208 210 227 228 234 245 247 256 263 264 265 268 271 272 286 297 298 300 305 307 308 312 321 335 336 342 347 354 358 363 368 371 373 376 389 397 406 413 428 436 450 451 461 463 467 469 483 485 490 498 501 504 506 509 511 514 515 527 529 532 535 538 541 547 552 553 560 570 575 577 598 602 628 629 647 656 671 675 676 680 685 687 700 705 714 726 735 739 741 747 751 756 763 768 769 775 779 785 800 801 802 810 813 820 825 831 836 841 854 855 858 859 869 894 902 904 908 912 914 918 922 924 928 929 930 933 938 939 945 949 950 951 953 955 959 962 963 964 965 966 967 969 983 986 987 989 994 997 999 1002 1004 1009 1010 1011 1013 1014 1020 
202: 4 6 7 9 10 15 16 18 23 24 25 32 34 63 64 66 74 75 81 95 97 108 111 119 121 124 127 128 137 140 143 148 153 157 161 167 169 172 178 179 205 223 225 226 231 232 233 238 241 263 264 266 269 271 273 274 276 286 288 292 317 321 324 326 332 346 352 353 359 363 367 373 374 378 382 386 391 392 393 396 405 408 414 416 425 427 433 440 441 448 449 453 463 467 468 470 478 479 493 505 506 514 516 517 524 539 540 549 552 558 559 568 580 581 583 584 597 605 606 609 611 614 617 618 630 632 646 652 689 690 695 706 708 712 715 718 720 722 725 727 729 732 743 745 746 748 749 750 762 763 764 766 773 779 783 789 790 792 799 801 804 817 822 824 833 835 838 847 864 868 870 871 876 877 879 880 903 906 910 913 917 929 932 937 945 950 952 961 965 972 975 977 982 984 987 993 994 1005 1006 1007 1011 1016 
205: 0 4 18 22 23 27 29 30 31 42 45 46 47 48 51 54 60 62 68 72 79 80 95 105 108 117 119 121 122 126 130 136 138 145 162 164 173 175 189 190 198 204 211 218 219 225 231 238 239 243 244 254 266 267 272 279 281 286 288 289 292 306 307 311 312 315 321 323 326 329 347 349 353 357 364 376 378 380 384 389 392 398 401 402 404 405 412 417 422 432 441 442 443 446 448 450 451 456 458 459 473 482 484 487 498 499 517 519 523 524 526 527 531 534 540 541 546 563 564 574 575 577 584 590 602 610 615 624 627 628 639 640 649 655 664 665 668 673 677 680 683 693 701 704 705 708 710 714 717 720 722 724 725 735 747 750 755 772 773 780 781 790 791 795 796 802 811 814 820 830 840 845 850 853 863 864 874 876 877 885 910 916 923 926 936 938 949 951 959 962 969 970 979 982 985 987 988 992 1001 1003 1012 1014 1015 1017 1021 
202: 1 3 5 7 10 21 26 34 36 59 61 64 67 83 89 94 103 108 109 117 122 124 125 131 147 151 152 153 158 162 168 173 175 178 181 182 183 187 192 195 202 211 213 215 224 226 231 236 239 240 244 259 274 283 288 290 299 300 302 306 309 322 327 329 333 336 337 340 343 347 353 355 356 363 366 375 377 378 382 390 392 393 398 412 421 434 437 445 448 465 466 476 477 478 479 486 487 490 497 502 509 511 513 520 527 529 534 535 549 561 564 567 570 576 578 591 602 610 612 619 623 624 626 630 632 641 647 656 661 664 666 673 674 675 684 695 696 703 709 710 724 732 741 742 744 745 752 755 765 766 769 774 779 780 781 785 787 813 823 824 828 835 842 844 859 867 870 872 875 882 886 888 897 904 908 911 912 914 915 922 925 929 938 939 950 964 965 966 967 972 973 979 986 994 996 1003 1004 1007 1008 1010 1011 1012 
228: 2 4 9 12 23 24 31 35 36 37 40 45 46 47 63 64 71 73 80 85 86 87 95 97 100 104 108 113 116 117 118 129 130 135 138 148 173 177 182 184 188 189 210 213 214 219 237 241 242 255 256 260 263 264 269 272 280 293 301 304 305 306 307 308 312 313 319 320 326 327 332 333 349 354 358 359 365 370 372 380 384 386 388 389 400 405 406 407 412 417 419 421 424 425 426 429 437 451 453 458 465 467 471 473 474 477 478 498 512 517 521 526 529 538 543 547 553 561 567 572 573 574 577 582 586 587 593 595 596 597 600 601 605 607 612 627 628 638 640 644 646 648 654 661 663 668 674 676 680 684 685 686 698 704 707 708 727 731 735 737 739 742 745 749 756 763 773 774 775 778 779 781 783 785 790 791 796 805 807 808 811 814 822 826 844 846 849 850 852 864 866 867 868 870 873 876 878 879 883 887 888 889 892 897 899 905 909 915 926 928 931 932 933 934 939 943 945 955 971 972 993 1000 1002 1005 1010 1011 1012 1013 
188: 2 4 5 9 11 15 20 36 37 42 45 48 56 62 73 79 87 94 95 100 102 112 135 147 161 162 164 165 169 170 172 178 181 182 183 217 218 220 222 229 253 261 279 292 296 300 306 310 313 314 316 325 326 329 337 340 347 349 351 356 358 372 374 380 387 396 398 401 406 407 410 411 421 423 424 428 431 432 437 448 449 453 454 455 463 465 467 469 470 471 476 483 487 493 495 500 502 507 515 520 521 530 534 538 544 545 546 558 559 563 569 571 574 575 579 582 586 589 591 594 598 616 622 625 636 647 667 670 673 676 680 692 696 705 714 721 725 726 728 730 734 740 741 753 764 771 776 778 784 792 798 804 806 808 809 816 823 826 833 836 842 851 859 861 863 870 873 880 888 893 904 906 944 945 951 957 960 961 969 977 981 983 985 987 988 995 1015 1020 
219: 2 5 7 12 13 15 27 28 35 44 49 50 54 56 63 65 70 72 76 86 90 95 99 114 120 122 123 134 138 144 145 163 167 171 176 185 192 200 201 206 208 209 210 215 217 221 227 228 234 235 244 246 252 254 256 262 263 269 273 276 281 284 287 308 310 311 321 325 331 335 342 349 350 364 386 394 395 397 398 400 406 410 415 416 420 424 425 430 435 439 440 441 444 450 458 466 468 471 473 476 481 483 490 495 503 505 511 517 521 527 529 534 536 537 541 542 547 553 555 556 558 560 561 565 566 570 579 583 587 593 596 598 599 601 603 607 608 610 612 616 625 634 639 640 644 645 646 649 652 659 661 663 666 667 670 672 688 693 695 701 702 713 717 718 727 743 747 752 766 773 776 778 780 788 790 796 801 804 820 826 833 839 848 851 864 878 893 898 904 909 910 913 917 934 939 941 944 949 951 956 958 959 969 971 972 974 975 976 978 979 985 988 994 999 1000 1002 1014 1017 1020 
205: 6 12 13 16 20 23 31 35 42 44 48 53 60 65 70 73 86 94 98 99 103 104 106 111 112 118 119 132 134 136 140 142 144 156 163 166 168 186 189 190 218 220 228 232 241 251 256 261 263 266 281 283 284 286 297 299 301 307 309 313 319 323 340 370 371 374 379 394 395 398 403 407 411 415 425 427 432 436 437 439 446 454 465 472 484 485 486 488 495 497 498 509 515 517 521 539 540 543 544 548 552 553 555 556 557 573 574 575 576 577 579 580 587 591 595 599 600 603 614 615 621 625 628 640 645 646 659 665 668 676 679 681 684 685 686 689 690 699 701 711 713 714 715 718 723 725 728 741 762 763 770 777 785 786 787 796 799 810 812 814 821 828 839 844 860 861 865 867 869 872 892 896 903 906 907 921 925 926 936 939 945 948 951 952 958 962 963 964 970 974 980 982 984 985 986 989 994 995 1001 1008 1010 1011 1014 1016 1020 
204: 10 12 13 17 18 19 23 26 27 31 42 54 56 60 62 70 82 86 87 89 94 95 99 105 113 118 129 135 141 148 149 150 153 158 162 163 166 175 179 189 199 200 205 214 222 228 229 241 243 255 278 282 284 291 294 313 315 316 334 344 346 354 356 359 362 376 386 389 396 399 404 411 413 414 416 421 422 423 424 426 436 438 442 445 447 449 469 472 477 482 485 495 500 503 533 534 537 541 542 544 554 559 562 573 583 585 588 595 608 616 617 620 622 625 626 629 637 638 645 649 655 659 665 678 682 683 687 688 694 697 698 703 704 705 714 716 717 718 719 722 725 730 733 736 742 749 764 765 767 777 779 781 783 784 789 791 798 800 806 815 820 821 825 830 834 839 847 859 864 867 871 880 882 886 890 896 897 901 905 908 909 916 922 924 927 933 948 949 954 961 963 965 975 978 980 984 988 991 992 997 1002 1006 1008 1010 
202: 5 6 7 14 26 37 38 45 50 55 60 71 72 77 78 82 83 84 89 99 103 106 108 124 128 131 133 136 143 146 149 153 157 160 161 166 168 179 186 187 209 216 230 237 240 243 246 247 250 252 265 268 269 274 276 278 285 286 289 290 294 308 313 324 326 341 348 349 350 351 361 367 368 376 378 380 382 386 395 396 401 403 404 405 410 414 428 434 435 442 446 447 453 461 481 483 485 487 491 492 495 497 503 508 519 528 530 535 537 541 545 546 548 562 565 578 579 596 598 603 607 608 610 612 614 622 625 626 636 637 640 642 645 649 652 659 660 665 671 672 682 684 694 696 701 707 714 718 729 733 739 751 765 767 769 775 778 780 781 790 791 795 805 807 809 810 812 814 820 828 835 846 856 861 862 877 880 882 894 896 897 898 900 901 903 907 909 941 966 968 969 970 982 996 1000 1001 1005 1008 1013 1014 1015 1017 
225: 0 1 2 3 16 23 26 34 35 36 38 42 48 52 53 56 70 76 80 84 90 93 97 101 105 110 118 125 130 135 142 145 149 150 152 155 162 163 168 172 178 180 181 192 194 197 205 210 213 215 216 219 221 227 235 237 238 247 249 251 259 260 267 271 273 279 281 286 288 289 293 299 300 301 311 312 317 318 321 326 328 329 337 340 347 357 362 364 366 371 378 380 381 391 392 400 403 405 406 410 412 414 415 419 429 431 438 439 460 462 464 467 471 473 474 479 483 495 499 502 508 512 532 534 536 538 539 543 544 545 558 569 573 577 578 581 583 586 596 601 609 613 616 621 629 633 635 641 643 645 646 655 656 657 662 665 672 673 682 683 698 700 705 720 730 732 734 735 739 742 743 745 746 750 751 752 754 770 781 782 790 795 799 801 802 806 809 810 813 819 828 833 844 855 861 869 871 873 879 891 892 893 897 898 907 909 910 915 917 925 932 933 946 951 956 958 963 965 978 982 995 1002 1004 1017 1018 
204: 0 3 17 27 29 30 31 35 42 44 46 48 50 54 60 63 64 68 71 95 96 102 105 109 110 119 123 128 130 133 135 136 139 141 143 147 159 160 163 164 178 181 183 187 197 204 206 219 225 226 229 234 237 246 252 271 273 278 281 285 288 289 292 298 308 328 335 338 341 343 350 351 359 360 361 374 375 380 384 386 387 415 420 422 423 426 427 431 442 444 454 461 472 473 476 479 481 497 502 503 509 514 518 519 539 541 546 547 551 553 555 560 566 567 579 584 590 598 601 612 615 617 620 627 630 637 641 643 648 651 656 660 662 669 670 672 676 678 679 680 685 689 691 696 706 708 712 713 737 741 744 745 757 763 764 770 774 775 779 783 794 798 804 807 808 811 812 815 828 830 831 845 846 848 859 860 861 869 875 879 880 888 897 903 908 914 916 920 922 927 932 933 938 939 940 967 974 982 986 994 1010 1014 1015 1020 
205: 3 5 7 8 10 15 19 35 42 47 52 75 85 87 95 101 106 111 113 121 122 129 137 148 151 175 181 182 185 192 196 198 199 201 207 210 212 214 218 223 224 228 229 232 240 252 253 255 257 258 261 273 282 291 293 312 319 320 323 324 327 334 338 342 344 346 348 349 359 360 361 362 363 365 369 371 374 378 381 388 391 394 397 399 402 404 405 407 410 415 426 444 447 450 451 452 453 454 457 463 466 467 494 502 504 518 521 529 532 534 544 546 559 561 563 565 567 572 575 576 588 589 596 597 601 621 629 633 635 644 646 650 655 670 674 682 689 693 709 710 716 719 720 725 730 733 735 736 739 741 744 746 748 758 759 763 780 785 786 790 791 797 801 810 819 821 828 833 836 838 841 843 848 853 860 863 886 894 895 900 901 907 908 909 924 925 929 931 935 936 944 968 969 970 972 975 984 985 986 989 993 998 1005 1009 1012 
199: 2 14 17 22 32 42 46 47 49 69 70 77 79 82 84 93 105 108 115 119 130 131 143 150 153 155 160 165 170 175 177 178 183 197 198 209 210 214 219 222 228 240 243 247 251 252 253 255 260 274 281 291 295 316 323 340 343 347 350 351 353 354 358 360 368 369 371 372 382 384 392 409 410 413 424 433 443 444 447 456 470 476 477 479 483 486 488 493 495 496 524 531 533 550 558 559 568 569 573 574 578 579 580 582 586 601 603 604 613 615 617 620 628 630 632 637 647 656 671 677 678 687 694 696 705 707 708 709 710 713 715 726 729 730 734 736 738 749 758 760 763 766 770 773 777 782 783 785 795 799 801 802 803 804 810 826 827 840 844 845 846 847 849 850 859 865 866 868 869 872 876 893 896 900 904 919 920 921 922 926 928 931 935 946 953 960 966 968 969 971 975 976 983 996 1007 1015 1019 1020 1021 
207: 0 3 7 13 31 35 36 40 49 51 52 60 61 64 68 70 71 72 75 79 85 109 110 113 125 127 129 133 135 138 140 142 152 156 158 164 166 167 168 174 177 181 182 183 191 193 194 195 217 220 228 229 233 236 242 250 252 254 256 261 265 269 273 286 289 292 293 300 303 306 323 324 331 335 337 338 342 350 351 360 368 370 374 380 383 389 393 394 396 400 401 407 408 412 419 421 424 428 429 432 438 439 444 448 450 451 469 481 498 504 506 507 509 512 516 519 538 544 545 562 564 567 568 572 577 578 586 589 594 597 610 620 621 622 629 649 652 654 663 665 666 690 691 696 697 702 706 713 721 728 731 732 738 748 752 754 755 757 759 769 772 776 777 778 779 780 791 792 800 805 812 822 829 831 841 850 852 860 863 869 873 874 877 881 887 893 902 916 921 931 936 944 953 960 968 969 970 971 976 979 990 997 999 1000 1012 1014 1020 
210: 0 1 3 12 15 23 26 27 37 48 51 56 63 72 80 81 87 92 96 98 101 103 108 109 119 120 126 135 137 138 141 143 147 151 155 157 160 164 175 184 192 197 201 203 205 207 213 229 230 234 236 238 241 251 258 259 265 282 293 296 299 301 314 315 320 321 324 328 334 340 341 342 352 355 359 365 373 378 380 381 384 390 391 392 393 399 400 405 412 430 444 445 454 457 459 462 468 469 470 471 472 477 490 494 497 499 503 505 515 525 526 529 530 539 540 543 545 546 548 549 550 552 554 558 559 568 570 571 573 575 579 580 599 603 609 611 612 614 615 617 618 625 629 631 634 635 637 640 641 649 652 658 668 680 698 712 714 715 717 727 731 741 745 746 754 761 770 774 786 789 806 818 819 828 835 836 841 850 859 869 874 888 890 892 897 900 902 905 914 919 923 934 936 948 951 952 962 967 968 973 977 979 981 985 986 993 996 1004 1009 1020 
204: 0 4 5 7 9 27 32 33 34 37 46 48 50 51 54 58 60 62 69 75 78 81 87 91 105 108 109 114 117 119 127 136 137 140 141 148 155 156 157 167 172 177 183 185 188 190 197 202 210 214 226 227 233 241 250 251 252 255 257 263 264 280 287 289 292 296 298 299 310 313 333 343 363 371 375 389 398 401 402 413 416 423 428 429 433 450 452 465 467 468 473 480 483 493 500 504 507 512 513 520 523 542 546 547 548 562 564 573 577 578 579 581 584 600 608 609 612 615 617 623 626 669 672 673 675 679 688 698 700 704 706 708 718 726 728 734 737 740 745 747 752 757 758 759 760 763 766 768 769 774 776 793 795 801 803 804 805 806 808 811 815 822 831 836 837 840 845 847 853 854 861 871 872 873 875 884 889 891 908 909 917 918 924 931 934 936 941 943 945 949 961 970 977 980 986 988 991 1004 1009 1010 1011 1013 1014 1021 
202: 9 15 16 18 19 22 25 31 33 34 54 55 68 72 78 80 96 97 100 101 107 109 119 130 136 140 151 154 156 157 158 164 165 170 172 177 178 180 182 185 190 193 202 212 219 220 225 229 232 237 247 254 258 269 270 279 292 300 309 323 324 327 335 341 344 358 366 379 391 395 400 401 402 404 406 407 409 414 428 434 438 440 442 445 460 475 481 489 491 492 493 494 495 499 500 504 508 509 513 517 520 528 532 535 542 548 549 550 551 557 561 569 578 579 581 589 590 593 599 604 608 625 628 631 632 633 634 635 648 653 660 672 682 683 699 701 703 718 723 747 750 757 762 763 766 768 771 772 773 783 784 797 799 801 809 814 819 825 829 830 831 835 841 849 851 861 867 869 871 873 878 887 891 894 916 919 921 922 924 925 926 927 931 937 938 939 941 943 951 952 962 976 985 988 989 993 995 1004 1007 1009 1017 1018 
200: 3 4 8 9 15 25 40 43 46 61 62 66 67 68 75 78 88 101 103 117 120 127 128 140 148 159 160 162 165 167 171 179 180 187 195 197 213 214 217 218 220 223 227 228 233 234 237 240 241 243 247 250 260 261 266 267 291 296 300 306 310 311 316 317 322 323 324 326 327 340 348 354 370 379 382 387 399 412 418 421 423 424 425 429 433 436 450 456 459 462 473 474 475 477 480 503 504 506 510 519 520 530 538 540 544 552 563 564 565 566 568 574 580 589 590 593 601 607 608 620 637 638 646 649 650 652 655 657 659 660 664 678 681 688 700 702 708 709 712 713 715 716 717 718 727 733 742 748 759 764 776 785 787 798 807 809 811 816 819 821 843 846 851 868 872 874 875 882 883 884 886 889 893 894 903 907 909 913 919 938 939 940 947 949 957 960 961 971 972 981 983 989 998 999 1000 1002 1003 1008 1011 1021 
190: 5 12 17 19 20 35 36 42 44 45 50 53 58 61 73 78 81 86 89 92 104 110 111 117 129 130 131 134 135 141 142 146 152 156 166 169 180 189 194 203 212 221 223 224 226 244 250 253 255 257 268 269 271 279 290 296 300 301 305 307 308 316 325 361 369 375 376 377 381 386 388 408 409 410 416 417 424 430 434 438 446 452 456 463 465 475 477 482 487 492 493 496 498 505 511 516 524 540 550 552 559 561 562 578 579 580 581 584 592 604 616 617 637 640 653 654 655 659 673 676 677 681 692 701 707 713 717 718 721 727 729 734 739 740 754 760 762 767 772 774 791 794 795 802 805 806 807 813 815 819 820 830 833 836 840 854 856 881 883 885 886 890 892 911 913 916 918 919 920 921 925 950 962 964 966 976 979 985 993 994 996 997 998 999 1004 1005 1006 1008 1014 1021 
205: 3 11 14 17 22 23 24 34 38 40 56 62 64 65 74 81 86 88 91 94 97 101 102 113 115 116 119 120 126 142 153 154 157 159 160 161 168 169 185 191 194 201 202 203 207 208 210 212 216 217 218 226 242 250 252 266 267 276 277 280 292 296 297 306 312 329 330 336 337 352 353 366 369 378 388 392 397 399 400 401 405 433 435 437 445 449 452 458 459 464 489 491 496 498 512 514 515 516 518 519 524 526 535 550 552 560 561 562 563 570 576 579 583 584 587 589 591 594 595 604 605 612 621 622 626 638 642 654 655 660 665 666 668 669 676 684 687 688 690 692 695 697 700 708 720 724 729 730 733 738 740 757 759 771 777 783 791 792 796 797 801 821 825 826 829 831 832 839 840 842 851 859 861 865 874 875 877 879 887 888 889 895 896 898 911 925 927 935 940 942 945 956 966 967 973 979 981 989 992 999 1000 1008 1013 1016 1019 
204: 3 5 9 11 13 24 31 38 39 48 50 51 52 54 57 58 64 72 83 84 86 88 93 96 109 111 112 125 151 153 157 159 169 173 179 185 186 190 193 196 201 204 209 214 215 218 222 228 230 231 234 236 239 240 241 246 253 254 273 279 289 301 302 304 305 308 313 317 318 328 329 337 341 344 352 354 358 368 371 376 377 380 381 394 396 408 429 431 433 434 439 452 453 455 471 474 477 485 500 502 519 522 534 541 545 546 549 555 556 559 563 575 576 578 583 591 592 594 600 604 605 616 617 624 625 632 635 652 653 655 658 671 674 690 692 698 699 705 708 728 733 743 748 749 751 754 760 762 763 779 781 785 789 792 794 799 805 807 809 810 820 834 835 838 839 840 841 848 853 859 866 875 877 883 892 893 894 900 908 909 912 921 923 928 930 931 933 945 947 960 963 971 977 978 983 984 987 988 992 1000 1007 1010 1012 1013 
214: 4 20 29 39 41 46 48 52 57 59 61 62 66 67 82 84 88 91 93 96 97 100 101 106 117 121 125 129 130 132 136 138 139 144 154 155 162 164 165 169 170 174 179 182 187 190 191 206 207 209 214 217 218 220 221 223 227 229 234 244 246 264 265 285 289 291 292 295 301 304 308 331 339 349 351 362 374 375 377 378 380 384 387 390 391 392 402 418 419 423 430 434 455 457 458 459 463 466 473 474 477 481 483 487 504 509 510 514 518 520 525 527 530 531 533 555 559 570 574 578 582 591 596 597 602 612 614 619 623 626 635 637 648 650 653 668 672 673 676 690 699 701 702 704 707 716 717 718 724 726 734 738 742 751 753 760 762 763 764 779 781 799 800 809 820 822 824 827 829 837 838 840 843 851 855 862 868 875 876 879 885 886 892 893 898 912 913 922 923 924 928 936 941 943 946 947 948 950 958 959 964 971 972 983 987 990 992 993 996 1000 1004 1007 1010 1012 
209: 0 9 12 13 14 21 26 37 42 46 49 53 57 59 63 67 68 72 78 79 85 93 94 96 97 102 106 108 110 112 120 126 131 135 147 148 150 157 164 169 171 180 184 185 192 196 198 203 208 214 221 222 228 232 238 242 243 258 261 263 267 269 276 284 293 315 320 325 333 336 337 339 341 364 373 375 378 382 385 388 391 407 409 412 413 416 419 421 423 429 432 438 439 441 444 460 461 469 471 481 483 487 489 497 510 511 515 519 522 523 525 553 571 572 574 581 583 587 592 595 598 602 611 621 623 625 629 632 640 651 652 654 668 674 676 677 678 681 682 685 698 705 707 716 717 738 740 741 743 755 757 768 773 775 778 779 786 788 797 805 806 809 815 823 826 832 838 840 846 851 855 859 861 865 868 869 875 878 883 887 889 890 893 894 902 905 925 928 931 935 940 942 945 947 948 957 961 966 972 975 977 980 981 989 991 998 1011 1014 1017 
204: 4 8 14 19 20 21 31 36 37 39 40 41 43 44 61 65 66 72 78 85 94 99 103 105 110 116 125 131 151 152 155 161 164 167 173 174 180 181 187 188 196 197 200 204 206 208 209 210 212 224 235 247 256 258 259 265 271 276 277 278 279 287 288 295 296 300 302 305 306 309 313 314 323 326 327 328 330 339 346 361 367 390 394 395 400 405 412 418 431 438 440 449 453 454 456 466 476 480 481 484 489 492 499 501 506 507 517 521 522 524 527 532 533 537 538 542 553 557 559 562 564 588 591 595 597 605 608 616 620 626 629 631 640 641 642 652 659 660 665 670 674 684 685 688 692 694 697 704 707 708 709 711 712 729 730 733 737 745 761 790 792 793 799 804 814 817 820 826 838 841 851 852 860 863 865 868 870 877 878 887 891 893 897 903 904 905 908 927 929 937 940 951 955 973 974 976 984 985 988 993 997 1016 1019 1021 
194: 3 8 14 16 17 19 26 30 42 50 69 71 72 76 84 93 103 104 110 111 113 117 118 119 133 135 136 141 176 185 186 190 196 197 199 202 210 221 240 243 253 258 259 260 265 270 276 278 282 286 317 323 325 328 331 332 334 340 345 347 352 353 368 372 374 377 381 384 388 390 404 429 446 450 463 464 469 477 480 484 486 487 490 493 498 499 500 501 506 507 515 516 522 529 538 539 544 545 547 549 550 551 552 566 567 572 579 582 585 587 592 597 609 615 626 640 644 649 663 668 675 676 680 690 691 692 703 704 705 718 727 735 736 739 743 752 757 766 779 786 800 823 824 825 827 829 830 834 837 851 853 854 855 859 861 868 869 871 872 874 876 881 885 893 898 906 909 910 912 925 933 934 935 956 959 962 965 966 972 973 979 980 984 987 990 992 994 996 1003 1008 1009 1012 1015 1020 
187: 0 5 10 12 15 19 20 23 24 29 36 49 53 55 59 65 74 77 80 95 111 120 127 131 136 139 145 148 156 157 158 162 164 185 189 192 193 194 201 203 205 215 218 219 220 242 244 252 254 255 266 267 268 269 279 282 287 288 292 298 301 306 309 315 316 317 323 325 336 341 353 355 363 366 380 383 385 388 392 398 412 421 424 427 433 437 455 458 460 461 466 469 470 473 475 484 487 495 496 500 503 504 506 509 512 534 538 549 557 570 571 573 575 587 603 608 612 614 618 619 622 629 635 636 638 644 647 650 664 667 678 688 699 706 709 745 758 760 764 767 769 770 776 783 784 785 787 797 806 807 808 809 815 825 831 833 837 842 851 854 863 870 875 885 890 897 904 907 925 937 941 943 948 952 956 960 965 969 970 972 974 975 980 983 985 1001 1010 
198: 0 4 8 9 14 15 17 19 21 27 39 47 52 56 61 69 75 77 79 80 90 115 125 126 130 139 140 144 145 147 153 160 162 177 179 187 202 205 207 217 218 223 227 229 234 246 252 255 264 270 274 280 289 293 304 309 314 320 323 326 336 346 349 356 364 379 380 383 385 388 394 395 397 400 409 428 431 434 439 442 447 453 456 459 460 462 468 472 473 475 483 488 489 518 521 522 526 528 530 541 542 544 545 548 549 550 553 555 569 573 581 587 589 604 615 617 619 624 625 633 634 650 667 670 678 682 684 686 691 692 701 702 705 710 713 724 734 741 743 747 749 750 753 756 759 762 769 774 781 784 788 803 816 817 818 820 830 832 842 845 850 856 859 870 875 877 878 886 889 892 898 900 905 910 915 917 924 928 930 942 946 950 951 965 968 970 971 972 973 976 978 984 985 987 990 995 1007 1018 
201: 6 9 13 21 26 27 28 35 36 59 67 68 88 89 100 110 115 120 122 123 129 131 133 140 142 148 152 153 156 182 185 201 209 210 229 238 247 249 253 257 263 264 266 281 282 286 295 297 303 306 309 319 320 324 334 335 336 340 341 345 349 351 353 356 365 367 369 371 375 383 386 389 415 422 429 430 432 433 439 441 444 448 463 481 485 487 490 493 497 506 510 513 523 525 526 528 534 535 537 543 561 564 575 576 578 581 585 587 589 591 592 595 598 608 610 616 626 627 628 629 630 637 641 642 644 651 653 654 659 660 662 667 668 669 673 681 695 701 712 713 717 719 720 723 726 728 729 734 736 737 743 745 752 757 767 768 787 788 790 793 796 799 801 805 815 827 832 849 853 858 859 862 865 872 876 882 885 887 897 901 903 905 915 930 932 942 954 955 959 960 972 976 983 984 993 995 996 999 1010 1015 1016 
206: 5 10 13 14 16 17 22 34 39 44 46 62 64 66 71 74 75 76 77 100 110 111 113 118 119 121 122 128 132 137 144 149 151 155 156 158 160 171 173 174 176 179 181 197 200 203 208 210 215 222 234 235 243 246 257 258 260 265 266 270 278 280 288 291 298 307 310 319 320 333 342 354 357 367 370 376 383 389 392 398 401 403 407 411 415 422 425 432 442 448 456 466 467 468 478 482 486 488 489 496 500 501 508 513 517 524 525 527 530 538 541 543 544 551 560 561 563 564 572 574 580 582 589 594 599 600 601 607 609 610 616 619 620 623 632 636 639 648 663 666 672 673 681 682 687 688 689 698 700 701 707 710 717 719 721 723 725 726 728 739 757 760 768 770 784 787 788 792 798 804 807 836 837 842 851 856 863 877 878 886 893 913 914 920 932 935 941 943 944 948 949 956 957 963 967 973 975 976 977 982 985 986 987 997 1001 1003 
207: 4 5 6 10 22 28 35 38 43 49 50 51 52 53 60 63 70 76 85 88 89 90 92 97 98 107 118 123 124 127 128 129 137 140 143 145 150 157 158 162 176 179 182 200 201 202 213 218 221 222 223 224 241 243 248 259 262 273 274 283 285 287 290 291 294 303 305 307 309 322 324 332 347 348 349 364 368 370 373 377 378 380 384 386 392 395 403 413 417 421 429 432 433 435 437 443 448 454 455 459 467 469 470 476 484 488 489 490 503 505 512 513 515 518 525 528 530 534 550 553 563 589 591 597 600 603 607 611 617 621 636 637 640 642 648 652 655 658 659 665 669 678 683 686 692 695 697 702 709 714 715 725 733 734 738 746 747 749 753 757 758 766 777 778 779 783 786 792 797 801 809 823 825 832 835 836 837 848 853 858 869 872 874 875 876 896 897 906 908 911 920 922 924 931 932 949 952 954 955 969 981 983 984 996 997 1001 1019 
204: 5 13 23 27 31 52 56 57 61 62 67 80 91 93 101 109 112 114 119 127 131 133 137 146 150 154 160 162 165 168 169 178 191 203 204 212 217 219 220 225 230 235 246 266 273 274 275 276 277 285 291 302 313 316 319 329 333 335 339 350 352 355 356 374 375 380 386 387 388 396 412 423 424 425 429 431 436 441 443 445 452 453 455 458 466 476 480 481 490 491 499 505 515 519 521 524 533 537 538 545 549 558 559 563 565 566 574 575 576 578 583 589 591 593 596 597 603 604 606 617 619 625 626 628 641 646 661 662 665 666 669 670 671 673 674 678 680 684 696 698 702 703 704 714 728 732 741 743 746 762 763 770 777 778 784 786 787 788 795 811 824 832 855 858 864 885 887 897 900 903 915 916 918 923 925 927 928 935 939 941 943 952 953 968 972 974 978 979 983 984 985 988 989 990 991 997 1002 1003 1005 1007 1008 1010 1013 1015 
210: 2 11 17 34 37 39 41 42 44 45 50 54 57 62 64 74 78 79 84 87 92 94 95 107 115 120 125 133 136 137 142 146 154 162 163 170 180 190 193 197 199 200 203 206 209 217 219 222 227 230 234 238 240 242 243 247 248 249 250 255 257 267 273 278 282 284 288 294 296 298 306 309 311 312 327 328 329 331 332 334 342 347 359 366 367 369 370 383 386 387 395 400 401 402 406 408 414 418 423 429 438 439 450 468 471 480 483 488 489 493 495 502 504 517 520 524 525 526 531 534 541 542 544 546 547 550 561 566 568 573 589 593 613 616 618 620 621 623 624 627 636 641 644 664 669 673 674 675 676 682 683 687 701 704 707 710 713 717 725 727 728 729 736 742 749 750 752 753 755 765 773 782 783 784 788 795 815 816 821 828 836 840 848 855 864 865 866 874 885 886 890 909 910 911 915 922 926 935 947 949 956 959 967 968 971 972 981 983 989 1016 
189: 10 26 37 40 41 49 56 62 67 71 77 84 85 86 87 103 106 109 110 120 123 126 127 131 143 145 151 152 167 169 170 171 177 182 183 188 194 196 199 220 231 234 258 259 261 265 266 275 276 299 310 313 314 324 332 338 343 347 351 359 360 366 369 371 373 380 386 397 407 410 411 418 420 422 425 427 433 450 452 457 466 469 470 477 483 485 486 488 491 493 497 503 509 516 526 527 533 535 536 537 539 549 552 555 560 578 593 595 596 597 605 606 612 615 625 630 631 633 635 637 658 659 661 684 686 687 695 698 701 705 726 727 729 740 741 747 750 756 768 774 790 799 807 811 818 819 827 828 829 833 839 841 845 847 849 852 855 858 862 866 868 882 885 895 898 901 907 911 915 918 919 921 928 930 935 937 942 944 955 971 986 987 990 993 998 1001 1005 1008 1015 
207: 2 8 10 11 19 22 24 28 36 39 45 64 70 73 75 76 79 82 83 87 90 95 102 110 113 116 120 130 144 164 168 171 180 184 193 202 208 224 227 228 247 248 249 253 256 261 264 267 273 274 281 289 297 300 302 308 310 313 314 321 322 324 329 331 336 337 354 358 359 361 363 368 369 371 373 376 382 389 392 395 396 397 399 403 406 425 433 434 435 446 457 461 464 470 472 475 483 487 494 496 503 505 506 508 510 514 516 520 527 529 539 540 541 542 546 547 549 551 554 575 577 579 587 604 610 616 636 640 647 649 650 653 654 655 660 662 664 665 678 682 689 693 699 703 704 705 709 710 711 713 726 731 733 734 735 737 738 745 749 766 771 776 782 791 803 807 815 829 832 839 842 852 857 860 862 863 868 871 872 881 883 886 892 894 895 896 899 910 913 915 932 939 941 946 954 955 957 958 959 969 975 979 981 987 997 998 1008 
222: 0 1 3 10 20 23 27 28 29 32 40 44 46 62 63 64 65 75 77 94 100 104 108 112 114 120 137 141 142 143 156 158 163 171 172 181 184 190 191 195 199 202 208 215 224 227 232 236 246 249 251 257 259 261 267 270 271 274 278 284 290 291 292 295 301 306 313 315 316 318 334 335 343 347 353 361 366 370 379 381 382 387 389 405 413 419 420 424 426 427 452 453 458 464 469 472 480 482 483 488 495 499 500 502 503 506 514 522 532 533 536 543 545 550 551 552 562 564 565 573 574 577 579 580 585 593 594 604 606 613 618 622 630 634 638 642 648 651 657 659 666 675 678 679 680 682 695 697 699 703 723 724 729 731 742 744 747 748 749 757 762 769 774 775 776 778 782 787 788 789 794 800 804 807 808 810 813 815 818 831 839 841 849 855 858 863 864 872 874 892 898 900 901 907 910 918 921 923 926 933 936 945 947 959 964 969 970 975 977 979 984 986 988 989 994 997 1001 1006 1012 1013 1014 1020 
205: 12 23 25 40 44 45 48 59 60 68 71 73 80 97 103 105 109 114 121 122 131 141 150 151 152 156 159 164 175 185 204 212 219 220 227 248 261 265 267 271 272 274 276 281 282 285 286 288 293 296 306 313 315 317 320 325 331 332 335 344 348 349 356 358 366 375 376 377 383 391 392 393 397 408 418 428 429 430 431 438 450 453 457 459 460 466 490 491 492 494 512 521 523 532 533 536 538 540 546 549 552 555 557 561 575 584 589 590 600 602 614 622 624 625 630 632 633 637 641 648 655 656 657 661 663 666 667 669 671 672 675 699 708 716 721 722 723 724 726 732 736 739 741 742 744 746 748 755 757 762 771 779 782 787 794 802 804 813 814 815 821 824 828 829 834 840 842 843 844 847 854 855 858 859 861 864 879 883 885 886 893 899 902 908 917 926 932 935 947 948 950 963 971 973 975 983 985 991 998 1000 1003 1010 1012 1017 1019 
210: 1 7 11 15 16 24 25 26 34 40 53 57 59 62 68 75 79 82 87 88 90 94 99 114 120 128 133 139 141 164 167 169 175 177 182 184 196 204 210 230 232 234 236 239 256 257 270 271 274 277 282 284 285 289 290 292 301 302 308 311 319 322 329 339 340 342 351 358 360 364 365 373 374 379 385 387 389 395 396 399 402 404 423 428 429 433 436 438 445 447 448 456 463 464 465 466 472 477 480 481 483 484 485 498 506 525 533 534 536 545 546 549 551 559 560 562 566 568 575 576 577 587 589 601 607 608 610 618 621 633 635 639 649 652 659 662 668 674 679 680 682 689 699 704 706 713 714 717 722 728 732 736 741 743 746 747 755 756 757 761 762 764 777 781 787 798 804 810 816 817 819 821 823 825 827 833 834 837 849 852 854 859 868 869 874 875 884 885 886 891 895 899 911 916 917 920 927 928 929 931 954 980 987 994 1002 1003 1006 1014 1015 1016 
184: 9 14 17 23 29 33 39 43 55 56 62 76 78 81 83 88 89 94 96 98 103 107 116 121 136 138 139 158 159 160 173 174 175 185 186 187 188 192 211 221 225 229 231 238 242 249 255 259 264 270 277 292 305 307 310 311 327 330 333 334 346 361 362 363 370 373 380 381 382 392 397 400 415 418 430 433 436 439 441 449 450 451 455 461 464 467 468 482 484 502 504 510 522 523 539 545 546 551 557 558 561 564 568 575 576 577 591 597 599 606 623 636 642 646 649 656 659 672 674 675 677 678 689 692 695 699 710 713 715 718 727 733 742 745 750 752 754 766 780 793 796 802 807 809 814 815 819 822 832 838 840 844 847 848 857 858 865 869 871 881 889 895 904 906 910 912 914 917 918 926 934 936 951 965 980 992 994 1003 1011 1013 1015 1018 1019 1020 
226: 7 11 12 13 18 23 24 25 27 29 41 42 48 53 54 55 59 67 71 79 98 102 103 106 111 112 115 121 122 129 135 136 138 147 152 153 155 160 163 164 165 174 183 185 187 189 195 197 200 201 203 205 211 215 217 224 225 241 258 273 276 278 285 288 289 295 299 301 303 304 305 312 319 324 327 334 341 343 344 348 351 353 354 358 367 372 373 380 391 394 396 398 403 414 417 420 427 430 434 435 437 440 443 470 475 478 480 486 488 497 509 514 517 527 534 538 543 548 552 555 559 566 567 571 582 583 585 586 587 591 593 596 610 612 614 617 633 635 636 637 638 648 649 652 655 659 663 672 675 690 698 700 705 707 709 716 719 727 728 735 737 742 748 755 757 770 771 782 784 793 797 800 811 816 818 819 823 824 826 836 837 842 845 846 850 856 857 859 861 866 868 873 875 884 898 899 900 902 907 913 920 921 922 926 928 932 933 935 939 940 942 943 944 955 961 966 968 973 985 986 989 998 999 1006 1017 1019 
215: 7 12 17 18 22 28 32 39 46 47 51 54 57 58 64 67 71 72 74 75 77 79 83 85 86 93 111 112 115 122 123 130 135 139 141 146 147 155 172 175 178 186 198 199 200 205 217 220 226 228 234 236 239 241 244 249 251 252 255 259 265 266 267 280 292 295 305 314 317 319 328 337 340 352 362 365 369 370 374 375 377 378 383 385 389 397 407 410 415 417 428 431 437 440 443 444 446 447 448 451 453 455 462 463 464 466 471 475 481 484 497 498 499 509 511 518 522 527 533 538 543 551 554 558 564 568 569 573 580 589 597 600 601 615 618 628 632 635 639 643 644 647 652 671 677 682 695 698 703 707 715 717 723 724 725 730 736 742 747 748 749 755 758 763 765 770 774 775 784 791 799 800 808 818 819 822 823 826 830 836 840 843 845 846 863 875 880 884 885 892 893 894 897 901 908 910 914 924 942 944 949 954 955 965 972 973 980 987 989 994 999 1000 1006 1013 1016 
194: 0 4 31 47 48 50 54 57 59 60 61 62 64 68 69 75 80 81 82 86 87 92 99 102 114 119 139 144 145 160 171 173 184 197 199 200 212 226 229 235 236 238 247 248 249 264 268 269 279 286 290 291 297 299 304 308 311 313 320 326 350 354 355 361 363 365 366 368 371 374 385 386 391 393 394 396 397 401 408 413 415 427 433 434 447 450 451 469 473 481 483 485 486 487 492 513 518 524 531 533 542 565 567 571 578 582 595 604 605 606 610 612 617 624 627 630 646 647 648 652 653 660 662 663 664 687 688 690 704 733 735 744 753 757 758 759 762 763 764 768 769 770 772 780 784 787 789 794 795 796 799 802 808 816 817 823 826 828 831 833 851 853 860 861 864 878 879 889 890 892 894 902 910 915 916 918 927 928 938 939 947 951 972 975 981 984 988 991 993 998 1007 1009 1016 1019 
221: 0 9 11 16 19 21 23 29 33 37 47 48 50 54 55 58 61 64 67 69 77 82 84 87 88 98 99 106 110 113 121 125 129 134 137 138 140 143 150 151 157 164 168 172 174 180 185 196 206 219 222 225 228 229 232 238 240 241 244 260 262 266 267 272 279 282 285 287 290 296 299 309 310 312 320 334 337 343 349 354 368 371 374 375 384 391 400 403 404 405 407 408 410 417 422 423 424 425 431 435 437 439 441 454 456 457 459 465 468 473 478 484 485 488 489 490 494 499 500 510 521 527 528 530 537 541 542 552 553 555 566 578 580 582 583 585 586 587 588 589 591 597 603 605 608 612 613 615 616 618 623 629 632 639 643 646 652 654 657 658 664 673 682 688 703 708 710 713 716 718 720 722 727 736 742 747 749 756 783 785 789 792 795 811 812 814 815 817 826 828 829 831 838 846 848 853 860 861 872 873 884 891 901 903 922 924 932 938 940 949 953 965 970 971 975 976 988 992 1008 1011 1014 
183: 0 14 16 18 21 24 27 29 33 38 52 53 58 59 61 71 74 79 82 84 85 86 89 92 93 100 105 111 112 118 124 127 129 135 137 146 150 155 166 168 171 175 177 195 213 219 223 226 227 235 241 244 245 248 254 264 282 285 287 302 306 309 314 322 331 334 336 346 350 363 366 368 369 373 375 379 383 389 394 395 404 410 416 428 430 432 440 444 458 466 475 477 480 481 487 490 497 498 502 505 508 511 520 529 542 544 554 566 570 572 576 579 581 582 586 595 596 602 603 607 629 630 632 663 666 673 680 692 694 696 699 707 711 718 721 725 729 730 732 740 745 754 756 769 770 773 776 780 783 795 800 814 818 819 825 829 832 838 840 849 853 874 883 884 887 896 900 901 903 906 909 912 941 947 960 968 974 988 995 1004 1006 1018 1020 
214: 0 1 3 4 7 8 11 12 20 27 33 37 38 44 46 53 57 67 68 70 77 78 79 81 90 92 93 94 98 100 104 107 108 117 118 122 124 126 128 130 132 135 137 139 148 153 155 166 191 192 193 197 200 205 208 212 215 223 228 238 244 245 261 266 270 279 280 281 283 287 288 295 298 327 328 330 332 334 336 340 341 342 349 356 360 362 365 367 370 372 374 386 390 392 399 410 420 427 436 445 451 453 463 467 469 482 496 497 502 510 518 519 523 538 543 545 551 554 563 565 566 576 583 586 587 591 598 608 623 627 628 631 636 644 655 660 666 667 669 672 675 676 677 678 680 681 687 690 692 693 697 700 702 709 710 717 727 734 735 740 743 744 746 748 754 755 757 761 765 766 769 774 778 796 805 808 813 817 821 825 826 841 851 853 857 858 869 871 875 880 884 888 892 895 896 904 905 924 925 929 949 958 963 966 967 968 971 977 988 999 1003 1012 1014 1019 
194: 16 25 28 33 34 37 47 49 52 56 58 68 70 82 101 102 103 106 109 114 115 127 143 149 154 158 159 160 165 168 174 182 187 194 200 201 205 208 209 217 221 235 242 259 265 269 271 283 287 294 298 316 317 326 335 344 345 347 349 353 355 366 368 376 378 380 382 384 385 387 402 409 427 437 441 462 466 469 475 484 492 497 503 508 512 518 521 525 528 533 555 559 560 561 565 568 571 580 581 583 588 596 602 605 615 617 636 646 648 651 653 660 663 669 675 679 688 692 697 698 700 701 706 709 714 716 724 728 731 733 737 738 740 746 752 754 757 767 776 779 791 792 794 802 809 811 824 826 827 834 835 841 843 847 855 860 861 862 866 876 883 895 896 897 902 906 915 918 919 920 921 924 929 933 935 936 953 966 968 970 973 974 975 980 984 985 988 991 994 999 1002 1008 1010 1018 
204: 0 3 9 10 12 15 23 25 27 34 35 41 50 51 52 56 67 68 75 77 85 86 87 105 106 121 125 144 147 148 150 161 166 168 171 178 180 182 190 191 193 200 206 215 216 217 219 220 225 236 239 243 246 252 262 267 271 272 280 283 284 285 292 297 299 305 312 313 327 333 337 338 341 347 348 351 356 360 384 386 389 397 399 402 409 410 428 448 449 450 455 464 468 477 482 483 490 493 500 508 509 510 516 517 521 522 527 533 535 537 552 556 560 563 573 574 578 582 584 585 594 596 603 604 606 609 616 621 622 625 626 635 636 640 649 652 659 668 684 688 689 694 700 706 708 709 711 718 723 743 750 751 763 783 788 792 793 797 816 817 821 832 834 853 861 863 866 876 887 895 896 898 903 911 914 923 925 926 927 929 930 933 936 945 947 949 955 957 964 965 966 969 976 977 983 986 990 995 1001 1003 1009 1016 1018 1020 
198: 5 8 15 18 20 21 24 41 46 48 63 75 80 82 87 94 102 117 122 128 129 131 137 148 163 166 176 192 202 210 218 226 230 235 254 256 260 269 276 279 287 289 297 298 305 306 309 317 328 334 335 339 342 348 367 368 373 377 381 388 390 394 397 399 406 413 430 431 440 442 443 451 452 463 464 470 471 477 478 482 486 492 497 498 499 501 508 521 526 528 530 533 536 549 556 559 560 565 571 579 580 585 593 595 596 600 607 608 610 613 631 632 637 641 644 653 654 657 658 659 678 682 688 691 692 697 702 708 712 713 717 718 722 723 724 726 732 733 735 737 742 761 769 775 779 780 783 786 794 810 811 813 814 817 829 833 841 843 846 849 850 856 865 870 873 874 875 876 877 880 882 883 886 894 897 900 914 916 919 924 926 930 932 940 941 961 965 966 969 980 984 992 998 1000 1005 1007 1009 1010 
203: 8 23 24 28 30 36 43 50 61 62 69 78 80 85 86 93 102 113 117 118 123 128 136 141 145 149 150 151 153 158 170 172 190 191 193 194 197 201 205 208 212 214 215 220 229 237 240 244 248 250 256 258 270 279 280 284 287 288 289 294 295 296 298 302 303 317 331 335 340 348 352 353 361 363 374 387 392 393 395 397 398 402 406 409 412 415 419 427 434 453 463 472 473 475 480 481 482 483 484 493 495 497 498 499 506 507 513 514 517 527 533 538 546 549 555 567 568 571 581 605 607 608 610 613 621 622 623 627 628 646 648 651 662 665 682 685 693 695 704 705 710 721 731 734 756 759 763 765 766 773 774 785 799 800 801 809 811 812 814 820 824 825 826 828 839 841 844 846 847 856 861 865 870 873 874 887 888 898 907 908 909 912 914 920 945 946 956 961 963 964 966 968 969 975 978 982 985 989 993 994 996 1003 1010 
197: 4 5 6 7 13 32 33 34 43 44 58 60 64 67 71 76 85 90 98 99 101 103 108 115 117 119 121 122 130 132 146 153 154 157 165 170 178 182 183 185 186 202 208 220 223 225 229 233 234 235 238 249 253 254 255 257 267 269 272 278 287 298 304 318 319 320 323 325 336 340 352 364 367 387 390 393 398 399 401 403 404 405 417 421 427 428 431 442 443 453 454 456 462 467 468 480 493 516 521 522 525 527 529 533 536 538 542 544 563 564 571 572 574 582 585 599 602 607 625 632 635 638 640 650 655 666 674 680 683 685 688 689 690 692 694 697 702 703 716 723 724 725 726 727 729 747 763 764 768 771 773 776 788 798 804 823 831 832 846 848 850 856 869 878 882 888 891 894 899 905 914 916 917 918 924 925 926 928 935 944 946 947 950 956 973 976 981 987 988 991 993 995 1001 1005 1006 1013 1018 
184: 1 6 10 17 24 28 47 61 71 75 76 88 96 102 105 108 114 115 116 119 126 136 140 147 150 151 156 162 169 179 183 195 200 213 216 218 222 235 238 239 241 243 246 251 254 263 267 269 272 275 290 294 300 301 303 324 326 341 344 354 355 359 360 361 378 381 387 395 399 401 406 409 422 424 425 433 441 443 451 468 473 474 485 488 493 495 497 507 508 511 512 520 529 531 535 536 538 542 543 546 549 564 568 569 570 574 607 610 617 621 622 637 646 652 658 659 661 664 666 668 673 674 677 683 687 688 695 698 706 710 713 714 724 734 736 741 744 745 747 753 759 762 764 780 787 788 790 792 799 809 816 818 825 828 830 833 842 844 845 850 859 862 863 865 882 890 894 898 912 913 918 923 925 928 945 946 965 966 976 978 982 1001 1007 1012 
189: 3 6 7 8 11 12 13 18 30 36 41 46 49 54 59 63 81 90 94 98 107 109 113 118 122 124 135 147 167 168 169 188 192 193 212 213 224 233 247 248 253 259 265 269 276 283 286 287 294 310 320 322 330 332 333 338 343 349 360 372 376 379 381 382 388 390 408 409 425 430 431 433 436 440 441 445 448 452 467 470 471 479 480 487 494 499 505 506 516 518 519 520 524 526 529 534 541 545 546 548 557 560 563 564 566 574 581 588 593 594 604 605 624 640 641 643 652 658 662 664 665 668 669 674 677 679 680 696 700 710 715 734 735 740 744 745 758 762 769 780 781 785 786 798 811 828 832 834 852 853 854 861 866 869 871 874 875 882 883 886 893 918 919 923 925 926 927 928 939 942 943 945 946 953 960 962 967 973 975 980 983 987 998 999 1003 1006 1013 1015 1017 
189: 3 13 14 20 31 37 59 66 70 75 80 82 83 96 97 98 103 104 111 118 124 126 134 135 137 139 141 153 154 160 162 166 170 172 181 187 197 199 203 206 207 209 213 216 224 226 227 234 237 243 249 256 265 267 268 270 273 285 299 301 302 307 310 311 312 313 322 330 337 345 350 357 358 367 378 385 395 396 402 405 406 424 426 433 435 441 461 467 471 477 484 487 489 490 493 499 502 511 513 518 529 530 533 536 538 544 551 557 566 568 585 586 587 591 605 613 620 624 628 632 634 635 645 646 648 650 664 665 670 696 700 704 709 712 738 740 746 748 750 757 763 766 769 782 783 795 807 810 811 812 822 823 826 828 830 833 838 839 844 847 851 853 854 856 863 871 874 876 891 892 895 896 910 911 916 920 927 929 939 950 952 955 958 979 985 1000 1005 1008 1010 
