# Randomly generated data for apersonnel scheduling problem
# ./datagen tightness = 90.0 Multi-skilling level = 20.0
# Random number generator seed = 55
Type = 1
Jobs = 647
18 254
5 184
25 248
25 159
0 185
2 226
2 190
1 249
4 159
0 202
10 223
31 195
6 293
14 246
65 309
78 250
0 207
311 533
56 266
175 334
41 228
0 227
0 284
558 763
261 501
15 214
1 273
1 156
230 407
0 211
161 350
11 252
45 235
258 494
1 187
66 262
10 219
369 554
198 424
11 130
188 396
1 246
261 400
12 232
210 446
8 250
4 255
255 431
254 411
276 484
227 449
2 182
1 165
25 212
12 257
413 665
91 326
270 470
9 183
669 940
0 191
159 367
251 463
499 726
495 783
0 228
0 198
1 179
186 364
13 212
0 185
273 462
14 234
1 209
198 436
0 136
254 529
369 640
1 179
61 310
0 193
288 492
459 603
36 225
5 135
0 209
211 444
944 1171
183 449
28 280
299 438
20 148
4 231
788 997
201 413
236 462
447 630
18 236
444 717
259 452
412 621
717 930
6 233
19 143
230 450
8 265
1172 1432
632 828
259 411
3 250
33 217
513 705
568 727
288 545
11 197
4 173
17 191
247 495
286 414
30 227
6 220
641 836
167 432
237 351
213 385
158 319
431 596
15 259
739 932
190 416
723 926
366 563
475 637
252 482
252 457
166 384
297 508
785 1062
837 1013
511 721
729 895
209 363
456 643
937 1169
462 702
148 294
0 243
1072 1243
6 230
198 420
447 686
195 422
28 260
562 730
437 579
272 483
930 1088
767 959
237 425
644 870
15 167
426 634
396 606
425 684
461 635
895 1107
278 447
870 1058
230 401
196 467
352 555
732 860
302 503
417 590
532 660
0 160
425 663
10 203
13 229
686 920
202 482
0 127
163 383
661 796
555 734
696 937
1001 1155
1013 1186
15 161
921 1212
416 604
402 511
938 1108
171 414
224 417
1214 1440
187 456
281 469
956 1221
480 654
6 236
1088 1234
1171 1423
861 1085
3 279
223 465
482 644
440 650
645 770
0 243
627 834
1 207
5 233
449 639
418 619
1187 1416
457 660
2 157
496 694
247 446
254 467
650 815
0 238
3 155
468 641
186 430
247 544
639 812
485 662
695 909
324 440
385 564
73 302
363 508
58 301
911 1042
239 378
613 886
208 491
577 755
9 267
320 474
1234 1440
419 632
388 598
1091 1282
2 189
664 872
661 893
512 630
248 435
430 609
668 854
15 158
242 504
267 527
196 310
174 378
131 376
202 432
960 1182
402 641
618 809
478 641
296 458
457 683
186 411
468 673
1227 1421
468 681
812 1033
509 706
1136 1419
351 557
502 706
328 527
505 642
204 444
0 224
718 969
15 130
50 319
661 840
895 1060
636 751
838 1042
445 626
471 726
622 866
157 295
856 1005
1124 1313
770 959
263 452
280 398
135 237
239 392
693 948
481 754
951 1143
1061 1296
463 634
819 981
736 892
422 618
986 1198
224 439
234 491
628 812
44 192
653 808
686 843
636 844
260 383
643 925
733 917
517 697
214 423
676 903
23 239
180 440
630 845
284 478
900 1113
474 689
210 356
970 1194
973 1173
744 897
485 664
1200 1411
446 602
213 393
1046 1248
439 658
1161 1312
858 988
610 812
926 1140
270 529
954 1155
172 370
371 627
1146 1394
170 409
634 832
638 794
706 927
543 777
679 886
655 808
691 818
875 1062
835 1017
812 977
579 801
677 942
503 700
788 1052
298 479
511 683
399 556
1059 1272
631 809
731 883
561 788
424 693
659 878
454 646
899 1078
360 596
516 739
289 482
344 606
440 618
479 742
1096 1286
376 528
996 1243
791 1022
1062 1232
1053 1228
1314 1436
802 1050
566 780
1032 1279
812 994
927 1124
481 681
878 1102
1014 1188
1223 1426
772 967
381 570
647 859
1042 1285
1159 1414
600 836
1201 1434
859 1072
585 740
1192 1418
1102 1225
752 954
424 693
1033 1224
688 933
1133 1392
438 583
1125 1301
696 922
463 629
411 602
762 1021
648 782
596 737
582 738
171 318
1033 1254
1282 1438
935 1161
420 673
909 1164
685 875
463 611
886 1046
835 1050
698 909
227 425
610 796
811 997
431 647
1244 1436
433 563
843 1058
1309 1434
278 414
1255 1436
723 941
783 1055
927 1103
1024 1250
847 1012
808 987
813 986
638 810
998 1284
1020 1210
567 824
905 1126
1249 1415
821 979
495 708
833 971
779 1031
1167 1410
789 1030
667 852
1057 1256
622 821
648 847
474 673
722 931
1073 1293
857 1048
735 989
739 874
563 777
872 1034
1225 1440
1017 1281
1293 1440
1059 1273
944 1090
1059 1270
1037 1241
979 1204
1054 1265
862 1042
1297 1439
402 560
1099 1237
262 438
853 1069
840 1031
897 1130
800 961
946 1142
335 532
1213 1436
1049 1297
892 1058
439 592
1251 1440
858 1065
1282 1438
569 784
693 862
939 1164
793 925
789 943
1016 1215
1066 1218
565 789
1000 1234
741 911
927 1202
482 735
1036 1223
994 1227
983 1142
1286 1437
952 1173
350 598
1296 1440
911 1189
588 769
806 1022
1240 1439
1058 1252
1247 1430
1077 1221
693 894
1299 1435
845 993
1227 1440
1173 1421
744 914
895 1030
528 728
1224 1440
1045 1264
607 832
447 689
613 804
956 1210
1261 1430
705 959
1252 1440
742 935
1244 1412
1048 1279
599 810
1017 1235
995 1223
1244 1428
1227 1440
838 1017
915 1080
1217 1433
1265 1432
1191 1439
1042 1241
811 1040
1245 1434
936 1219
845 1018
1313 1439
1242 1432
751 896
767 996
1242 1439
717 959
829 1096
693 916
1050 1258
1284 1430
1108 1260
1192 1402
1177 1438
1018 1234
1223 1440
960 1205
737 877
1045 1193
1026 1220
1220 1428
1036 1206
899 1115
460 630
1126 1297
1054 1235
1233 1422
1244 1437
1263 1434
1154 1402
1092 1387
1158 1394
1300 1426
880 1086
1246 1435
770 972
1258 1440
1048 1264
1272 1438
649 843
1278 1438
785 997
1009 1271
1266 1436
1288 1440
975 1236
976 1119
1213 1418
1235 1440
1087 1302
1242 1421
1004 1261
1256 1432
1260 1440
1049 1220
1273 1435
1204 1438
940 1167
1283 1440
1236 1440
950 1143
1227 1440
1217 1435
1212 1432
1157 1412
1150 1430
893 1107
1274 1426
1177 1383
1168 1392
942 1075
1205 1438
799 1021
1024 1186
1245 1435
1271 1439
1239 1438
1275 1438
809 1033
1086 1271
1301 1440
1247 1438
1308 1440
1047 1219
1133 1322
1145 1421
1156 1349
1220 1428
1219 1420
1045 1238
1195 1438
Qualifications = 113
124: 8 10 15 18 19 26 28 42 45 46 59 66 72 78 90 92 105 109 111 112 120 143 145 156 167 178 188 191 193 196 222 230 234 235 237 238 241 245 257 258 259 264 266 269 273 278 283 285 291 292 296 298 299 314 315 316 318 320 329 340 348 355 361 364 374 376 378 394 404 408 409 410 415 426 427 429 445 446 450 454 456 457 458 464 469 471 474 479 497 500 507 510 511 516 522 523 525 528 530 535 536 542 544 545 549 550 556 557 558 564 566 571 573 582 585 592 595 596 601 607 613 615 633 635 
128: 34 35 36 37 38 46 47 51 56 60 61 63 65 73 75 77 78 80 87 91 101 104 108 110 113 114 116 122 123 128 140 142 146 147 158 159 167 171 175 178 184 186 190 195 197 202 203 204 205 212 214 218 221 248 252 266 283 292 301 310 312 313 315 316 321 322 340 346 358 367 372 373 388 393 394 395 410 411 413 415 417 421 432 436 437 438 448 449 450 454 455 458 463 466 467 468 471 477 480 484 487 491 495 496 506 512 524 528 531 538 550 566 567 590 591 596 601 613 614 615 628 631 632 635 637 638 639 643 
122: 9 17 23 28 31 43 45 49 50 56 60 65 66 68 77 79 90 98 100 101 102 104 108 119 121 126 147 152 153 155 158 160 165 168 169 171 172 174 185 188 189 190 191 196 212 214 215 217 226 233 245 249 250 260 262 269 279 282 287 288 289 293 299 304 318 320 324 337 348 349 351 355 363 364 366 370 379 389 391 392 396 398 404 421 422 429 430 443 444 446 472 473 474 476 480 493 494 499 507 508 511 517 520 531 533 536 539 540 543 556 557 561 563 568 576 577 588 601 606 623 629 637 
150: 0 1 6 9 15 20 23 25 33 35 36 37 48 52 53 56 61 64 66 70 73 82 84 90 94 97 98 106 110 118 119 127 142 146 147 150 152 159 161 168 174 179 181 182 188 190 191 192 193 201 205 209 210 216 219 226 227 232 241 244 245 248 251 260 270 274 284 301 303 304 313 317 320 330 331 332 339 342 347 352 357 359 360 363 366 371 373 374 375 379 385 390 398 402 405 406 420 423 425 426 429 437 439 444 445 452 454 458 462 463 481 483 485 491 492 497 498 499 504 513 520 524 526 527 530 536 537 548 553 554 557 561 569 570 571 576 578 584 598 600 604 606 613 617 626 633 635 636 642 645 
135: 1 6 7 8 9 15 16 21 25 26 28 31 37 38 48 52 59 60 61 63 65 82 89 90 103 106 118 123 127 130 137 149 160 163 164 165 167 170 173 177 178 183 184 185 192 195 196 197 210 211 214 218 221 234 236 249 250 253 258 264 268 271 272 277 278 291 292 296 300 302 304 305 309 310 311 312 314 316 319 324 328 331 336 347 355 358 361 363 370 378 394 395 405 406 408 411 414 415 417 418 423 427 429 436 440 443 462 472 493 494 503 504 510 511 512 529 531 537 547 550 552 557 565 568 573 576 578 591 600 623 625 631 632 637 639 
123: 4 5 9 18 19 27 36 39 45 49 53 58 62 65 86 90 100 108 116 120 127 130 138 141 143 144 156 158 171 175 180 183 189 190 201 204 209 211 221 233 235 242 249 250 254 256 259 265 266 268 271 274 277 285 287 295 299 304 305 306 310 317 321 328 333 337 346 359 360 368 373 374 383 387 388 401 409 422 431 435 439 442 447 448 449 453 460 465 468 478 483 488 490 491 493 501 506 508 511 521 523 527 533 534 536 544 546 554 556 558 562 565 571 577 578 580 591 597 616 617 630 640 642 
126: 3 8 11 12 19 26 55 56 57 60 64 71 72 75 76 80 82 84 86 87 93 95 97 102 106 109 110 112 116 117 118 122 123 131 140 158 161 165 173 175 181 188 192 193 195 196 197 200 226 230 234 250 265 270 282 283 296 297 299 308 310 321 323 327 352 355 361 375 382 389 397 399 402 411 415 416 417 421 422 433 441 442 445 460 463 464 483 488 497 506 523 524 525 528 529 532 533 537 542 549 558 563 570 574 578 579 582 583 584 595 596 599 600 603 606 607 612 616 620 621 622 630 636 637 639 643 
136: 1 2 10 14 17 21 23 27 28 41 46 60 61 68 69 70 71 76 80 86 93 97 103 115 121 128 132 137 139 140 143 149 151 157 159 168 169 172 178 185 186 187 188 189 191 203 210 228 231 233 238 241 243 245 248 252 253 258 263 266 268 278 281 282 283 286 288 292 293 301 310 315 316 317 320 326 331 334 357 359 366 371 375 376 381 382 385 389 413 416 425 431 432 434 437 442 445 449 452 455 456 474 482 494 495 501 505 513 528 530 543 548 558 566 568 571 580 582 589 590 591 592 594 602 608 609 611 614 615 625 627 632 638 639 640 646 
131: 1 15 17 24 39 42 43 53 60 62 63 88 93 94 97 100 102 104 111 114 119 123 125 130 133 136 156 157 158 160 170 179 180 187 193 196 198 200 207 210 213 215 222 235 237 239 249 254 267 268 271 276 279 283 285 290 293 294 298 303 312 313 317 318 320 324 326 327 330 335 338 340 341 350 357 365 368 369 385 389 395 399 403 404 408 414 420 422 423 425 437 442 448 457 468 473 474 475 484 490 491 507 508 514 515 520 524 528 531 534 545 549 555 557 559 568 573 575 583 594 601 604 612 613 617 622 629 633 639 645 646 
130: 9 14 17 25 26 35 36 43 57 66 72 80 83 88 96 103 115 121 128 130 135 140 143 155 157 158 159 161 164 180 188 190 196 200 202 203 206 224 234 236 249 253 258 259 261 263 266 268 269 274 278 281 287 300 306 313 326 327 328 342 347 360 361 362 365 371 372 374 377 383 386 392 395 396 404 406 408 410 413 421 423 425 432 436 439 444 448 453 462 463 466 467 472 479 481 482 499 500 502 506 510 511 512 526 539 553 562 564 565 566 568 569 578 581 582 583 586 591 596 598 604 606 610 613 614 618 620 632 634 646 
138: 7 15 29 42 57 59 62 64 77 86 88 92 97 98 101 105 108 112 116 120 125 126 133 138 144 156 159 168 170 171 172 177 181 184 185 194 195 201 210 211 217 224 227 231 234 237 242 243 245 247 251 256 273 284 290 293 301 303 305 312 313 314 315 318 326 329 330 335 340 344 350 351 354 358 363 366 367 372 377 378 379 402 412 417 421 422 424 427 428 434 444 448 452 460 464 465 473 477 485 486 491 499 504 510 522 527 528 529 531 543 550 554 557 561 563 565 570 572 574 576 580 582 583 588 589 592 596 609 611 612 614 615 623 637 640 641 642 645 
138: 2 3 7 20 36 44 60 63 67 76 86 94 106 108 110 114 115 117 119 127 132 133 140 144 145 149 158 160 163 165 176 179 186 189 190 193 209 211 214 227 234 236 238 239 246 250 258 259 268 269 271 273 274 279 285 293 298 310 312 328 330 340 341 346 348 349 352 353 355 366 372 377 385 386 389 390 391 394 396 399 401 411 414 415 417 424 449 450 453 457 465 468 469 471 473 477 485 488 494 497 507 508 510 512 519 531 534 537 549 550 551 555 556 562 563 564 566 567 569 570 572 573 577 580 589 591 593 602 604 607 611 615 625 628 631 634 643 646 
132: 3 6 29 32 38 41 46 47 60 62 63 67 70 74 76 77 85 89 94 96 109 110 119 123 128 134 138 143 148 151 158 172 175 179 180 182 183 191 202 204 205 211 212 213 216 217 218 219 222 226 232 236 240 242 247 254 263 269 271 273 281 285 288 291 299 301 302 315 316 326 330 334 335 344 352 366 368 374 386 390 397 405 416 423 427 428 429 437 440 443 447 452 459 460 466 468 470 471 473 474 488 498 500 502 503 508 509 511 518 522 533 537 538 549 558 559 562 571 572 574 576 583 588 596 602 604 617 620 621 627 642 645 
126: 5 9 18 28 42 44 46 59 62 65 66 71 74 76 79 86 89 91 95 97 98 99 107 111 112 115 126 129 139 142 145 147 152 156 157 159 161 163 175 176 178 187 190 193 196 210 216 219 222 230 234 236 245 248 262 268 270 272 286 287 291 292 296 297 307 311 324 337 347 353 360 363 367 369 371 395 398 399 405 407 409 410 420 423 424 436 450 466 478 485 489 491 494 506 507 511 518 527 536 542 549 560 567 569 572 575 576 581 582 584 587 593 599 603 604 609 614 618 620 621 622 623 625 626 627 630 
142: 6 7 8 9 17 20 21 25 31 47 49 52 54 55 60 61 62 65 68 70 76 87 96 97 106 108 109 115 117 120 121 133 136 138 139 150 157 159 161 162 165 169 173 180 189 194 201 205 207 218 222 237 242 258 260 266 269 276 278 291 292 293 295 301 304 307 310 312 314 315 325 328 331 334 341 343 352 361 362 368 370 374 375 377 381 385 388 390 402 411 415 420 429 440 442 444 445 446 460 463 466 469 470 487 492 497 503 505 519 520 523 535 541 543 549 550 554 555 565 573 575 576 577 581 586 587 589 593 600 603 604 608 616 621 626 629 634 635 636 637 638 639 
130: 2 3 7 12 14 16 24 25 26 28 29 35 39 42 45 46 47 48 49 57 66 79 81 83 84 87 88 89 91 92 93 101 112 121 140 144 146 156 160 161 164 169 173 178 182 184 198 209 210 217 227 228 230 233 235 237 241 244 249 257 266 267 275 279 294 296 300 304 307 309 314 317 325 326 340 350 383 401 406 409 412 413 422 424 429 431 435 443 444 445 452 459 462 465 468 475 477 480 493 502 503 504 507 513 525 527 531 539 541 544 545 568 574 577 578 579 595 604 609 613 617 623 628 629 630 632 634 635 643 644 
139: 19 21 26 30 33 34 41 47 49 58 59 61 65 68 69 76 81 86 90 100 102 103 105 106 112 113 124 126 128 131 133 134 140 151 160 164 166 170 172 175 176 177 185 188 189 192 193 196 201 214 215 217 220 227 231 232 234 236 244 246 259 262 269 272 274 281 283 288 291 293 295 305 309 311 313 316 321 333 335 338 339 343 344 348 352 354 370 374 375 379 384 386 394 399 417 424 426 438 442 448 451 458 459 461 465 476 479 484 485 487 508 509 520 523 524 529 532 533 538 539 541 566 569 575 590 594 599 603 605 618 619 620 621 622 628 630 631 637 640 
129: 1 4 22 26 28 29 32 49 51 52 58 59 63 68 69 78 80 81 82 83 87 88 90 93 95 100 103 105 107 112 115 116 119 127 140 145 163 166 170 174 178 190 205 213 219 221 224 230 232 243 246 248 254 262 265 273 284 285 287 288 293 304 305 312 322 327 332 342 349 351 353 365 368 379 384 386 391 411 414 420 428 429 432 438 440 448 451 456 466 472 473 474 475 481 488 490 496 498 500 508 517 521 529 533 543 547 548 552 556 559 566 567 568 576 579 583 587 593 597 599 612 615 617 619 624 636 637 641 643 
128: 2 12 21 24 27 33 37 48 50 57 64 67 69 78 84 85 87 89 91 98 124 130 132 133 134 145 149 150 154 155 158 167 170 171 172 178 185 186 187 191 192 199 205 206 207 209 213 222 227 230 242 244 247 250 255 257 259 260 266 270 274 280 287 294 298 304 309 311 315 316 321 325 331 337 359 366 368 372 376 382 386 405 414 415 416 417 429 430 438 439 447 457 462 463 467 468 470 481 493 509 510 521 523 530 531 533 534 536 537 538 541 545 571 572 573 576 585 597 605 607 613 614 615 621 623 629 630 639 
143: 7 12 20 24 28 31 35 36 38 40 42 46 52 55 56 60 63 65 68 71 72 74 87 94 97 101 102 103 104 111 130 131 132 136 148 150 151 163 165 166 171 181 183 187 193 195 200 212 214 216 222 223 232 240 243 248 252 256 258 259 260 264 267 273 280 284 285 288 291 295 301 306 310 311 316 323 329 331 334 338 339 343 348 353 354 358 361 371 374 377 380 382 385 389 401 408 410 417 423 425 428 433 436 438 444 445 446 448 450 452 453 466 469 475 493 494 524 526 528 530 537 538 543 548 554 559 565 571 574 575 581 593 596 601 610 612 614 615 621 623 625 635 638 
113: 4 8 39 41 43 44 53 62 63 73 84 89 94 97 103 104 109 132 145 151 156 157 161 164 166 189 192 195 205 208 212 214 223 225 238 239 245 255 258 260 261 265 277 281 282 284 286 295 302 303 304 306 309 311 317 322 339 341 342 344 356 358 371 375 376 390 391 396 398 406 408 410 412 417 420 428 430 431 446 450 453 457 458 459 462 464 478 491 493 499 508 512 514 515 521 538 540 547 558 564 568 573 580 587 596 599 605 626 627 628 631 632 636 
127: 1 3 4 6 12 20 25 30 31 33 47 48 57 59 60 62 64 69 82 86 88 90 92 94 96 100 101 107 113 122 130 134 135 140 145 148 166 167 170 174 175 188 199 202 204 221 224 227 228 232 234 241 243 246 251 253 261 263 266 270 284 285 300 301 309 323 324 326 327 332 334 348 362 363 370 373 379 395 397 399 403 420 423 441 454 462 463 464 470 476 481 482 489 501 503 507 512 515 522 523 532 536 539 541 544 554 557 558 559 560 562 563 564 571 578 593 600 602 612 614 620 629 630 634 639 642 644 
131: 0 2 7 15 19 27 32 43 49 54 55 56 62 70 74 75 80 84 88 93 97 98 107 108 113 114 116 132 134 141 146 149 150 158 171 175 178 180 184 190 192 198 199 201 203 207 211 213 215 218 221 225 229 230 233 245 252 256 270 276 278 287 291 299 305 309 310 313 333 339 341 343 354 363 366 374 376 384 387 398 399 401 402 404 405 406 410 411 412 413 415 426 432 433 440 446 451 464 474 479 484 488 506 517 520 527 532 540 544 546 547 548 567 569 574 575 576 578 589 596 602 604 605 610 622 627 633 639 641 642 643 
120: 18 22 23 25 28 30 38 42 48 52 54 58 63 64 67 72 74 79 112 113 116 119 120 129 139 144 149 152 167 169 171 175 176 180 188 191 193 194 200 207 210 218 229 230 232 236 237 240 241 246 248 251 269 272 278 299 300 301 303 312 314 316 324 335 344 347 356 357 364 367 371 372 373 381 393 397 400 404 408 422 430 433 435 440 448 452 453 459 462 467 470 480 491 495 500 502 505 517 520 528 539 546 549 550 552 559 564 573 580 581 590 597 598 610 623 626 627 633 644 646 
129: 2 4 7 17 19 20 24 29 35 38 41 42 43 49 51 55 65 71 74 75 77 92 99 110 115 117 123 124 126 135 140 151 153 165 169 177 183 185 187 190 207 212 223 231 235 237 240 242 244 247 249 259 260 261 262 270 277 280 286 303 305 315 324 325 327 331 338 339 354 358 367 373 376 378 382 390 393 396 397 399 406 421 422 424 425 426 433 441 442 444 448 454 458 462 468 470 475 477 478 480 486 488 489 492 493 503 512 513 519 520 522 525 527 536 544 545 557 562 570 578 589 607 609 610 613 625 626 629 641 
127: 2 11 18 24 27 28 38 40 43 53 58 67 68 84 85 86 88 92 94 95 98 101 106 108 114 118 121 125 126 127 145 147 151 155 156 166 167 168 169 171 173 179 181 182 190 194 195 198 200 207 213 219 223 234 246 256 258 259 269 281 282 285 287 289 294 295 299 303 315 318 324 329 335 336 342 346 356 370 372 374 407 410 416 423 430 432 433 434 449 453 455 458 461 466 471 474 479 483 492 504 505 514 522 531 535 541 549 550 565 581 584 598 600 601 610 612 613 628 629 631 633 636 637 639 642 643 646 
144: 10 17 18 20 33 43 47 62 63 64 68 69 75 76 83 92 97 100 106 110 115 120 126 132 133 137 139 140 144 151 154 155 161 165 172 175 179 180 181 190 192 195 199 205 206 210 215 217 218 219 222 223 225 230 235 238 239 249 257 258 261 272 276 278 282 287 295 296 297 313 317 321 324 329 330 335 352 361 364 368 371 388 394 403 411 416 417 421 425 429 434 437 448 450 461 466 467 478 480 482 484 488 493 494 496 499 503 517 524 534 539 541 544 547 557 558 566 568 569 572 573 574 576 577 579 580 582 585 595 600 602 612 613 614 619 620 623 625 627 630 633 636 643 644 
128: 3 8 13 26 29 34 56 63 66 67 74 78 85 87 89 95 103 104 105 114 118 125 128 130 131 134 139 153 155 166 169 175 176 177 181 187 195 207 210 211 225 231 252 264 265 268 272 278 283 285 290 295 302 306 308 311 314 321 322 324 325 329 331 336 352 364 367 373 374 375 377 383 390 394 401 404 405 412 416 425 426 428 429 431 437 439 446 447 448 453 455 457 463 464 476 478 487 498 500 503 508 509 518 527 530 531 533 545 549 552 554 557 558 559 561 573 577 578 581 583 585 587 599 605 613 614 638 639 
123: 0 1 6 8 23 24 30 39 48 49 52 63 64 67 85 97 106 108 117 118 125 126 140 142 145 147 156 162 163 165 170 171 174 184 185 189 190 192 196 204 208 213 214 219 223 228 237 238 244 254 258 260 269 283 287 292 294 295 300 304 309 313 315 328 334 336 340 343 346 350 353 355 358 359 376 377 379 381 384 392 400 406 411 419 422 424 431 435 454 460 463 470 482 491 493 494 500 506 512 517 525 533 539 545 547 549 551 553 555 563 569 576 577 579 586 587 595 600 607 616 627 635 639 
125: 1 8 9 13 14 15 16 19 20 29 30 31 39 46 53 57 61 64 67 77 78 84 96 102 103 111 120 121 122 125 134 138 143 149 155 176 180 181 189 194 198 200 204 219 225 229 230 232 234 236 238 243 245 246 250 251 260 271 272 274 275 278 284 285 288 295 297 308 318 323 333 341 343 347 354 355 356 358 361 362 368 374 376 377 381 387 399 411 417 420 425 436 438 442 448 457 466 478 483 487 490 492 493 494 523 525 529 536 539 542 544 550 551 553 571 572 583 590 592 606 610 613 620 624 631 
122: 3 6 13 26 31 33 57 64 72 73 75 76 77 79 83 87 93 94 110 113 114 118 119 121 128 130 131 136 141 151 154 155 163 164 168 174 176 177 184 190 191 197 218 219 220 223 226 236 240 244 253 262 263 265 269 273 274 280 286 292 294 298 305 307 312 313 318 319 327 339 341 343 349 377 385 386 388 389 393 407 409 413 416 423 424 426 428 430 433 448 452 453 456 464 470 488 493 494 505 520 528 529 533 544 545 560 566 567 568 569 574 578 592 603 608 615 617 618 620 633 639 646 
118: 5 8 24 31 36 47 60 63 65 70 76 78 90 93 100 105 111 117 124 125 126 128 129 134 136 165 171 174 181 182 193 199 202 214 217 218 226 230 237 239 246 249 252 261 278 292 296 301 304 306 307 311 312 313 315 324 332 338 339 341 342 344 345 347 348 356 367 384 386 392 394 411 420 421 426 431 432 434 435 449 463 473 474 480 481 483 485 487 494 502 510 511 512 514 521 534 536 542 543 545 552 554 560 566 572 576 579 593 595 602 603 612 613 614 622 625 628 644 
126: 7 8 9 12 13 33 36 38 47 48 61 67 70 74 80 88 89 100 101 108 109 120 121 126 131 145 147 159 160 161 165 173 179 189 199 202 204 209 217 219 222 229 234 236 254 261 269 271 272 284 285 297 305 317 320 322 331 335 344 345 347 356 357 365 366 369 370 383 385 388 392 403 411 412 418 419 420 426 428 437 442 445 447 455 456 457 461 463 469 471 475 477 483 487 488 499 500 501 513 516 530 536 539 541 547 558 561 563 565 576 578 579 580 587 588 589 591 599 608 612 621 623 627 635 638 640 
131: 0 16 23 24 25 33 34 47 49 50 56 60 63 65 66 73 83 85 90 93 94 96 107 111 117 118 121 135 137 141 144 151 156 164 165 166 171 173 178 186 191 194 200 201 210 221 222 224 229 233 234 236 237 241 248 249 263 267 269 271 273 276 278 279 297 299 305 307 326 337 343 344 345 347 352 353 355 368 375 384 386 387 390 392 393 404 409 410 411 425 431 437 438 439 440 464 470 471 472 474 487 497 504 511 520 530 533 534 535 542 545 549 562 569 573 575 582 584 585 592 603 612 616 622 629 634 636 638 639 641 645 
125: 2 40 41 44 50 51 56 59 60 61 64 69 72 73 76 77 81 85 95 100 103 111 113 117 118 120 122 124 132 134 138 141 142 149 152 162 163 170 172 186 189 190 191 202 208 215 218 229 233 235 236 237 246 255 256 259 271 277 289 296 298 299 302 307 322 325 332 333 337 341 347 351 363 366 369 372 377 381 383 388 389 390 395 424 431 434 438 443 448 449 455 464 470 480 487 495 501 503 504 506 510 512 514 515 532 534 538 542 543 544 546 558 569 570 575 579 581 595 598 600 602 611 620 631 645 
127: 0 7 9 14 17 18 27 30 40 46 54 58 62 65 70 79 82 90 95 98 103 109 116 121 126 136 140 145 146 149 152 158 159 162 163 167 177 178 183 184 187 192 195 197 203 218 219 221 237 245 247 250 254 258 259 267 273 276 282 287 294 307 310 317 333 342 343 347 349 352 353 362 367 369 377 385 386 390 391 393 397 402 406 413 414 423 435 437 441 445 447 448 456 465 468 491 500 511 513 516 517 522 524 532 534 539 541 547 554 563 585 590 602 608 609 610 612 615 616 620 621 631 633 634 637 640 645 
132: 1 11 16 25 27 29 40 44 50 54 59 67 77 78 85 86 89 94 105 108 109 116 122 130 144 145 150 153 166 171 172 173 179 185 186 189 190 191 193 194 195 200 203 208 222 236 238 247 251 253 255 257 261 264 266 267 268 270 276 278 280 284 291 304 305 311 315 320 345 352 358 361 362 365 381 383 384 385 386 389 396 400 414 422 424 435 436 440 443 444 463 467 470 471 472 479 480 481 482 486 487 488 493 497 501 503 519 520 524 529 536 537 539 543 548 551 559 562 565 566 574 575 584 585 596 603 605 612 618 623 630 641 
149: 5 7 12 20 24 27 31 36 50 54 57 58 61 70 76 87 88 89 90 93 96 101 103 115 130 132 133 139 145 146 150 151 160 161 162 171 176 182 187 193 213 219 221 223 230 233 234 239 240 241 247 248 252 253 257 261 265 272 279 286 291 309 314 316 317 318 319 321 323 325 328 329 331 337 352 354 357 360 361 365 367 373 379 380 382 392 393 398 405 410 412 415 418 419 424 426 427 430 432 433 434 437 446 452 456 457 470 476 479 481 485 495 496 500 506 509 510 516 517 526 527 528 536 540 541 542 544 555 558 562 564 568 569 570 575 576 581 587 588 595 596 599 609 622 625 629 637 642 643 
138: 1 10 14 17 21 24 32 42 50 52 55 57 58 60 73 79 84 94 101 103 104 117 119 129 130 133 135 136 138 142 146 150 152 161 163 174 177 179 184 185 187 199 213 214 218 222 225 226 231 238 240 241 251 258 264 266 273 275 279 298 307 311 316 318 319 322 332 337 338 339 340 346 353 355 357 364 369 375 378 387 397 404 409 410 414 420 425 429 439 452 453 455 456 457 467 468 472 474 487 491 495 501 507 509 510 513 522 525 528 540 544 546 550 553 556 558 568 575 578 580 584 586 588 593 594 599 607 609 611 615 617 620 623 633 636 640 642 646 
124: 0 1 9 17 18 22 23 35 52 64 65 68 69 76 77 99 103 113 119 122 126 127 132 133 139 140 141 144 149 159 164 166 167 176 182 184 185 188 190 192 193 196 200 211 212 214 219 222 223 227 242 243 251 255 260 261 280 286 288 291 292 299 304 313 315 321 323 324 327 328 332 343 344 345 352 353 356 358 373 387 392 398 400 403 407 416 419 420 425 429 430 434 435 439 450 465 466 472 480 482 496 500 503 508 509 519 528 541 542 545 548 556 557 560 565 566 582 589 616 618 620 636 638 646 
128: 6 10 13 14 20 28 32 33 37 49 53 55 57 58 60 72 75 80 81 83 91 94 99 104 106 107 108 110 115 126 129 142 145 152 154 157 166 170 173 174 180 182 189 190 195 206 210 212 214 228 229 239 247 253 254 255 256 264 266 273 275 276 277 283 286 288 290 291 294 300 303 304 317 321 327 332 333 334 336 338 350 351 357 360 361 370 371 374 378 379 382 399 405 406 428 446 449 458 465 480 488 491 498 500 504 515 522 530 536 537 553 558 564 566 575 578 581 597 602 608 610 621 624 626 630 632 634 637 
109: 4 5 7 13 26 29 38 55 58 61 63 67 68 70 109 129 142 143 144 173 178 181 185 201 202 205 206 207 221 223 232 233 237 238 241 245 263 264 271 274 275 276 282 287 291 297 309 312 317 318 328 329 332 334 338 340 344 350 367 372 374 378 386 387 390 393 396 404 406 407 410 411 412 413 416 430 434 446 460 475 487 495 496 497 507 515 516 519 523 525 528 529 535 536 538 541 542 547 559 569 570 572 573 576 587 594 609 622 634 
122: 0 2 4 7 9 10 11 21 23 32 39 40 43 54 59 64 74 94 99 100 109 115 117 121 124 125 133 134 136 138 141 144 145 147 148 151 156 160 162 165 168 180 186 193 196 199 200 214 224 225 237 241 244 250 253 261 273 278 287 288 290 301 334 343 350 354 355 361 364 365 370 372 373 376 378 384 402 403 413 414 421 425 427 444 445 451 460 477 479 489 494 495 503 504 510 517 519 529 531 532 538 541 551 553 557 571 574 586 594 599 600 611 613 616 620 623 630 631 632 633 639 641 
146: 0 3 6 7 8 12 13 26 28 33 39 41 45 47 53 63 65 71 72 76 82 88 96 99 107 111 112 119 128 131 132 138 143 149 155 156 163 174 177 180 182 187 199 202 207 212 215 216 234 237 245 249 258 265 266 271 282 289 291 296 297 300 306 308 311 315 316 319 324 325 333 337 338 339 342 345 350 351 352 354 362 364 365 374 377 378 379 382 388 394 396 398 399 403 410 415 421 424 428 430 438 442 444 450 469 472 481 485 494 503 513 516 519 525 526 527 533 543 554 557 561 566 568 575 580 585 587 588 594 596 597 600 602 608 609 617 621 623 624 627 629 635 636 640 641 645 
136: 2 3 10 11 12 18 27 28 34 38 59 62 69 70 72 91 94 95 99 106 116 125 128 133 134 137 139 140 148 150 151 155 156 157 162 163 175 176 190 191 192 198 200 203 220 225 226 228 229 236 239 248 249 250 251 267 274 279 281 287 289 293 295 299 307 308 312 314 315 316 327 330 335 336 337 355 356 360 362 363 377 386 388 390 397 403 407 412 416 417 425 428 429 439 441 447 462 465 471 473 477 481 482 483 484 487 490 491 507 508 509 513 518 525 543 544 559 570 571 582 585 587 589 591 594 597 600 604 609 617 623 638 641 642 645 646 
129: 0 6 7 13 17 22 24 26 27 28 31 38 42 45 51 61 64 71 73 80 90 94 97 104 118 120 121 123 132 133 138 152 157 166 167 178 180 188 192 195 202 203 206 227 237 241 243 247 250 262 263 265 266 271 276 293 295 298 305 307 309 312 313 326 330 333 334 341 342 343 349 353 355 356 362 363 365 373 388 393 394 400 404 406 411 418 421 422 428 433 435 453 454 457 458 460 470 473 475 485 487 493 494 503 517 518 520 526 530 533 538 542 544 545 561 568 571 572 573 579 583 585 588 596 602 607 621 631 645 
116: 1 7 13 18 23 24 25 28 34 37 39 41 46 66 68 69 75 83 84 85 92 95 96 101 106 109 125 133 144 145 147 151 155 169 173 174 175 178 180 187 192 221 243 247 248 276 281 283 284 315 322 324 326 329 332 344 347 351 361 363 365 367 373 374 379 381 382 383 384 386 387 388 392 404 415 416 419 431 433 441 442 455 459 468 479 481 482 495 498 499 503 522 526 527 530 536 537 538 541 549 551 554 563 566 567 568 582 595 599 600 611 626 640 641 642 646 
129: 0 16 24 25 26 30 31 33 40 54 58 61 63 65 68 71 75 87 89 97 104 110 121 127 133 135 145 149 153 154 165 172 181 196 198 206 207 212 218 223 224 231 235 238 240 255 258 261 262 264 265 266 269 274 275 280 283 288 294 301 312 320 323 325 331 338 351 353 375 376 387 389 397 409 416 419 423 425 427 430 443 446 454 457 463 469 475 482 483 484 485 486 487 489 504 511 515 523 525 528 531 534 535 536 541 544 559 564 574 576 581 583 590 593 596 598 599 616 624 626 628 629 630 631 632 633 634 636 643 
135: 3 6 7 15 21 22 24 27 32 34 36 38 41 52 59 61 64 68 72 78 79 85 88 90 93 96 113 115 124 125 130 132 136 139 140 142 150 155 156 165 174 181 187 191 196 199 204 207 216 222 226 232 242 244 256 257 258 273 278 284 291 308 314 315 319 329 335 339 340 341 342 347 348 350 351 359 367 368 369 370 378 382 384 386 391 396 400 404 420 421 424 431 440 460 469 473 477 481 494 497 504 505 507 509 513 520 521 524 534 536 538 542 547 556 559 560 564 572 576 580 581 592 597 600 601 603 604 608 611 614 617 621 631 633 641 
118: 12 14 17 21 23 24 44 45 55 57 58 60 66 75 83 87 94 104 108 115 116 123 144 150 154 160 162 164 183 186 187 188 193 195 196 200 201 210 213 217 227 229 233 243 253 262 267 270 275 282 286 287 293 296 298 301 309 312 313 317 323 335 345 346 353 361 363 371 375 379 389 394 404 406 417 421 426 429 430 431 432 437 446 468 469 472 476 477 480 488 494 505 506 519 521 522 524 526 528 532 539 546 557 561 563 572 577 578 590 600 601 612 619 620 621 623 628 633 
118: 0 7 11 15 19 25 26 28 29 35 40 42 48 55 66 69 72 74 80 84 90 104 109 110 113 116 117 153 154 165 174 188 191 201 206 207 232 242 247 256 257 258 271 282 286 290 299 315 324 328 331 338 343 344 348 350 355 371 375 380 412 416 422 425 431 437 438 439 445 446 448 461 463 466 482 485 491 495 496 500 503 505 508 509 510 511 513 514 518 522 543 546 547 549 555 558 561 562 563 564 565 571 578 592 593 595 600 601 603 605 607 609 616 620 628 635 636 643 
129: 5 7 18 20 27 31 39 50 53 54 65 66 69 71 73 76 79 83 84 88 89 97 102 103 109 111 119 127 133 141 147 149 158 161 162 168 177 179 181 186 187 188 196 200 206 207 208 210 217 218 221 223 224 226 230 248 257 263 264 278 280 281 295 308 310 313 314 315 325 328 334 340 344 348 359 361 364 365 366 368 372 373 377 385 389 390 394 397 400 404 406 407 410 419 427 437 442 463 474 476 479 485 495 498 519 520 530 551 556 566 567 570 571 572 575 576 579 580 581 586 594 596 598 603 617 622 627 635 643 
118: 3 11 20 25 27 36 37 44 52 56 65 68 71 75 79 85 100 106 114 115 120 122 125 130 132 133 146 151 153 154 158 162 164 169 170 177 179 180 185 193 196 198 200 217 220 221 241 243 249 256 259 272 274 276 289 294 298 303 307 309 324 330 340 347 351 353 365 375 376 397 401 403 404 407 422 427 428 432 442 443 446 451 454 463 464 467 476 477 479 480 486 489 491 509 513 522 531 532 538 565 566 568 573 574 576 578 585 587 603 604 606 610 612 616 627 637 638 639 
123: 14 18 20 23 25 28 35 36 42 47 54 56 62 73 79 81 91 97 102 103 109 113 116 125 129 132 139 141 148 149 151 152 156 160 171 177 179 189 190 201 202 203 205 210 213 217 226 234 241 246 253 254 263 265 270 272 277 284 288 294 298 303 304 307 308 316 340 345 354 357 367 375 377 382 383 385 388 409 411 418 426 431 433 435 437 447 458 463 466 474 479 492 493 498 500 501 502 504 512 513 516 528 530 531 536 540 541 551 559 560 561 563 565 577 580 596 608 619 624 625 627 632 635 
127: 1 10 13 15 20 28 34 37 39 53 74 75 77 78 85 87 88 89 104 105 111 115 121 122 125 141 151 162 164 167 172 175 176 182 201 208 215 222 226 229 236 238 242 245 258 259 261 264 266 267 275 281 294 300 301 302 311 317 318 319 329 330 332 334 335 338 341 342 343 358 363 367 379 381 382 389 390 395 399 411 421 424 436 438 448 458 463 473 486 489 490 494 503 519 533 534 535 536 539 541 544 549 551 553 557 558 562 569 574 578 580 581 583 586 593 599 600 610 612 615 626 629 635 637 639 642 643 
121: 26 33 35 36 38 50 55 59 61 68 72 75 76 77 87 91 93 95 96 97 104 116 121 122 129 130 133 142 143 144 148 155 163 164 174 190 200 207 208 212 219 223 235 236 237 250 251 255 262 267 269 270 273 287 288 289 292 293 295 297 298 300 301 303 305 308 317 326 328 334 340 342 343 352 360 362 364 367 369 371 373 380 381 382 395 406 420 425 427 445 452 461 463 469 472 496 508 520 527 533 546 550 554 556 561 562 585 587 600 601 602 603 607 608 626 627 631 634 638 642 644 
113: 3 17 22 25 34 42 46 49 52 61 72 73 84 87 89 102 104 105 118 126 128 132 135 138 145 150 156 167 173 175 182 187 192 194 201 204 211 214 219 223 226 229 231 234 240 241 242 247 249 264 265 284 289 293 296 315 316 322 323 328 333 337 344 346 349 352 354 359 365 367 369 370 378 392 394 399 401 406 417 420 421 423 431 434 445 448 454 455 460 475 480 483 484 504 507 522 523 531 532 566 573 584 589 605 607 616 623 627 629 633 635 638 644 
143: 0 5 14 15 16 29 30 37 42 43 44 47 48 68 70 76 78 79 81 92 94 100 101 103 105 108 111 123 137 163 177 183 184 187 194 195 199 206 208 209 217 220 226 230 234 238 239 244 251 256 259 267 274 276 284 291 293 300 304 318 319 329 331 338 343 348 349 355 357 359 367 368 369 370 378 388 395 397 399 403 405 411 412 416 418 433 440 451 453 455 458 462 464 465 469 478 480 488 491 495 499 500 503 509 511 515 519 520 524 526 528 529 530 534 535 543 546 548 549 552 560 563 569 572 573 578 580 584 585 590 592 596 600 607 609 611 614 619 622 624 626 630 636 
136: 3 4 5 9 13 16 17 20 22 27 36 40 44 47 49 51 59 65 71 78 84 86 106 111 122 125 130 132 136 137 139 141 146 147 154 155 167 173 175 181 184 192 193 194 200 203 205 213 219 225 242 243 252 255 258 260 261 264 269 275 287 289 298 310 312 315 327 329 330 343 347 360 362 365 372 379 386 388 390 393 394 401 407 410 416 417 418 425 430 446 451 456 457 458 459 464 465 472 480 485 486 489 499 500 502 506 507 512 518 520 540 541 544 546 550 551 553 560 567 575 585 587 589 594 595 598 610 616 617 618 623 624 627 633 640 641 
141: 2 3 4 8 9 14 23 27 28 34 39 46 51 53 57 58 60 66 68 70 81 85 86 93 111 112 113 116 117 126 131 136 141 142 143 146 150 155 164 165 170 171 180 182 203 214 219 221 226 228 236 237 238 239 243 247 249 256 257 263 271 276 277 281 287 289 293 296 298 299 301 304 307 314 320 325 326 337 342 343 344 347 349 355 357 358 364 373 380 384 389 404 412 416 418 420 427 436 442 446 451 456 463 464 468 474 477 478 481 485 486 499 508 511 524 534 537 538 548 550 553 557 563 567 571 583 586 590 591 593 605 607 608 610 611 616 622 625 631 635 636 
136: 3 5 8 11 13 15 18 21 22 23 29 30 32 36 43 45 53 75 76 79 80 90 94 97 98 100 106 116 120 122 123 126 133 139 145 147 148 151 154 157 161 164 174 177 191 200 207 213 217 226 227 229 231 233 235 236 238 239 240 245 254 255 257 276 279 281 287 288 304 307 317 318 320 327 331 336 347 352 357 361 364 368 370 373 378 387 390 395 397 403 407 411 415 420 421 430 433 441 442 445 452 455 462 474 485 487 499 507 513 519 525 527 532 542 549 551 562 564 568 579 580 585 589 590 595 602 603 612 624 626 627 635 637 640 642 646 
134: 1 12 14 23 32 35 37 44 49 53 55 56 58 62 65 70 83 85 90 92 96 100 101 102 111 116 117 126 127 150 153 160 169 177 189 192 194 203 205 206 210 216 217 224 233 243 247 250 251 252 255 260 265 278 281 282 286 290 291 302 319 323 334 335 336 342 346 364 372 374 375 378 382 385 388 399 405 406 407 408 411 426 428 430 435 445 457 458 460 467 475 479 482 485 486 492 494 497 500 502 503 507 508 509 517 527 529 530 534 539 549 558 561 564 565 569 572 574 575 577 579 582 584 587 591 597 599 600 602 615 618 622 625 643 
133: 0 3 7 9 11 12 15 16 20 26 29 31 42 47 48 53 54 55 59 61 66 83 85 86 89 90 91 93 97 102 108 121 129 138 143 145 150 152 165 166 170 172 176 183 184 186 204 209 210 213 216 222 228 234 240 250 251 262 270 271 274 277 288 294 304 306 307 320 323 330 340 343 344 350 353 369 373 374 387 388 392 412 417 423 430 435 442 449 450 453 454 464 469 473 474 476 477 479 487 489 491 498 502 506 507 508 517 524 528 530 534 551 554 555 556 557 562 563 576 578 579 582 585 605 607 616 621 623 624 625 628 636 642 
134: 1 5 11 12 23 25 31 32 35 36 39 50 53 54 61 67 71 76 77 83 90 97 99 100 101 102 104 109 119 121 123 134 147 149 153 156 160 165 167 169 170 175 177 190 205 208 212 220 222 223 248 249 257 259 263 274 282 292 294 295 298 299 303 307 313 325 328 329 335 337 340 345 349 363 368 371 379 394 398 410 424 429 432 434 444 449 453 455 457 462 468 477 482 483 484 488 492 496 497 499 500 519 523 525 526 527 533 535 540 542 545 548 549 553 557 559 564 565 572 573 575 586 597 614 616 617 623 625 630 631 632 635 639 640 
140: 11 15 16 24 28 52 57 70 78 81 82 83 84 90 97 101 107 109 110 117 129 133 139 141 144 149 150 152 155 156 161 162 163 164 182 190 193 195 200 205 206 210 213 217 222 225 228 230 232 233 234 236 237 242 247 248 259 260 268 275 284 285 289 296 298 299 302 304 307 309 321 322 330 348 353 357 371 375 381 386 388 390 392 396 400 402 411 420 421 423 428 432 436 439 440 441 444 446 451 453 455 460 463 469 475 477 478 484 485 493 498 501 502 503 512 513 522 525 532 536 549 551 554 558 562 568 571 573 592 594 601 605 606 608 612 613 617 618 626 642 
113: 34 37 46 53 55 58 69 78 89 90 91 103 109 118 119 134 140 144 149 150 151 155 158 163 165 171 180 186 194 203 204 205 209 212 215 220 236 241 247 249 250 265 278 283 285 287 291 296 300 301 305 311 320 321 323 328 337 339 353 362 365 367 378 385 388 397 398 402 420 425 426 430 435 442 450 462 466 467 468 470 474 478 489 495 496 504 510 516 524 532 534 535 539 541 544 549 551 562 563 566 583 589 591 593 597 603 604 611 621 624 629 632 643 
129: 10 14 15 16 19 20 28 29 40 43 46 52 54 55 56 66 76 78 79 85 89 94 99 103 111 119 123 131 142 148 149 153 159 162 167 173 179 182 184 185 198 208 226 234 243 251 256 263 285 288 289 290 291 298 299 305 309 313 317 328 336 340 341 342 349 356 358 362 370 377 384 385 392 395 400 402 403 407 432 434 437 438 441 445 451 473 475 477 488 489 491 493 503 504 510 517 525 532 537 545 546 547 555 556 558 560 561 567 576 577 580 584 586 594 597 598 599 602 604 606 607 613 620 628 632 635 636 643 645 
122: 8 10 12 26 27 30 37 38 49 52 58 59 66 67 68 70 72 74 92 94 101 104 121 130 148 151 153 156 160 163 164 178 179 182 187 195 200 202 205 207 210 214 222 223 225 238 239 247 249 250 254 260 267 269 276 277 279 285 322 324 326 328 333 337 353 354 358 363 378 384 389 390 394 399 407 412 416 423 433 434 437 439 440 441 448 450 451 456 463 464 465 468 471 475 479 485 487 490 497 505 507 513 514 518 523 535 544 567 568 576 578 579 588 602 604 611 612 617 624 625 628 642 
123: 0 1 4 18 23 30 35 37 40 41 53 60 64 68 98 99 102 107 109 113 123 127 128 139 151 157 171 172 173 177 179 181 182 190 192 197 202 204 208 211 215 221 227 231 234 240 242 244 245 248 251 252 258 259 262 263 266 274 275 277 278 279 284 285 291 301 306 311 317 319 321 330 331 332 334 337 365 367 373 382 389 391 396 402 403 408 419 428 433 434 435 441 442 444 445 454 456 464 469 482 491 503 504 509 510 512 520 537 538 543 551 566 573 594 602 614 617 621 624 627 629 634 642 
116: 1 3 17 18 19 20 32 34 37 40 54 58 68 69 75 79 82 90 93 95 96 100 102 110 112 126 128 133 143 147 151 152 154 156 159 160 163 173 176 177 180 194 197 202 203 207 219 220 235 237 240 241 251 256 262 263 279 281 290 313 320 326 327 328 345 349 384 386 389 392 394 398 403 409 430 439 446 450 453 463 464 466 471 474 477 498 504 509 515 528 538 539 541 544 545 546 549 557 558 566 568 573 581 592 595 596 600 602 610 617 618 620 627 633 636 646 
145: 0 9 15 21 27 37 38 43 45 48 53 56 57 59 60 62 63 66 69 71 81 84 86 90 97 100 102 108 111 115 117 119 124 125 133 135 144 147 149 150 154 161 175 192 197 204 205 207 217 226 232 235 239 247 248 252 264 273 282 285 288 296 302 319 321 323 326 332 333 334 336 337 343 344 348 350 356 357 360 361 363 371 372 374 375 376 377 378 382 384 390 399 402 403 420 422 433 436 438 439 440 443 450 453 457 459 461 468 471 472 476 482 486 488 489 492 495 497 498 505 506 519 523 526 532 535 537 538 540 545 561 562 566 569 571 576 596 615 617 618 622 623 631 637 641 
146: 0 6 17 21 24 25 27 30 31 32 34 36 37 39 41 49 52 54 63 65 68 75 79 80 82 83 84 96 108 115 117 118 123 124 125 126 129 135 137 142 144 145 148 150 151 154 160 162 169 172 173 176 177 191 196 200 201 205 206 216 217 220 223 225 227 228 230 242 245 248 260 262 269 272 281 283 285 287 288 300 301 302 304 309 310 311 312 319 320 328 329 334 338 339 345 346 359 364 371 374 391 393 401 406 413 421 425 436 443 446 454 461 466 473 481 483 484 497 499 503 509 514 521 527 531 537 540 545 548 551 554 555 558 574 575 588 596 598 599 605 612 615 625 627 628 644 
133: 10 19 27 29 33 55 59 68 87 92 101 102 104 105 117 124 129 137 139 145 149 155 156 157 163 164 179 183 190 196 219 220 228 231 240 241 244 245 249 252 256 257 259 265 269 272 286 288 292 294 297 306 307 308 309 311 315 322 324 329 348 350 358 362 367 374 377 380 383 385 389 391 395 405 406 421 429 433 435 437 440 443 444 449 455 460 462 465 471 474 481 484 487 489 494 498 499 500 506 509 522 524 527 528 529 531 537 545 547 549 551 552 554 555 556 559 577 587 588 589 590 591 599 600 603 605 607 625 629 633 637 641 646 
131: 2 10 12 18 23 28 33 35 41 42 45 46 48 50 51 59 63 66 67 68 78 85 87 89 101 102 115 122 152 153 157 159 161 172 173 182 187 188 192 213 219 220 230 233 236 237 238 240 241 245 254 260 262 266 274 278 281 282 293 304 305 306 308 311 321 322 334 341 344 345 359 360 362 373 375 377 381 382 384 391 406 413 414 417 418 426 429 434 436 447 450 455 457 458 459 461 464 465 486 489 491 493 495 502 513 515 516 523 524 529 531 535 541 545 546 550 565 572 573 581 583 584 594 601 607 610 614 624 639 644 646 
131: 9 19 23 25 29 31 36 42 45 46 49 56 66 68 73 80 89 91 101 111 114 116 120 125 126 136 144 147 156 163 166 167 170 171 180 186 192 195 196 197 198 203 205 216 222 227 232 236 238 245 246 249 250 252 253 264 265 269 271 276 281 295 297 299 304 305 311 319 322 325 332 334 335 338 342 344 345 346 354 357 363 370 372 379 388 392 404 412 413 416 424 425 430 431 437 439 448 464 481 486 512 518 519 523 526 540 551 554 557 565 571 575 579 580 581 587 599 600 601 604 608 617 623 627 628 630 633 634 636 638 640 
119: 6 14 23 24 33 37 43 44 50 52 58 61 66 68 72 110 112 127 144 150 156 158 162 164 172 173 174 177 179 187 188 204 220 223 224 226 236 244 248 252 254 255 259 268 278 279 283 291 294 295 303 304 305 306 307 310 312 314 320 329 334 335 353 359 363 365 367 369 370 372 377 383 385 387 388 390 394 397 400 411 413 426 427 428 431 445 449 451 459 467 469 482 486 490 494 497 504 505 508 526 535 545 546 547 550 552 555 566 583 586 590 593 602 617 618 619 621 626 638 
126: 2 3 4 10 31 42 46 49 58 60 63 64 73 77 85 87 88 89 101 102 109 113 117 123 127 136 137 139 147 148 155 160 163 164 165 166 170 173 175 176 194 199 211 212 215 216 227 234 255 262 263 264 266 267 275 281 282 286 288 291 292 296 297 299 303 305 307 316 326 330 331 334 336 338 348 350 352 356 373 386 392 395 407 410 413 414 419 425 450 453 454 467 469 495 499 503 514 517 520 521 526 532 538 541 548 551 552 562 576 578 579 580 585 586 589 598 602 604 609 613 617 619 623 625 638 641 
140: 0 12 21 23 24 32 53 54 55 58 59 61 67 68 71 73 76 81 83 86 92 93 105 106 109 114 127 128 134 137 139 142 144 150 152 154 166 169 171 173 175 176 177 179 181 185 186 189 199 205 206 207 217 233 242 256 259 264 277 282 288 290 293 294 295 296 298 306 307 309 327 331 332 333 343 345 348 351 354 357 358 369 372 373 374 379 380 383 384 391 399 404 411 414 421 425 431 437 440 450 455 456 458 461 468 472 476 477 480 483 486 488 493 495 497 499 505 515 527 543 547 549 550 553 557 558 584 590 591 594 600 602 603 605 613 618 619 622 635 643 
113: 6 9 13 14 20 24 28 42 45 50 51 63 72 78 83 86 90 97 106 107 108 122 130 132 133 139 140 142 155 164 166 182 185 188 192 200 201 204 208 213 221 223 227 236 249 255 264 279 288 310 320 324 327 332 333 337 344 346 347 350 353 354 361 380 387 392 393 394 397 405 427 439 456 457 460 463 473 476 477 478 480 482 483 499 503 506 517 519 523 524 526 527 531 533 535 537 540 550 558 560 561 562 566 568 572 578 579 601 602 617 618 635 643 
129: 8 9 10 15 24 29 30 32 39 43 48 49 50 55 58 59 60 61 62 64 65 66 74 76 77 81 83 85 89 91 101 105 115 124 135 138 139 140 150 157 159 168 174 177 183 189 198 199 203 205 208 215 222 223 230 242 248 253 255 257 262 264 265 280 288 292 295 296 299 304 306 315 325 329 346 352 353 357 358 359 366 374 376 385 389 397 410 419 420 423 425 428 431 435 441 447 451 457 466 469 477 479 489 491 493 498 499 500 506 510 517 518 524 557 568 569 570 583 585 587 597 600 608 610 611 623 625 632 638 
116: 5 10 12 17 19 20 24 25 28 38 73 76 80 85 90 92 93 95 99 101 111 119 125 133 145 147 148 162 168 169 177 178 188 203 208 209 218 226 229 238 239 252 259 262 300 304 305 309 310 311 313 320 353 356 361 366 370 377 391 393 397 398 405 408 410 411 415 416 423 424 425 426 431 444 447 451 452 464 465 467 468 473 483 485 487 488 490 496 499 503 509 515 516 517 530 536 553 557 560 572 591 592 594 599 601 602 608 612 614 616 622 629 631 632 635 644 
123: 3 4 9 10 16 24 35 48 54 57 58 62 63 65 79 85 87 89 94 97 99 102 104 114 117 118 122 134 138 147 148 149 158 159 161 164 165 166 171 178 189 207 214 218 223 228 233 246 250 251 252 254 256 261 271 275 283 286 287 289 291 299 312 314 322 342 343 357 359 361 362 375 378 394 405 411 414 416 417 436 438 444 453 455 463 464 465 476 480 488 489 492 497 498 502 505 506 507 513 519 528 529 530 532 539 555 561 565 569 576 578 590 598 608 611 613 614 618 632 634 638 641 644 
139: 2 9 14 15 21 23 33 35 37 39 47 49 58 91 94 97 106 108 109 114 119 122 131 134 135 139 144 148 152 155 156 160 171 173 177 192 195 200 207 208 209 211 212 230 249 254 259 261 263 268 274 293 294 306 308 312 320 321 322 326 328 330 335 338 344 348 351 352 355 360 365 377 391 393 395 396 400 402 403 404 410 417 421 426 427 429 439 443 445 448 450 452 455 458 465 472 476 478 480 482 483 484 496 501 503 513 516 521 522 525 528 533 537 551 552 556 558 565 567 570 573 574 575 581 582 585 593 596 612 619 620 627 634 635 639 641 642 643 645 
113: 3 6 10 12 14 21 24 31 39 46 48 50 54 55 60 61 62 67 74 85 86 92 97 102 103 118 130 140 147 152 153 154 155 158 168 175 179 180 182 188 196 202 205 211 224 231 238 244 261 269 275 289 301 308 315 321 323 341 344 345 347 357 358 359 361 367 379 380 388 389 395 397 400 402 403 405 428 429 434 439 443 447 452 459 464 467 469 472 473 478 479 486 497 522 535 537 546 548 552 560 576 583 594 595 601 602 608 615 627 633 634 635 642 
136: 0 1 5 9 18 23 25 32 35 36 45 46 50 52 58 63 64 68 73 74 85 87 90 102 105 109 115 121 123 126 131 133 134 146 149 155 159 160 169 173 175 178 184 189 194 196 201 213 215 217 225 227 232 239 245 248 261 265 269 273 274 285 292 296 297 303 310 311 312 315 319 327 330 332 333 336 338 340 346 347 355 360 363 365 373 384 388 396 401 410 412 413 415 419 426 429 433 441 449 451 456 459 468 471 472 478 485 489 495 497 505 506 510 520 524 531 533 537 538 539 544 547 548 553 556 558 564 567 571 579 607 615 625 635 636 637 
114: 2 5 11 22 24 25 31 32 35 43 52 53 58 64 78 94 99 118 119 129 134 137 148 150 155 162 164 169 171 175 178 179 184 187 193 196 200 216 224 228 233 236 245 255 258 267 271 275 276 281 287 289 291 297 301 304 308 318 322 330 334 352 369 379 386 390 393 397 400 401 402 403 416 429 435 441 451 455 459 461 465 470 471 475 477 481 493 494 497 506 507 509 510 520 524 525 528 533 535 542 549 551 555 556 569 570 577 597 609 615 618 625 629 632 
147: 6 11 13 16 21 26 37 43 45 47 51 53 56 57 60 65 69 73 78 80 81 82 84 87 88 99 110 111 115 117 119 126 128 129 131 133 136 142 152 158 159 165 167 169 171 172 179 189 199 204 207 220 225 226 233 235 243 245 247 253 258 260 261 263 273 276 277 279 286 287 294 295 302 309 316 319 320 326 327 329 346 357 365 368 371 373 377 380 383 391 395 399 410 411 412 413 419 429 435 438 440 442 445 448 451 459 466 468 469 471 479 480 484 486 498 506 507 517 519 523 525 529 534 541 550 551 555 558 559 565 566 567 570 571 573 579 583 585 587 596 600 601 604 609 626 627 643 
155: 0 1 18 30 31 33 36 44 46 49 57 60 66 67 77 78 79 84 85 86 88 93 94 99 102 104 105 106 109 113 121 123 128 134 138 148 149 152 153 155 156 168 170 171 172 173 178 181 186 188 198 202 203 206 208 213 216 221 222 232 233 237 242 246 250 255 269 270 271 274 277 278 283 288 291 294 298 299 300 302 305 312 313 319 332 333 337 338 339 340 345 347 357 360 362 364 366 368 374 382 385 391 392 394 397 398 400 407 411 421 442 443 444 446 454 455 467 469 475 481 488 489 497 504 506 511 513 516 517 521 524 528 534 536 540 545 546 548 558 561 562 571 573 578 579 588 594 596 597 602 604 626 636 637 644 
141: 7 12 14 16 21 24 31 33 38 40 45 48 54 57 60 62 66 70 73 74 79 84 87 89 91 94 97 105 108 110 111 112 117 121 123 131 132 134 142 151 154 162 165 168 179 181 188 193 196 197 198 200 202 204 212 213 222 224 225 228 230 242 248 252 266 272 274 278 281 289 291 296 299 300 304 307 313 315 320 323 324 331 334 338 342 355 359 360 372 377 379 383 384 387 394 402 403 404 405 407 418 421 424 429 455 463 483 484 485 497 500 506 516 519 527 531 533 536 537 539 542 546 552 555 556 557 565 566 572 574 579 588 589 592 600 608 616 634 637 638 640 
120: 0 13 17 18 24 25 28 52 54 58 60 71 73 75 77 80 83 88 92 99 103 119 122 123 131 134 135 136 138 139 155 160 164 168 169 174 175 180 185 189 191 193 199 203 220 231 232 235 242 243 245 246 247 253 256 270 274 277 292 299 302 310 311 312 317 323 338 342 345 353 354 356 364 366 369 370 374 377 382 384 387 390 398 403 407 423 426 430 439 440 466 474 482 487 489 499 509 515 519 520 522 532 533 534 541 547 548 560 572 585 586 590 594 596 597 606 630 631 632 646 
143: 4 9 10 12 13 14 22 24 26 29 30 36 39 41 44 54 62 64 67 73 76 82 89 93 101 104 105 106 118 128 131 132 133 139 141 149 152 155 166 167 169 171 184 188 201 205 208 211 219 232 236 237 239 240 248 250 255 257 264 271 278 280 283 286 293 295 297 299 300 303 304 305 308 312 315 319 320 335 337 339 349 351 358 363 366 381 395 399 403 404 413 415 420 424 425 435 441 447 463 470 471 474 476 479 481 482 500 508 512 515 516 517 518 525 527 531 536 537 543 546 553 555 563 576 578 585 586 589 590 603 606 608 615 616 617 618 626 629 632 633 641 643 644 
117: 8 12 17 20 21 22 34 38 40 56 58 59 60 62 68 78 81 82 84 87 90 91 95 104 107 110 112 114 115 128 136 139 143 146 158 163 167 174 180 185 188 194 204 211 242 245 246 247 249 256 262 268 286 297 301 313 317 324 335 337 344 347 363 367 373 374 387 389 396 397 403 406 408 411 417 421 424 427 445 450 454 459 461 463 467 473 475 479 484 487 498 510 516 518 524 526 529 531 535 542 549 550 553 558 561 581 584 585 586 606 617 618 627 628 631 638 645 
133: 15 16 21 22 25 31 32 44 55 56 57 67 81 82 87 89 92 95 96 97 100 101 102 113 125 141 144 145 146 148 149 162 166 170 171 172 175 176 177 180 183 184 185 189 190 192 194 203 204 209 215 219 222 226 227 230 232 233 243 244 245 246 257 259 261 264 267 268 272 273 289 291 296 305 310 311 317 320 323 329 330 334 335 341 347 350 355 356 360 366 372 377 386 397 411 419 440 443 445 449 456 457 461 471 479 493 498 499 503 522 535 547 551 556 565 569 575 580 582 593 596 598 608 614 618 622 624 625 626 630 633 637 646 
130: 15 18 24 36 38 39 42 43 48 53 58 62 72 74 78 82 88 101 104 107 109 110 118 119 121 123 130 141 145 149 153 155 157 158 159 161 168 171 172 174 183 187 191 192 197 209 215 218 220 223 226 228 230 236 237 242 245 246 252 254 270 273 278 284 286 289 293 296 305 306 308 309 310 322 323 335 338 340 343 348 366 383 395 398 403 409 416 417 423 438 439 440 455 464 470 471 474 477 488 495 503 507 512 522 524 525 526 531 533 535 538 539 540 545 547 548 549 552 554 563 581 583 590 603 610 616 631 634 639 643 
147: 0 3 8 9 10 14 17 23 26 30 42 47 48 49 50 52 56 57 60 72 73 80 83 90 96 100 101 105 107 108 121 125 129 130 133 135 136 148 164 167 171 175 178 182 184 185 188 196 203 205 206 212 216 231 236 237 240 244 246 251 257 264 265 274 279 280 294 295 310 313 316 320 321 327 340 360 362 366 369 371 378 381 397 410 412 417 420 424 425 427 439 458 459 460 463 465 466 475 479 486 487 489 491 494 496 502 504 508 509 513 514 515 518 525 533 535 538 539 542 543 545 549 552 556 557 559 561 563 565 566 581 582 587 589 599 600 609 613 614 616 619 624 628 630 638 639 644 
127: 7 8 11 14 16 18 24 30 32 34 42 43 45 55 59 60 61 64 66 69 70 71 76 84 87 88 90 96 97 100 104 106 111 120 124 129 144 161 165 171 185 190 193 195 200 211 217 222 230 231 236 254 255 264 269 272 279 280 282 284 289 294 302 303 307 311 318 320 321 334 337 339 340 341 344 350 351 353 359 361 368 382 391 393 396 410 413 415 422 423 433 437 440 444 465 467 468 477 479 484 485 499 508 510 511 514 528 535 544 550 551 557 563 569 595 596 603 605 606 615 616 621 622 624 627 634 635 
125: 1 5 7 13 21 24 25 26 33 35 41 42 45 48 57 60 61 73 75 77 82 89 90 93 95 97 100 105 107 108 110 125 126 129 132 141 152 153 158 168 169 172 177 184 186 192 200 201 203 210 215 221 222 225 234 238 240 248 254 267 277 294 315 320 328 329 331 339 341 348 352 361 364 366 369 379 386 387 394 425 433 440 444 446 453 454 456 457 458 464 466 472 492 494 495 503 511 516 520 532 534 536 538 546 547 552 557 560 565 571 573 575 581 587 602 606 613 622 625 632 633 634 640 642 645 
119: 1 9 13 15 19 33 36 44 47 48 49 50 55 63 66 70 71 78 87 89 109 116 126 127 133 140 143 152 176 190 191 192 193 196 201 204 205 215 218 221 226 232 233 243 246 252 255 267 270 279 290 292 293 294 296 299 309 311 313 315 317 329 332 333 334 339 340 345 358 362 366 369 372 379 381 387 401 402 406 433 453 455 457 458 461 465 479 480 491 495 496 499 500 506 512 513 514 521 528 529 538 540 542 544 546 558 559 588 589 592 600 603 605 610 620 623 634 641 646 
124: 1 3 10 11 17 21 35 55 58 60 63 67 68 70 81 83 87 90 92 94 96 97 104 107 109 119 124 128 130 137 143 145 149 154 160 161 168 173 180 185 195 202 205 207 216 219 221 236 238 241 243 250 252 263 266 267 285 287 297 298 310 311 318 319 322 326 328 335 346 349 350 351 357 358 360 364 371 375 377 382 385 391 393 398 405 406 408 413 414 423 437 451 471 479 484 492 502 506 513 519 520 525 529 540 551 555 557 561 563 576 580 588 590 592 594 596 608 609 616 618 626 635 639 640 
132: 0 9 11 15 24 28 30 32 34 44 48 52 53 61 66 76 88 91 92 98 99 100 108 110 114 120 143 146 162 171 177 181 183 190 197 201 204 219 222 224 230 236 242 247 248 258 262 266 272 275 279 280 287 288 291 292 293 297 299 303 306 311 316 318 325 338 350 351 358 359 363 365 367 369 370 376 381 382 386 393 394 398 399 405 407 413 436 438 440 443 454 457 469 471 479 483 486 497 500 503 506 509 513 517 532 539 542 544 551 552 561 566 572 576 579 582 587 590 591 596 601 603 604 607 608 620 629 630 631 633 640 645 
133: 3 4 17 22 23 26 30 41 43 48 51 61 63 68 69 77 88 93 96 98 101 103 120 121 126 131 134 142 144 150 160 163 169 172 180 183 186 191 192 198 214 222 223 226 237 238 239 248 256 289 292 293 296 305 311 314 317 319 322 330 332 333 338 344 346 347 349 356 360 362 363 374 376 378 380 381 384 391 396 403 406 411 422 432 434 435 437 439 445 452 457 463 467 471 477 483 490 494 513 514 521 524 525 526 532 542 547 550 559 561 564 567 573 575 577 600 603 607 608 613 621 622 625 627 629 631 632 633 635 636 638 641 642 
129: 15 19 28 30 36 38 40 43 45 46 48 56 58 61 63 68 75 79 80 83 89 95 98 100 109 111 112 117 118 119 140 141 150 161 162 169 177 187 188 192 196 198 199 205 216 217 218 234 240 243 246 261 286 288 295 307 312 314 321 329 332 349 358 359 360 361 372 381 383 387 388 390 395 396 397 400 401 404 410 411 413 415 434 454 457 461 462 465 471 478 479 480 485 486 490 498 500 502 503 513 515 516 532 533 543 548 550 554 571 572 574 576 578 579 587 589 595 598 601 609 619 622 626 627 629 631 632 634 640 
140: 8 11 13 15 17 18 25 29 30 32 39 47 49 55 58 67 69 71 74 83 85 90 92 94 98 105 108 113 116 118 123 126 134 137 141 143 151 154 157 158 160 165 167 168 169 183 185 186 193 196 212 215 222 228 229 232 235 239 241 254 256 263 268 270 272 273 277 279 288 291 292 295 297 307 310 314 317 319 321 326 328 331 346 349 351 362 364 366 388 393 395 396 397 406 416 420 421 422 432 436 441 447 450 460 461 469 470 480 488 490 493 498 501 511 516 522 523 525 532 538 545 547 548 551 576 581 582 586 596 598 600 603 614 620 624 627 630 636 639 642 
148: 2 9 10 12 14 16 17 25 28 31 33 34 37 40 41 49 50 53 55 57 58 59 62 66 69 75 79 80 83 84 89 90 92 98 107 108 110 111 113 121 127 134 137 138 141 142 145 148 152 153 161 174 179 190 195 198 201 202 205 207 209 213 215 218 222 223 230 234 235 240 249 251 262 266 267 272 276 279 281 289 302 306 316 317 325 326 331 337 347 348 349 358 363 367 374 383 385 386 387 388 393 398 400 411 414 428 429 430 433 439 464 465 470 471 475 491 493 496 504 515 522 527 528 533 539 545 555 557 558 559 565 566 567 569 574 575 587 592 610 615 616 617 618 621 622 626 630 631 
123: 5 7 8 11 16 19 25 26 38 39 41 56 68 77 78 80 81 101 103 107 116 117 118 140 147 148 151 152 156 162 169 170 173 179 185 191 199 203 207 214 215 222 229 234 242 248 250 251 253 254 269 290 291 295 299 300 309 322 328 330 333 336 342 355 360 361 364 367 372 374 376 386 387 393 394 397 399 403 407 422 425 429 432 435 437 438 456 462 473 477 478 499 510 514 518 524 528 531 534 546 550 555 556 566 574 576 578 579 583 590 601 604 605 606 617 621 623 629 631 634 636 643 645 
117: 5 7 10 11 17 23 33 39 42 43 46 48 49 52 70 71 72 83 84 89 93 100 101 102 103 111 122 123 125 127 133 143 147 157 158 161 171 192 197 198 201 209 245 250 254 262 273 279 283 284 289 290 291 316 318 324 325 327 331 340 341 356 368 370 372 379 384 390 404 406 411 432 433 436 455 457 463 464 468 469 471 479 480 481 483 490 496 501 522 532 537 550 552 553 554 556 558 559 563 573 575 578 590 595 598 601 604 609 610 612 614 616 619 629 630 635 636 
110: 0 1 8 9 10 11 12 13 25 27 29 35 42 44 60 67 70 76 80 84 86 88 95 97 98 99 127 137 140 150 156 161 163 170 175 179 184 188 201 212 217 221 223 230 238 245 255 265 266 289 294 297 300 304 312 316 351 355 358 360 362 364 365 371 375 379 380 391 392 395 404 409 411 413 420 425 429 432 442 454 457 461 471 473 481 483 485 487 499 514 518 519 532 536 545 550 551 552 560 562 564 572 579 587 592 595 599 611 636 643 
123: 9 13 15 27 30 37 43 57 69 71 73 75 91 97 107 112 122 128 134 142 143 144 147 148 149 152 160 162 171 188 190 191 194 197 199 209 217 219 221 229 243 247 262 263 270 273 274 276 280 286 289 294 309 313 315 327 329 350 352 354 359 361 364 371 375 393 399 403 406 407 410 414 424 428 430 442 447 451 456 458 470 471 480 486 488 491 498 499 500 505 506 515 525 527 528 533 535 536 538 539 541 553 556 557 563 569 579 585 587 588 591 599 607 614 615 617 626 627 629 636 639 645 646 
134: 5 6 13 15 16 27 32 34 40 41 69 79 81 83 87 91 93 98 107 111 116 118 121 129 132 137 138 141 151 167 169 174 176 177 183 186 190 204 206 224 225 232 242 252 253 265 266 270 277 280 284 294 311 316 320 326 327 328 332 338 341 343 346 359 363 375 377 379 382 385 390 394 398 403 404 405 406 408 411 412 415 424 429 430 444 448 451 454 467 470 488 494 495 496 498 505 512 518 520 525 528 535 537 539 545 547 554 557 562 567 569 571 574 575 578 579 581 583 591 594 595 597 602 604 608 612 616 617 618 619 624 627 633 635 
128: 0 13 20 21 30 40 44 46 60 62 77 85 90 93 118 119 123 128 130 132 137 138 147 153 154 155 158 170 183 195 210 214 218 221 233 234 235 236 242 243 245 250 258 260 273 276 277 281 286 290 292 302 303 304 305 310 321 332 336 338 341 342 344 345 352 355 360 364 365 371 372 377 379 383 384 388 395 396 407 415 423 424 426 429 430 432 434 437 456 464 465 470 478 486 487 489 490 494 503 505 510 513 515 518 526 542 544 549 556 566 571 572 580 582 585 587 588 591 599 603 605 606 608 610 626 634 635 646 
135: 0 3 4 10 14 18 22 26 37 51 58 63 64 77 79 85 90 93 97 102 106 108 109 111 118 119 122 123 135 137 138 146 152 153 156 166 170 172 173 181 189 191 194 199 200 207 222 223 227 233 236 239 242 245 247 250 251 252 262 268 275 281 283 285 291 295 297 300 307 309 312 313 314 315 327 329 333 334 338 344 345 357 369 373 374 377 383 387 391 395 399 407 422 428 429 432 441 444 447 460 470 473 477 480 482 488 496 513 523 527 528 539 545 554 559 561 565 569 580 581 584 600 601 604 605 606 611 614 617 625 630 632 641 643 646 
104: 20 39 54 60 70 72 83 86 87 96 97 109 120 126 140 143 145 146 152 168 169 170 174 176 182 190 192 194 197 204 206 212 213 227 230 231 233 240 254 262 268 285 290 295 299 306 310 319 327 337 339 346 347 349 360 361 371 375 378 383 387 388 390 393 396 400 402 440 443 448 450 451 463 469 474 478 494 501 515 531 539 541 542 544 549 557 568 580 583 590 600 605 606 608 610 621 625 628 635 640 641 642 643 644 
125: 4 14 16 28 29 36 37 38 42 49 51 81 83 90 93 101 110 112 115 120 123 124 127 136 150 151 152 153 155 164 165 169 174 180 181 184 188 192 196 201 205 209 211 219 227 236 240 241 245 252 260 262 273 275 279 288 292 296 299 304 308 309 312 314 321 325 327 332 348 353 357 366 374 375 382 383 384 388 396 399 401 405 409 412 413 422 430 435 441 448 452 456 458 463 473 483 489 497 502 504 510 514 515 530 531 535 546 567 573 581 585 586 588 589 597 598 600 605 606 607 609 611 620 631 643 
