# Randomly generated data for apersonnel scheduling problem
# ./datagen tightness = 90.0 Multi-skilling level = 30.0
# Random number generator seed = 44
Type = 1
Jobs = 525
1 235
0 166
3 195
2 246
2 160
179 394
81 272
0 202
180 457
62 277
0 212
1 126
15 210
1 153
16 246
70 180
9 206
0 226
0 158
9 202
1 218
402 559
1 223
5 263
54 291
3 188
48 330
1 207
0 178
275 461
0 170
16 172
229 421
6 279
237 430
2 158
190 411
3 255
5 258
281 445
16 219
1 160
13 178
204 410
268 491
0 246
208 368
192 326
0 266
179 398
79 314
2 153
5 114
245 475
232 412
419 656
164 342
3 169
51 286
175 374
3 201
279 475
14 217
476 671
4 150
75 264
344 552
377 592
247 420
559 749
260 455
26 180
36 187
179 460
9 297
6 160
1 216
6 242
265 370
11 160
420 578
46 244
432 600
13 151
678 834
484 760
215 483
374 606
267 414
211 446
2 207
472 732
656 900
1 223
201 369
4 152
597 844
476 744
314 485
2 141
288 514
14 257
247 442
387 560
154 350
420 599
208 420
5 276
7 183
192 399
490 699
578 828
174 387
291 499
224 437
189 400
916 1161
308 521
449 683
157 376
22 188
447 685
420 593
329 610
348 508
2 263
1 223
294 459
663 876
830 1064
160 375
4 199
31 207
461 672
261 526
169 423
193 386
2 158
179 331
439 681
418 659
647 796
484 668
155 415
746 948
511 675
200 390
266 509
81 222
264 493
21 241
611 840
276 465
1 230
682 852
1064 1285
165 416
546 793
522 758
169 378
351 534
421 587
225 402
0 231
380 525
172 400
417 550
668 910
418 675
960 1163
360 495
226 392
1163 1296
295 487
19 158
387 602
609 760
860 1041
173 336
846 1047
610 819
439 621
626 788
798 968
221 464
115 341
424 606
780 950
681 915
428 565
765 936
369 606
407 623
85 252
613 821
223 430
538 806
820 1062
981 1116
609 785
1306 1432
407 564
685 834
221 451
610 736
416 596
554 715
551 711
251 412
133 316
835 1039
938 1141
447 651
341 556
681 887
1064 1248
393 620
861 1076
741 939
494 689
566 730
1080 1280
219 356
1054 1232
717 917
690 831
549 826
734 924
516 707
834 1053
835 1057
911 1062
384 540
456 635
344 561
4 154
368 491
609 853
1062 1198
1 181
319 489
1055 1201
180 340
579 796
435 619
493 665
341 614
569 851
468 689
598 786
159 411
788 952
417 689
261 398
904 1174
231 432
640 862
468 720
418 642
676 823
229 446
566 825
751 1026
666 886
402 513
694 813
852 1000
834 1033
443 663
651 841
1284 1421
690 935
538 779
707 998
784 1003
826 1036
567 777
634 746
857 1005
589 786
1008 1256
928 1175
816 935
953 1167
516 657
184 452
854 1044
808 961
805 987
1238 1432
1051 1250
526 653
750 911
564 806
453 631
1214 1420
452 642
492 744
493 623
659 771
929 1066
739 892
705 979
1007 1207
848 1039
824 1002
1260 1440
1024 1181
938 1162
670 939
646 836
756 981
946 1174
606 837
1045 1252
157 403
1005 1168
1168 1407
713 869
1182 1438
784 1039
1028 1238
1048 1247
1001 1200
652 865
1254 1439
483 749
941 1183
656 792
408 578
787 1000
925 1078
1037 1249
254 478
740 919
810 1028
1203 1436
927 1108
1255 1438
630 793
799 982
841 1030
1001 1230
839 1041
598 788
1201 1308
9 129
1043 1251
1190 1434
1186 1434
391 629
1253 1440
276 463
722 922
928 1152
1068 1253
628 806
1142 1433
809 933
1223 1414
989 1206
809 1013
1010 1260
488 642
1254 1429
541 727
919 1119
579 801
1014 1256
791 1048
1042 1261
1122 1265
969 1141
1046 1254
1132 1401
558 703
436 683
507 765
1270 1437
629 751
748 920
683 896
805 979
631 858
503 676
987 1226
1146 1297
1180 1411
1055 1258
897 1057
786 1045
1080 1297
1187 1435
1234 1440
1243 1421
1199 1440
650 793
1260 1406
370 526
1217 1427
1285 1440
772 987
766 992
939 1125
826 993
888 1055
1178 1431
1063 1266
1317 1434
689 876
893 1099
868 1092
1049 1292
962 1194
1294 1439
1042 1230
997 1176
805 1008
703 900
994 1243
948 1244
357 612
889 1105
992 1163
1058 1199
1206 1410
1173 1434
566 770
920 1118
201 428
1064 1278
651 773
983 1207
810 984
862 1061
1262 1422
783 893
989 1208
781 964
1269 1412
717 874
284 496
899 1077
910 1179
1304 1434
1207 1431
539 737
1277 1422
622 822
972 1140
1244 1440
1089 1249
906 1170
633 874
861 1027
1175 1426
1260 1428
1176 1290
1308 1440
1206 1440
1249 1439
825 1033
1147 1419
1120 1251
949 1146
924 1136
791 976
1059 1266
1291 1436
1036 1273
1104 1274
935 1213
1090 1270
1286 1436
1199 1424
252 539
1279 1424
1134 1332
1093 1274
1057 1173
727 962
1251 1401
980 1221
1288 1440
923 1083
1297 1432
586 794
1158 1415
1086 1281
1256 1437
1270 1440
1253 1437
497 704
1087 1234
1240 1439
1182 1432
1034 1223
1271 1429
1256 1434
717 912
1153 1286
985 1191
1315 1439
1082 1257
1293 1434
928 1208
1181 1440
957 1131
1284 1429
1218 1440
1223 1440
1135 1339
1131 1286
1193 1437
1293 1433
1224 1439
1215 1423
1253 1435
1257 1440
850 1082
1156 1408
1222 1421
1207 1424
1230 1440
1275 1436
Qualifications = 102
146: 0 1 2 3 7 11 14 24 25 32 36 37 45 48 57 69 70 74 75 76 80 82 83 84 87 88 91 95 100 101 103 107 110 111 112 121 128 139 142 148 151 152 156 157 158 161 162 164 166 171 174 181 185 189 190 192 197 200 203 205 206 207 208 213 214 215 219 220 221 230 236 237 238 242 245 247 249 252 253 254 269 271 283 285 288 297 298 303 305 306 316 319 325 327 328 330 333 336 337 338 339 341 344 347 348 350 354 359 371 375 376 377 382 383 384 388 390 396 399 407 410 411 412 414 416 421 425 434 435 439 445 446 457 462 468 476 480 485 486 491 493 496 507 509 510 521 
157: 1 6 9 15 16 27 28 29 30 36 38 39 47 50 54 57 60 65 68 72 73 76 77 78 79 83 86 92 105 107 110 112 113 118 120 121 123 124 126 128 130 132 133 136 140 145 147 148 150 153 154 155 159 167 169 170 171 175 176 178 180 184 188 191 195 196 201 203 205 207 213 217 219 221 225 229 230 233 234 236 258 263 266 271 274 282 283 287 288 292 293 297 299 306 307 312 313 319 320 321 322 324 327 328 332 334 337 339 347 351 355 356 358 359 364 365 366 375 381 384 387 390 395 399 412 415 416 417 418 419 424 425 427 436 437 439 441 444 445 446 452 456 457 462 467 468 472 479 483 493 496 500 508 509 512 518 522 
175: 0 1 3 6 10 12 13 14 15 20 25 29 33 37 41 48 50 58 60 62 64 69 75 79 80 81 82 87 88 90 92 93 94 97 100 109 110 115 123 124 126 134 135 136 138 140 152 157 158 160 163 164 166 167 168 169 181 182 190 191 195 198 199 200 201 206 207 208 209 211 213 216 217 225 226 227 232 233 235 236 241 242 243 244 245 246 247 248 253 261 267 270 271 272 278 279 283 287 288 291 292 305 307 309 312 313 314 317 318 321 322 329 330 335 337 343 347 348 351 352 356 357 358 363 378 380 381 387 388 389 393 397 398 399 406 409 411 413 415 418 425 430 432 434 436 438 444 447 448 450 454 458 460 461 464 466 473 477 480 481 484 486 490 492 493 501 503 504 508 511 514 516 519 521 523 
158: 4 9 10 16 21 27 31 34 35 36 37 39 40 41 43 44 46 52 53 59 68 72 75 78 81 83 89 92 99 103 114 119 120 122 123 124 126 129 134 135 137 138 145 147 148 149 150 153 154 160 161 165 167 168 169 170 173 174 177 178 184 187 191 192 199 200 204 208 210 212 219 222 223 229 231 239 241 242 248 252 255 261 262 266 271 272 284 293 294 297 301 304 307 311 312 321 324 325 327 333 337 339 341 342 345 347 351 352 354 355 358 360 361 363 369 370 374 380 389 390 392 395 404 406 411 423 430 431 432 434 435 437 440 443 448 450 463 465 466 467 468 470 471 472 478 487 490 491 497 499 500 503 505 513 516 517 523 524 
164: 13 14 16 17 18 21 23 24 25 28 44 45 46 47 51 53 54 58 62 69 75 79 81 83 86 87 88 89 91 100 102 103 106 110 114 115 119 120 121 122 124 125 126 127 128 133 135 136 138 146 147 148 152 158 162 164 165 172 174 175 176 180 184 186 188 191 192 194 196 203 206 210 211 212 214 217 219 223 224 226 229 230 234 235 239 240 242 247 248 252 255 259 266 268 269 273 278 282 284 285 288 289 294 295 303 312 320 323 324 327 333 336 342 350 353 361 364 365 375 382 383 384 386 390 392 398 399 413 414 416 419 421 426 435 437 439 443 448 451 456 463 466 467 469 470 472 474 477 478 488 490 494 498 499 500 505 506 507 510 512 513 514 516 518 
152: 1 3 4 11 20 23 29 30 33 35 36 47 50 51 52 54 56 58 60 61 63 67 70 73 82 85 87 89 93 97 102 105 108 109 110 112 115 116 119 122 124 129 133 134 135 141 144 145 147 148 149 150 159 165 167 169 180 181 185 189 190 192 193 195 196 199 205 216 217 219 221 224 225 229 230 234 235 245 254 258 261 266 268 277 282 284 287 290 294 298 300 302 306 307 308 311 314 318 319 320 328 331 333 334 335 337 339 347 350 351 353 354 355 358 360 367 370 381 384 385 389 404 407 411 414 419 420 422 429 431 433 444 445 449 450 455 456 461 465 475 480 483 484 487 493 494 497 498 500 504 509 510 
171: 0 3 7 9 10 11 12 14 15 16 18 20 21 22 23 24 27 31 33 40 43 47 51 54 60 64 65 72 74 76 80 82 87 100 102 110 114 115 119 121 122 125 128 135 136 140 142 144 146 149 151 156 157 159 162 166 167 170 177 178 179 197 198 201 202 209 211 213 214 217 219 220 223 226 230 232 236 237 238 243 253 254 255 257 260 262 263 265 267 268 271 272 273 275 277 278 280 284 286 290 293 295 300 304 306 308 319 320 324 326 331 335 339 340 341 342 344 349 352 357 360 379 383 390 393 394 395 396 399 402 404 407 409 414 416 417 418 419 423 424 428 435 436 439 440 446 451 452 453 455 458 460 464 467 473 489 492 494 495 497 499 502 507 509 511 512 514 518 521 523 524 
156: 2 7 12 17 23 24 28 30 33 35 37 38 40 41 45 49 55 60 62 63 65 68 71 74 76 81 83 86 91 92 93 95 99 102 103 104 109 133 134 139 140 143 146 147 152 159 160 161 163 168 172 173 174 181 191 196 199 200 203 204 210 213 218 220 222 223 225 230 239 259 260 261 262 263 272 274 276 277 285 289 291 296 298 302 304 305 306 310 311 313 319 320 325 327 328 331 335 340 341 343 345 346 351 355 356 359 364 365 368 369 370 371 375 377 379 384 392 397 400 401 403 404 407 414 415 416 418 423 427 428 431 432 433 434 442 443 448 449 450 451 453 463 471 476 479 482 484 486 493 506 507 511 514 516 518 520 
131: 1 6 8 11 18 24 27 30 34 35 36 40 45 50 61 68 75 80 82 98 100 107 110 112 118 131 132 135 136 141 142 145 148 154 155 158 160 163 170 175 179 182 193 194 200 210 212 224 225 231 234 235 240 243 244 245 246 247 253 257 264 266 268 269 273 277 278 281 283 285 291 296 299 301 308 314 315 317 321 322 323 324 328 334 336 342 347 349 354 355 356 358 359 362 370 372 377 388 390 392 393 399 404 416 417 426 427 428 432 436 439 441 446 447 451 459 465 466 468 474 475 477 480 482 491 494 496 503 507 512 514 
164: 1 5 11 17 18 22 27 29 30 34 35 36 38 40 50 52 54 57 59 60 72 74 76 77 78 81 89 105 113 115 119 120 121 122 123 124 125 128 131 133 134 135 136 137 138 139 142 145 149 150 152 155 165 170 178 183 184 187 188 189 190 196 197 198 201 203 204 206 210 211 214 222 225 226 229 234 235 236 237 239 241 242 253 255 260 265 267 269 272 278 279 284 286 287 291 292 297 306 311 314 316 321 322 325 327 329 330 331 333 337 338 349 357 358 365 373 377 379 384 385 388 393 394 399 400 401 402 405 406 408 418 423 435 436 437 449 451 453 458 459 460 462 463 465 467 472 474 475 476 483 484 485 486 487 489 490 491 497 502 507 509 519 520 524 
173: 8 10 14 15 16 20 21 22 24 26 27 33 39 43 44 46 47 48 50 51 54 56 58 66 67 73 76 77 79 80 81 83 84 86 91 95 100 103 104 109 112 118 122 127 128 130 131 133 138 140 142 145 151 152 158 160 162 164 165 170 171 172 186 189 190 191 195 196 197 208 212 214 216 222 225 226 227 228 230 232 234 239 242 247 250 253 256 257 259 260 263 264 265 270 274 279 280 287 294 300 304 305 307 309 312 313 317 318 319 324 328 333 337 342 345 351 356 359 362 367 370 378 379 381 389 390 391 393 395 401 403 404 406 412 413 415 416 421 422 427 428 429 433 435 436 444 446 451 453 454 455 456 457 459 462 466 473 474 477 478 480 481 484 491 495 496 497 499 501 505 507 516 524 
157: 12 15 16 20 21 23 26 32 36 38 40 42 44 45 51 53 57 60 65 66 70 72 73 77 79 80 82 88 91 92 114 119 121 123 126 128 133 135 136 138 140 143 145 149 151 154 157 158 164 167 168 177 179 183 187 190 192 194 197 198 199 201 203 207 210 212 217 219 220 222 225 227 231 240 241 243 254 257 261 267 270 272 273 274 275 280 282 287 290 293 296 297 301 302 304 307 308 312 314 316 319 323 336 337 338 344 346 347 349 365 373 376 377 380 381 384 386 391 395 397 398 403 408 412 413 415 417 424 426 429 440 446 447 452 453 456 460 461 464 465 467 471 474 478 479 483 484 494 501 509 511 512 513 514 519 520 521 
170: 1 2 5 8 9 10 11 18 21 26 28 30 31 32 35 40 43 44 47 56 64 66 67 68 73 74 76 77 78 81 82 85 86 91 93 94 97 102 106 108 110 115 116 118 128 129 130 131 132 133 135 136 137 144 146 147 156 161 164 167 168 169 171 173 181 182 184 186 187 188 190 192 199 203 204 211 213 214 216 221 231 233 237 238 240 244 245 246 250 252 253 256 259 268 269 270 272 273 281 286 294 296 301 303 304 305 306 307 309 314 316 318 319 323 325 327 331 341 343 344 346 347 352 357 358 361 367 373 377 386 387 393 399 400 404 405 410 412 413 414 416 419 424 428 430 435 440 445 448 455 458 460 462 463 467 473 477 478 480 485 492 496 498 503 505 511 512 513 522 523 
157: 6 7 8 13 14 15 25 26 28 30 34 35 37 39 50 52 58 63 64 66 73 76 78 87 88 90 96 103 108 112 114 117 119 120 124 126 127 129 131 135 137 138 144 145 150 154 164 167 169 178 179 186 187 189 192 193 194 199 204 208 209 211 212 215 216 218 220 224 227 230 233 235 237 240 245 249 253 257 260 261 262 265 268 272 273 276 278 281 297 303 304 308 311 312 315 316 318 319 323 326 328 332 333 335 341 346 348 355 362 363 366 367 370 371 373 375 382 385 386 393 400 401 402 404 405 410 417 421 427 430 432 434 439 441 447 449 452 453 458 459 461 463 470 475 481 483 484 486 494 498 501 503 504 508 509 521 523 
161: 2 4 10 17 18 21 28 30 31 38 42 43 44 46 48 50 51 54 55 60 61 66 75 85 86 90 91 95 97 98 100 108 109 110 111 114 115 119 128 137 138 147 148 149 152 154 158 160 161 165 167 174 184 185 186 188 190 192 197 198 199 202 203 204 210 211 213 214 216 220 222 224 234 239 240 242 243 246 248 251 260 268 269 271 273 274 276 278 279 281 286 289 290 293 299 301 303 313 315 317 319 326 330 337 345 346 347 355 358 361 370 371 378 381 387 388 391 392 394 399 400 401 407 408 409 414 415 419 420 426 431 433 443 446 447 449 452 456 459 466 471 473 477 478 482 483 486 487 488 489 494 497 500 504 507 509 512 516 517 520 522 
167: 6 7 8 11 16 17 22 25 28 29 47 49 50 51 52 53 58 63 65 66 70 76 82 85 88 91 103 107 108 119 120 121 122 124 126 131 133 134 139 146 147 150 154 155 163 164 165 166 167 171 174 175 177 181 185 192 193 197 198 199 200 202 205 207 208 217 218 219 228 231 233 235 242 248 251 252 259 260 261 262 264 265 266 268 269 280 281 283 287 290 304 305 306 308 312 313 315 317 323 326 329 330 337 344 347 348 353 354 363 365 367 369 373 375 379 380 381 383 389 390 396 398 400 407 408 410 417 419 420 424 428 430 434 437 440 443 444 448 452 454 455 458 462 465 466 470 471 473 475 478 479 482 483 484 485 486 492 494 495 504 506 507 513 514 519 520 523 
152: 1 2 3 9 10 11 13 16 18 19 26 29 30 44 48 55 58 59 65 66 67 73 75 81 82 84 91 92 95 100 106 115 118 126 130 132 133 139 147 148 150 157 162 163 176 179 180 185 188 189 190 194 196 198 204 209 212 213 215 217 220 221 226 227 229 232 235 240 241 243 247 248 250 252 253 259 260 263 265 271 275 276 277 283 289 295 296 302 313 315 323 329 334 340 341 347 350 355 356 361 364 367 368 372 373 374 375 377 383 384 387 391 392 395 397 398 407 409 412 417 418 422 432 435 436 443 448 450 462 463 464 467 468 474 477 479 482 483 488 489 490 491 493 494 495 497 503 506 508 515 521 522 
164: 5 6 9 10 11 13 19 26 30 32 33 36 53 55 56 57 58 60 62 64 66 70 71 74 77 79 81 83 85 87 88 92 96 97 98 101 102 120 121 122 124 125 127 128 129 132 136 153 154 162 164 167 170 173 174 179 183 191 192 193 195 197 203 210 215 217 222 224 225 228 229 235 236 237 243 244 245 249 259 264 265 267 282 286 287 294 296 297 304 307 310 317 318 319 320 326 332 334 344 345 349 350 353 357 361 362 364 365 368 369 372 374 379 384 386 392 399 401 404 405 406 407 409 410 413 414 415 417 422 424 425 426 427 429 432 433 437 443 445 450 455 458 459 460 461 462 464 465 466 468 469 472 477 482 483 484 489 490 495 505 508 512 514 523 
169: 4 8 11 12 13 19 20 22 23 26 28 29 31 35 38 39 43 52 53 58 63 64 65 80 86 87 88 91 93 96 100 103 105 107 109 113 117 121 124 126 130 131 132 134 138 141 142 144 145 146 147 152 155 158 163 165 171 175 176 177 181 185 189 191 195 197 205 206 207 209 210 212 213 214 215 217 226 227 238 241 243 249 250 254 257 266 267 274 282 284 285 296 300 304 307 308 316 320 321 322 326 328 333 334 335 352 353 356 358 360 363 367 369 371 373 374 377 378 379 382 383 386 387 388 391 392 393 400 403 404 405 407 409 412 415 416 418 419 421 422 428 432 434 436 439 448 450 460 461 464 470 471 472 473 477 485 487 489 499 500 502 503 508 510 513 515 516 521 522 
162: 0 1 3 7 9 10 14 21 22 25 27 28 32 35 45 46 48 51 52 56 60 61 64 65 68 70 71 74 76 78 82 89 96 99 100 103 106 111 113 114 126 128 130 136 138 141 144 146 147 150 155 163 165 167 168 171 173 179 180 181 184 185 189 191 193 201 209 220 234 235 236 237 240 241 242 251 255 257 259 263 265 275 276 277 278 280 288 290 292 293 297 299 302 304 310 311 316 317 318 327 332 335 336 351 352 359 360 361 363 365 370 372 375 377 385 387 388 389 390 391 394 397 405 407 408 411 413 414 422 425 426 428 430 432 433 434 438 446 452 455 457 461 463 465 469 473 474 479 481 494 495 497 498 504 506 509 510 511 515 516 517 522 
149: 1 3 11 14 16 18 20 21 27 34 37 42 44 46 48 52 55 60 65 77 79 80 81 84 88 91 92 94 95 97 100 101 102 104 109 111 115 116 118 120 123 125 132 134 147 156 161 166 170 171 172 177 186 187 189 193 195 196 197 200 202 203 204 205 206 207 212 216 226 228 230 234 236 242 245 250 254 264 267 269 270 277 281 283 285 288 292 295 296 297 304 305 321 322 324 325 327 331 332 342 345 347 353 354 357 358 360 361 364 366 370 378 381 389 390 391 392 394 395 397 400 404 406 408 412 414 415 419 421 430 443 449 450 454 460 466 472 478 483 488 502 503 505 506 511 513 514 521 522 
134: 1 5 11 16 27 28 29 30 31 38 41 45 51 54 57 59 64 67 69 70 88 96 102 104 108 118 122 124 126 136 148 151 157 159 162 166 167 170 175 177 184 188 197 198 199 208 212 213 214 217 223 235 237 242 251 264 265 269 271 272 285 286 287 289 291 293 294 296 299 306 311 315 318 321 327 328 330 332 333 342 344 345 351 353 354 355 357 360 366 368 382 385 386 388 389 395 399 406 409 413 415 416 421 422 433 435 436 437 440 442 443 446 449 461 467 468 472 474 482 483 485 487 489 492 494 495 498 499 505 507 511 512 514 520 
170: 3 5 6 10 11 13 18 19 23 28 30 31 32 35 40 45 46 53 56 57 61 64 66 68 71 73 74 77 79 81 82 87 93 96 99 101 102 104 111 113 114 119 127 128 129 136 139 141 144 147 149 151 154 155 156 159 161 162 164 173 174 176 181 183 185 193 194 195 200 202 203 204 206 209 210 214 218 221 222 228 232 236 238 239 240 242 243 244 245 247 249 253 257 259 266 268 269 276 279 284 290 293 295 302 304 307 308 311 312 314 316 318 320 322 323 324 326 332 338 342 345 346 347 350 352 354 355 356 360 361 362 369 370 380 385 386 394 403 404 406 408 410 411 414 416 419 421 433 435 447 448 450 456 458 465 474 480 482 484 488 489 490 491 493 496 499 504 505 511 519 
156: 5 7 10 15 16 17 18 21 23 33 34 36 41 47 49 54 56 64 66 69 70 72 74 76 79 80 81 85 90 93 97 100 108 114 119 123 127 128 131 132 135 143 144 148 150 158 161 169 171 173 175 179 181 182 185 186 188 190 195 196 198 199 204 206 210 212 216 232 237 241 247 248 249 253 254 258 259 262 264 271 275 276 279 282 286 287 295 299 301 302 303 305 307 308 309 310 311 318 319 327 332 333 338 341 350 353 354 356 361 365 366 373 377 379 386 387 388 389 392 394 396 397 406 408 409 414 417 422 426 436 437 445 448 449 451 454 456 457 461 463 471 475 476 483 486 490 492 493 499 503 505 506 512 513 519 520 
163: 0 2 4 7 10 13 15 19 20 22 27 28 35 36 40 41 45 53 57 58 61 62 71 77 78 84 90 95 98 102 106 110 111 123 124 126 135 136 137 142 153 156 161 162 166 170 173 174 175 176 177 179 181 183 184 188 189 192 194 195 197 202 205 212 216 225 233 236 238 242 243 246 249 253 257 267 274 276 279 286 287 290 291 292 294 295 300 302 305 310 312 316 319 322 326 328 329 330 331 335 337 338 341 342 345 349 351 353 355 358 359 361 363 364 370 376 377 378 380 387 389 390 393 394 398 400 405 410 413 415 416 426 432 435 437 442 443 446 447 456 459 462 469 474 475 477 478 480 481 492 493 495 498 499 501 502 507 508 510 513 516 518 520 
161: 9 12 14 17 23 29 36 38 42 44 53 54 59 62 64 69 76 77 84 85 86 87 88 92 94 95 96 99 102 108 113 114 115 121 123 124 129 136 137 138 140 143 149 152 156 158 159 162 164 173 174 179 183 188 194 198 202 209 211 215 216 217 229 231 234 246 248 253 257 259 261 264 265 266 267 269 274 278 284 285 293 294 305 306 309 310 311 320 322 324 327 330 332 334 336 341 350 351 353 354 355 359 360 365 366 368 369 372 377 378 380 382 384 386 387 392 393 395 399 402 403 405 407 410 412 414 415 417 422 423 425 431 439 441 442 443 444 453 455 458 459 463 464 467 470 472 473 477 487 489 493 496 499 500 504 505 506 508 515 521 523 
169: 0 3 7 8 9 12 17 19 23 24 25 26 29 30 31 33 37 39 40 41 44 45 46 55 56 59 60 62 65 68 71 73 76 78 82 83 91 95 98 99 101 102 104 106 109 115 121 122 125 126 130 140 145 146 149 150 155 156 158 162 169 173 174 176 177 179 183 186 191 193 196 198 201 209 210 212 213 220 221 225 228 231 236 238 245 251 254 256 259 261 262 263 266 268 270 275 279 282 290 291 292 300 302 307 309 310 311 328 329 332 335 341 342 343 347 349 354 361 363 367 370 372 373 374 378 381 384 385 386 390 393 394 398 402 403 410 414 419 423 424 425 430 441 451 456 459 461 463 466 467 470 473 482 485 486 487 488 494 497 498 501 502 503 507 512 513 517 520 521 
151: 0 8 14 18 27 32 35 39 40 42 47 48 60 69 72 75 79 89 90 91 96 100 114 115 120 126 131 136 137 140 143 145 147 149 150 155 158 159 166 170 173 174 177 178 179 183 184 185 188 190 193 200 205 206 210 211 213 219 222 224 226 228 229 232 236 237 238 242 243 247 253 254 258 261 262 265 268 270 272 273 275 277 280 290 291 300 302 313 314 316 318 320 322 323 328 329 331 332 335 338 339 340 341 342 343 347 350 354 361 367 368 370 371 373 374 377 381 392 398 409 410 415 416 419 424 427 429 435 438 441 445 451 453 454 457 458 460 462 465 466 476 479 483 487 501 508 510 515 517 518 519 
144: 3 5 11 12 18 19 22 28 29 32 34 35 38 40 48 50 55 57 61 70 72 76 77 78 82 83 89 90 98 110 112 114 115 117 119 123 129 133 137 141 143 146 148 160 163 169 171 174 178 179 180 181 182 189 190 192 194 196 205 210 214 217 220 227 231 233 234 235 242 244 246 247 248 249 250 261 262 265 269 272 281 287 296 298 304 306 318 319 322 323 326 330 333 339 344 352 353 362 363 367 368 370 372 379 388 389 393 398 402 408 410 418 419 422 423 427 429 432 436 437 438 439 450 455 460 464 466 467 471 475 476 478 479 485 490 491 494 498 500 502 505 506 519 524 
161: 4 13 15 16 19 21 23 31 32 33 38 41 42 43 45 48 51 52 61 65 67 76 81 82 83 88 93 95 96 97 101 102 106 110 111 121 124 126 129 135 137 142 143 144 146 149 150 151 154 161 165 169 170 171 172 174 176 179 181 190 191 192 195 200 209 211 215 217 225 226 234 239 242 248 249 250 252 262 266 267 275 276 284 287 290 291 293 295 296 300 302 305 309 311 313 315 318 320 323 324 325 326 329 331 332 333 338 339 340 345 352 353 359 360 362 365 374 375 376 377 378 379 382 384 391 393 400 412 415 417 424 426 432 434 436 440 442 447 449 454 455 459 462 464 466 469 472 476 489 493 498 500 502 506 508 510 511 513 518 521 524 
170: 4 9 12 16 18 22 24 31 32 38 42 44 46 47 52 53 56 60 63 64 69 70 71 75 76 79 81 86 89 96 98 100 104 108 113 114 123 124 126 127 131 133 136 137 142 143 145 150 152 159 164 169 175 178 179 181 182 188 190 192 197 198 201 202 203 204 207 211 215 216 218 220 225 227 228 229 237 241 242 245 248 250 251 252 254 257 258 260 262 264 272 273 274 282 284 286 287 288 289 291 295 299 300 302 304 312 316 320 321 330 333 344 345 350 351 355 356 363 370 372 374 377 380 384 385 392 396 400 404 407 412 415 416 417 419 420 422 429 430 433 438 440 444 446 453 456 457 458 459 462 463 464 465 466 468 469 481 484 486 490 493 494 496 498 500 511 518 519 520 523 
142: 2 4 12 17 20 25 29 30 32 35 41 42 54 56 63 68 69 76 77 82 88 91 94 99 106 115 116 122 124 125 138 144 149 154 155 156 158 162 165 171 172 175 176 177 180 181 182 183 186 190 197 198 199 205 209 210 211 212 213 215 224 228 233 234 235 238 241 252 253 260 263 268 275 278 284 285 288 289 297 299 305 308 311 312 314 316 317 323 325 346 361 362 366 371 379 381 386 388 392 393 395 396 399 403 404 406 407 409 411 415 417 419 423 424 429 436 437 438 444 446 447 449 454 456 458 463 467 478 479 483 485 488 494 497 498 501 506 508 510 515 520 524 
147: 1 3 4 6 9 16 17 20 22 31 33 34 35 37 41 43 47 49 51 55 57 61 63 65 69 73 76 84 85 87 89 92 96 102 106 107 110 111 112 113 115 116 119 123 124 125 130 135 136 137 144 146 147 149 158 162 168 169 177 178 179 184 187 189 194 197 200 202 204 210 211 220 222 223 226 232 234 239 240 251 258 260 266 269 288 290 291 298 300 305 313 317 321 327 328 330 331 332 333 334 339 343 345 347 351 354 358 359 360 365 366 373 378 386 407 414 419 420 422 428 432 433 435 439 443 445 447 448 450 452 453 455 458 459 464 465 466 467 471 474 480 498 499 504 508 518 519 
174: 1 2 5 10 14 16 17 18 19 30 32 37 41 43 45 46 50 54 57 59 61 65 71 73 76 77 78 80 81 86 87 92 93 94 97 99 100 103 112 113 114 116 118 122 123 125 128 129 131 140 142 144 147 149 150 152 155 160 163 165 166 168 172 173 179 182 184 185 187 188 189 191 193 194 198 202 204 205 208 210 211 214 215 217 223 225 230 235 237 241 243 244 250 252 255 257 259 261 267 279 280 281 287 290 293 297 298 302 304 312 314 315 316 325 328 336 337 342 346 348 349 352 354 357 359 363 380 387 392 393 394 397 398 402 404 407 409 410 412 413 414 415 416 417 422 423 427 428 429 433 434 436 439 442 447 450 457 459 465 469 472 480 484 489 491 496 498 501 506 512 515 516 518 521 
162: 0 1 3 5 12 17 19 21 28 29 38 40 48 49 53 54 55 61 63 72 74 75 85 86 87 90 92 95 101 102 103 107 110 118 122 125 126 130 134 145 148 150 159 160 162 163 170 178 179 182 185 187 189 190 191 194 195 198 202 204 205 206 207 214 215 220 226 228 235 239 243 250 257 259 260 267 271 272 273 274 277 279 281 287 290 291 292 294 300 303 306 309 313 315 318 321 326 327 330 333 341 343 350 354 357 359 360 363 364 368 370 372 379 380 382 383 386 387 388 389 401 406 410 414 415 419 422 431 436 438 446 448 449 450 452 453 455 458 463 464 465 467 472 476 478 479 485 487 489 490 492 495 498 499 502 506 507 508 511 516 523 524 
157: 1 4 6 9 11 14 17 23 31 32 33 35 40 52 53 56 60 62 63 64 67 68 70 72 74 75 77 78 81 86 87 92 95 97 99 100 101 103 104 105 108 110 112 115 117 118 119 120 125 127 129 131 133 135 138 140 146 147 152 157 163 165 169 170 178 182 200 204 207 208 209 210 211 212 216 218 235 238 239 254 255 258 259 261 262 263 270 276 277 279 287 303 307 309 315 319 320 322 324 325 332 341 342 343 346 347 350 353 355 358 359 365 368 369 375 380 381 383 386 392 393 395 400 403 406 408 412 415 418 422 430 436 441 447 450 452 454 455 462 469 473 479 483 485 486 488 492 496 500 503 506 507 509 510 512 515 523 
145: 1 3 11 16 19 23 26 29 31 35 39 44 50 53 57 61 63 65 70 72 79 83 85 90 93 95 99 101 108 110 118 120 133 136 141 144 151 154 155 158 169 173 174 175 176 177 180 182 184 189 190 192 195 197 198 200 208 209 210 215 219 222 223 224 226 228 230 232 236 240 242 245 248 259 264 268 269 274 280 285 291 296 300 303 305 309 322 323 330 331 334 335 336 342 343 345 348 349 352 359 362 365 372 376 379 384 397 399 403 420 428 434 437 443 444 445 448 452 453 463 470 471 473 477 478 479 486 487 489 492 494 495 496 498 500 502 503 504 508 509 512 515 518 522 524 
157: 1 2 3 6 8 12 15 16 18 29 33 34 59 61 68 69 71 73 74 75 78 79 81 85 103 109 113 116 117 127 130 133 134 140 142 147 153 154 158 159 166 168 169 170 171 176 181 190 192 193 197 201 202 207 208 209 212 214 215 218 221 225 233 240 244 246 248 249 250 251 252 255 262 271 272 276 279 283 287 290 292 295 302 307 308 309 312 313 317 318 324 333 335 338 339 341 342 354 355 358 361 362 366 368 372 374 375 376 379 381 382 385 388 391 395 396 400 403 407 410 412 415 416 418 419 425 427 428 429 431 432 433 436 438 442 443 444 446 447 449 450 451 453 460 462 471 475 477 480 481 487 490 492 493 498 499 524 
158: 12 18 25 30 36 38 40 41 42 48 50 54 55 58 60 61 64 66 72 73 80 83 87 91 98 99 102 104 105 107 111 113 117 119 121 122 125 130 132 134 140 142 144 145 149 154 157 158 159 161 163 164 170 171 173 174 176 179 184 186 188 197 199 206 209 210 212 215 216 217 219 221 222 227 228 231 237 238 242 244 246 247 249 252 257 259 261 266 270 274 275 280 285 286 290 291 298 300 305 307 310 311 313 314 315 319 321 326 330 338 339 345 348 350 351 359 361 364 390 391 392 399 402 408 413 414 418 422 425 430 435 438 439 440 445 457 462 463 466 468 475 476 478 483 489 492 495 496 499 501 502 504 508 509 511 518 521 522 
159: 1 12 19 26 29 34 43 47 52 55 57 59 76 77 78 79 81 85 87 92 93 97 100 102 103 108 109 117 118 120 127 136 138 139 140 141 143 149 150 151 156 160 161 163 164 165 173 174 177 182 191 195 200 202 203 205 206 207 210 212 213 214 217 218 219 220 222 225 228 229 230 233 238 239 244 246 248 251 252 256 257 258 260 261 275 279 280 283 285 295 296 301 302 305 307 308 309 312 313 317 318 320 323 326 327 328 329 331 333 334 337 345 347 351 359 360 369 373 380 387 392 398 401 406 410 413 414 417 420 433 438 440 442 443 444 446 450 456 457 461 464 465 466 467 471 474 477 480 481 483 484 487 491 501 504 513 514 515 523 
146: 1 2 3 6 7 10 11 14 15 23 24 25 26 28 37 39 45 47 50 52 60 67 71 72 73 74 78 81 83 90 93 101 102 112 113 117 120 125 128 132 137 142 144 145 155 157 158 159 161 162 166 167 168 170 172 173 181 184 189 193 197 199 200 201 203 209 214 217 219 223 233 234 239 241 247 249 251 254 255 256 258 262 266 271 273 278 279 287 289 304 305 311 312 319 321 325 332 345 354 355 356 360 361 362 370 372 374 375 377 383 385 393 396 398 401 403 408 416 418 419 420 422 423 426 429 435 441 445 450 451 452 454 459 465 468 472 474 478 480 491 496 502 504 518 521 523 
159: 0 1 2 5 6 12 13 18 24 31 36 41 43 46 53 54 55 58 59 61 68 72 81 82 89 97 98 99 101 105 107 109 110 111 113 116 117 124 125 134 136 137 140 145 149 153 164 169 171 173 174 175 176 180 181 182 192 199 201 203 206 208 209 211 212 214 216 220 221 223 227 228 230 234 242 246 250 253 254 258 261 263 268 271 273 279 287 290 292 297 298 303 304 305 306 308 313 315 316 320 321 325 328 331 332 333 334 344 348 349 355 357 358 359 362 366 367 370 385 386 389 392 397 398 399 400 402 406 416 417 420 421 422 423 424 430 440 443 444 446 462 466 467 472 478 480 481 483 485 486 487 497 498 500 501 505 508 520 522 
144: 1 8 10 13 17 19 20 22 25 36 37 46 47 49 53 54 55 70 71 76 85 87 92 93 94 95 96 98 106 109 112 113 116 117 118 119 123 125 132 133 137 138 141 142 143 144 148 150 153 157 158 161 163 164 168 174 175 183 185 186 190 194 196 206 212 217 222 228 236 245 248 249 252 260 264 266 269 272 273 292 300 307 310 311 314 322 323 324 327 332 336 338 339 343 344 349 350 354 355 367 370 371 378 379 386 393 399 401 402 403 409 411 412 413 419 424 426 429 430 433 442 446 453 455 460 467 468 470 473 474 477 483 491 495 497 500 502 505 508 509 510 512 518 524 
147: 0 4 7 9 11 13 15 23 31 33 34 35 38 40 43 50 57 58 62 63 71 72 74 75 80 81 85 86 89 92 98 99 102 103 104 106 107 108 120 123 126 127 131 143 144 149 160 161 162 166 169 170 178 182 190 192 196 206 211 213 215 219 220 222 228 229 231 232 233 234 235 240 242 244 254 257 270 273 274 278 280 284 289 292 295 298 299 301 304 308 310 315 319 320 325 328 336 339 346 352 354 358 359 360 362 364 376 382 383 384 390 393 398 401 406 407 408 411 421 426 436 437 439 440 445 448 450 456 461 469 476 477 480 483 490 492 495 497 499 500 501 503 506 507 511 513 522 
155: 2 5 8 11 13 20 21 25 30 32 40 47 49 51 55 57 60 61 64 67 68 69 72 73 75 78 81 83 84 86 87 88 93 96 99 107 115 116 117 124 131 132 133 135 137 139 141 143 146 147 156 159 162 169 176 177 179 188 192 195 198 201 207 211 213 216 218 219 225 233 238 242 247 250 253 254 260 263 264 272 273 274 275 276 282 283 284 287 289 290 296 298 299 301 303 310 317 318 319 320 325 330 331 332 333 339 343 345 347 351 355 359 360 361 362 368 376 378 381 382 385 388 409 415 417 420 421 423 426 428 443 452 453 454 455 456 459 460 461 462 464 476 477 480 481 484 489 494 495 499 502 503 505 518 522 
152: 4 6 8 11 16 17 18 21 25 32 34 35 48 56 58 62 66 67 70 74 78 82 90 91 92 93 96 98 100 102 103 110 112 114 115 117 118 120 123 126 127 128 131 133 134 137 138 140 143 144 146 147 151 164 172 177 178 181 187 189 190 191 192 193 197 198 211 213 219 227 236 237 240 241 244 245 246 254 255 260 267 270 273 283 288 290 291 293 296 297 299 300 304 306 308 314 318 319 322 324 330 331 334 337 341 342 344 347 348 353 357 361 363 364 365 371 374 383 384 390 391 392 393 403 412 413 418 420 421 424 436 442 447 453 458 459 464 465 474 478 479 481 482 483 485 488 494 499 503 516 521 524 
159: 0 4 5 6 8 10 13 14 16 17 22 25 32 34 38 40 48 49 57 62 63 64 69 75 77 79 83 84 94 95 96 104 107 109 114 117 118 120 122 127 131 134 135 145 149 153 154 155 157 158 159 162 170 172 182 185 188 189 191 196 201 203 209 214 221 222 224 228 231 234 236 237 238 239 242 243 244 254 255 259 262 263 266 267 277 279 283 286 295 296 297 301 305 309 313 316 318 319 322 326 327 330 331 337 338 339 341 342 343 344 345 346 347 353 357 358 360 362 376 380 381 383 384 388 394 395 397 401 403 405 408 410 411 412 417 430 434 435 437 440 442 445 451 456 472 473 478 479 488 498 501 502 503 507 509 517 518 523 524 
153: 0 2 5 8 11 13 14 18 19 21 22 23 25 32 38 50 51 57 60 65 78 92 94 98 102 106 108 110 119 125 126 129 131 134 136 142 145 148 150 153 156 159 162 163 165 166 176 178 183 185 186 189 193 199 208 211 214 217 219 222 223 224 231 236 244 248 249 252 264 266 267 269 271 272 279 284 289 294 296 297 298 305 306 308 309 312 314 318 321 322 325 326 329 334 336 337 339 343 344 345 349 351 352 355 358 363 372 373 376 377 378 379 381 383 386 387 396 397 398 400 401 405 413 419 421 429 430 433 434 435 437 439 446 453 454 456 468 471 473 476 478 480 486 487 488 490 494 500 502 505 509 517 518 
152: 10 11 14 16 22 25 26 27 28 33 35 39 44 45 48 54 55 57 58 60 61 64 65 66 69 72 73 74 75 76 78 79 84 85 87 91 95 96 104 106 107 108 115 118 122 123 124 125 127 129 139 142 143 145 147 151 167 172 183 185 186 190 191 204 207 211 214 224 228 238 239 247 249 254 265 271 272 274 275 277 280 284 285 296 298 301 302 306 314 317 323 327 329 330 331 340 347 348 350 357 359 360 361 364 366 371 373 375 377 379 382 383 386 389 393 402 404 408 410 411 413 415 416 417 418 426 429 432 434 437 442 445 452 454 457 461 467 476 478 486 488 490 492 495 496 497 498 508 516 521 523 524 
155: 11 15 17 19 21 26 37 40 42 43 45 47 50 51 53 57 61 71 80 83 89 101 103 104 105 108 114 116 120 121 127 131 132 142 148 149 151 154 155 156 157 160 163 166 167 173 175 178 184 185 187 192 198 210 212 213 214 219 226 228 231 232 235 236 239 240 241 242 246 247 248 258 262 263 264 274 275 276 278 280 285 290 294 297 302 303 306 307 310 315 318 325 327 333 335 337 345 346 347 354 356 357 358 360 366 367 368 369 374 379 383 384 385 387 389 391 393 398 399 400 401 406 412 417 418 424 432 437 438 443 449 457 461 467 468 472 475 481 486 490 494 495 498 499 501 503 505 506 509 510 511 513 517 522 524 
153: 1 3 6 7 12 15 18 27 28 30 36 37 43 45 48 49 51 52 53 58 59 61 64 67 68 69 71 73 80 84 88 89 91 94 104 111 114 115 117 125 127 129 130 132 135 137 145 146 150 151 153 154 155 159 162 170 171 174 178 179 193 195 199 202 203 208 209 211 214 225 227 228 232 241 249 258 262 263 264 266 272 277 278 288 290 298 300 301 308 310 313 320 323 325 326 330 331 332 333 334 335 341 342 344 354 357 359 362 363 364 366 375 376 377 378 379 381 382 391 392 394 400 413 415 426 428 429 432 436 438 442 443 459 462 464 472 477 478 483 484 489 490 495 498 499 505 508 509 513 517 519 521 524 
163: 4 8 9 11 12 15 18 25 28 37 38 40 42 43 51 54 55 58 60 61 62 68 73 77 82 85 89 93 97 99 101 102 109 110 111 112 116 117 118 120 121 123 126 132 133 147 149 163 167 170 172 173 175 177 178 182 187 188 189 191 193 197 200 201 202 203 207 226 228 231 234 235 240 243 248 253 254 257 261 266 268 274 275 276 277 281 283 284 288 292 293 294 296 299 301 311 313 315 318 321 324 327 328 330 332 333 334 339 340 343 347 348 351 359 363 365 368 369 371 374 377 382 385 387 390 391 396 398 403 405 407 408 411 422 427 430 434 436 437 441 445 450 452 453 457 461 465 468 470 471 473 481 486 489 494 497 505 506 507 510 517 519 521 
155: 0 3 6 7 10 13 14 18 19 20 23 33 37 38 44 49 50 57 58 62 66 70 72 73 94 96 99 101 102 104 106 108 109 113 114 117 118 125 126 127 128 131 135 136 138 145 156 157 160 162 167 169 170 172 174 175 177 179 180 181 183 186 189 190 196 202 206 209 211 212 215 226 227 228 229 242 245 246 251 254 258 259 261 262 263 268 269 273 279 283 284 286 287 302 305 306 307 308 311 313 316 317 327 329 330 335 339 340 342 348 360 363 364 368 369 375 383 387 389 391 392 394 398 400 402 405 406 407 415 421 425 427 430 432 433 435 436 439 446 456 462 467 473 474 475 476 479 490 491 495 501 504 509 510 518 
156: 1 7 8 12 13 17 19 24 30 36 40 43 44 45 57 58 61 63 64 71 74 79 84 87 90 91 107 113 118 119 123 125 135 138 141 148 151 152 154 167 169 171 172 179 180 181 184 189 190 193 197 204 208 210 215 216 218 223 226 228 229 233 235 236 237 240 242 247 253 257 261 262 264 271 272 273 274 277 282 285 292 295 299 305 311 314 315 317 320 321 322 325 330 334 335 342 345 349 352 353 355 357 359 368 370 373 375 377 378 382 383 384 385 389 394 396 399 401 403 409 414 417 421 424 428 434 438 440 441 443 444 450 451 452 453 454 455 456 462 463 464 465 474 477 486 491 493 501 503 508 510 511 512 516 521 523 
169: 0 2 4 10 16 26 27 28 29 30 31 33 34 37 39 41 44 50 53 55 56 57 61 64 70 72 75 77 80 81 82 85 86 87 93 100 104 106 109 111 114 117 123 124 126 127 131 138 140 143 146 147 150 159 160 161 163 170 177 178 181 182 185 193 196 197 198 199 201 203 207 208 211 217 221 222 228 230 232 235 237 244 249 250 251 256 259 260 263 267 270 273 274 282 285 300 303 304 306 309 312 320 322 329 333 335 343 344 354 364 365 366 369 372 381 384 386 389 393 395 403 406 408 410 412 413 414 416 417 419 427 428 430 432 433 435 437 438 439 446 448 452 453 455 456 460 463 464 471 476 477 479 481 484 485 486 487 489 493 496 497 498 509 511 512 515 516 518 522 
178: 2 4 6 7 8 9 12 21 24 26 30 32 33 35 39 41 45 48 59 60 61 63 64 65 66 67 70 71 73 76 77 78 79 82 83 85 88 89 93 111 113 114 119 120 121 125 128 131 133 135 139 140 142 145 146 148 158 159 165 168 169 173 174 179 181 184 185 188 189 196 197 199 206 208 209 222 223 225 226 235 240 241 257 258 259 262 264 269 271 273 275 277 280 281 284 285 286 287 289 291 300 301 303 306 307 309 310 319 326 327 329 331 332 334 336 339 340 341 348 349 350 351 355 359 362 365 368 370 371 378 379 380 388 390 392 397 401 402 403 405 409 412 414 415 417 420 423 428 431 433 435 448 453 454 455 456 457 464 469 470 472 474 475 478 480 485 486 494 499 503 506 510 514 515 519 521 522 524 
150: 4 5 6 11 14 20 22 24 32 33 37 43 47 53 56 58 60 62 64 65 73 77 80 82 83 86 95 98 99 103 106 116 119 121 129 132 133 134 137 138 144 146 150 152 155 157 158 159 160 162 163 165 166 167 168 171 173 174 178 182 187 190 195 199 203 207 211 212 215 222 223 238 248 251 253 256 258 259 267 269 275 280 281 285 288 289 292 293 295 298 309 311 316 317 328 339 341 352 353 358 359 360 364 367 369 372 376 381 383 384 387 391 399 403 409 411 413 416 417 419 422 426 428 429 436 441 447 448 450 455 456 466 467 470 471 492 496 499 502 505 506 509 514 515 516 519 521 522 523 524 
152: 1 13 18 23 29 34 36 37 40 45 48 52 53 56 59 60 63 67 72 75 81 82 84 85 87 88 90 91 93 99 102 107 109 112 115 120 127 131 132 134 136 138 140 145 154 157 161 162 163 167 171 173 175 189 191 193 196 198 200 201 204 207 212 215 219 222 227 232 233 235 238 245 249 251 259 260 261 263 264 265 268 273 274 276 277 278 292 293 294 299 300 301 302 304 307 313 314 322 323 332 335 336 345 348 353 355 357 358 360 364 367 371 374 377 379 383 385 387 398 399 401 406 407 409 411 415 423 425 431 432 433 436 438 440 445 447 464 465 473 474 478 479 486 489 494 495 496 501 511 513 519 520 
151: 0 3 7 9 10 12 18 21 22 25 26 31 34 35 37 40 42 44 48 52 56 61 62 65 66 68 73 77 79 81 83 88 89 91 96 98 100 103 108 109 112 114 133 134 137 141 145 151 155 161 165 167 170 172 184 195 197 202 203 209 210 215 217 222 235 237 238 239 242 248 254 255 257 259 269 270 273 286 293 296 298 300 310 311 314 316 318 328 329 333 339 345 352 355 363 365 376 378 384 385 388 393 395 400 402 403 405 408 409 413 415 416 422 424 426 427 429 437 438 440 441 442 444 446 449 451 453 455 456 457 460 462 465 466 468 469 473 474 481 490 491 496 501 505 506 507 508 510 514 516 517 
147: 2 3 10 11 12 22 24 25 30 33 36 39 43 50 56 62 67 69 70 75 82 87 89 90 92 94 95 98 101 109 112 115 117 118 120 121 126 128 129 130 131 133 138 149 150 152 155 160 162 166 167 173 175 177 180 189 191 192 195 198 210 216 217 222 227 235 236 238 240 241 242 244 249 250 257 260 261 268 271 272 274 283 284 285 287 291 292 295 296 298 301 305 327 340 342 344 347 354 368 370 371 372 380 381 383 389 391 396 410 414 415 416 418 421 425 428 433 436 439 440 443 445 450 451 453 456 461 463 466 467 469 476 482 488 496 497 498 499 503 504 508 510 511 515 519 522 523 
154: 1 13 14 16 20 29 33 36 37 40 41 43 50 51 54 56 58 65 66 67 69 71 72 73 75 77 83 85 86 92 105 110 114 137 139 140 147 148 149 150 152 154 161 167 169 171 173 176 179 180 182 185 186 188 189 195 198 199 206 207 210 211 225 228 244 246 248 250 252 253 254 256 259 263 268 270 276 283 285 293 294 298 301 304 305 309 310 314 324 325 328 334 335 336 338 342 345 347 349 352 353 357 362 364 366 367 376 378 382 389 394 396 400 401 403 407 409 415 416 417 428 433 434 437 440 441 445 447 452 455 459 461 463 464 466 468 469 471 475 478 484 486 490 492 495 501 505 507 509 514 517 519 520 523 
171: 2 3 5 10 11 15 18 19 21 25 26 33 37 39 41 43 49 51 53 56 59 61 66 72 74 82 90 93 94 101 102 103 107 109 110 111 112 115 119 120 125 129 133 136 137 142 143 145 151 159 160 163 164 171 172 173 178 183 188 189 191 195 196 197 198 199 201 207 209 210 214 219 221 225 226 227 236 237 240 247 250 252 257 262 266 269 270 277 278 279 284 287 288 289 290 298 299 304 307 309 312 315 321 325 329 331 335 338 339 352 356 361 364 365 366 368 373 374 379 382 384 385 389 390 392 394 395 397 399 404 407 408 410 411 412 415 417 418 422 423 424 431 437 438 440 443 447 450 453 456 457 460 464 471 472 473 476 478 487 488 489 490 492 493 497 499 503 509 510 515 520 
152: 0 1 2 6 8 10 11 26 28 30 31 34 35 37 39 48 51 52 54 55 59 65 67 71 72 74 82 91 92 93 101 102 103 104 115 119 121 125 127 128 129 134 137 138 143 155 158 171 174 177 178 185 189 203 206 209 212 217 219 221 227 230 231 233 235 236 238 250 251 252 254 258 260 261 262 265 270 275 280 282 284 285 287 288 290 295 296 297 302 304 308 311 312 316 317 319 322 329 331 336 339 343 346 348 353 361 370 372 374 380 381 383 390 391 392 396 399 400 401 405 406 412 422 423 425 431 432 433 437 439 441 442 451 454 455 458 460 462 468 471 477 485 488 489 492 494 499 501 512 513 517 522 
164: 0 2 12 13 15 18 23 26 29 31 32 33 36 37 38 45 46 47 50 53 56 61 62 63 74 76 78 79 81 82 83 88 91 93 97 105 110 111 114 115 118 123 127 132 139 143 145 146 151 152 154 155 158 160 164 167 169 172 173 175 184 186 196 197 203 204 207 209 210 220 221 222 227 230 232 238 242 252 253 256 262 263 266 272 273 274 275 285 288 290 293 295 297 299 300 303 313 316 317 322 323 332 334 344 345 350 352 353 357 362 365 366 367 368 369 370 373 380 384 392 394 397 398 403 404 405 409 412 418 420 427 432 438 444 449 450 451 457 462 465 467 468 469 470 471 472 473 474 479 480 485 490 492 496 497 500 507 508 509 510 512 518 519 523 
159: 5 6 7 10 14 20 21 24 28 29 33 36 38 39 42 44 45 52 54 55 57 61 71 78 79 81 87 88 94 95 96 100 101 103 109 117 120 121 122 126 129 130 142 144 146 147 150 151 154 159 163 166 167 170 176 180 181 183 185 190 200 202 209 210 212 214 215 216 218 219 236 242 245 246 247 248 251 252 253 256 257 259 262 267 269 277 283 285 299 301 302 305 310 311 313 314 317 320 324 328 329 332 336 337 338 341 348 354 363 364 366 371 374 378 381 383 385 387 389 396 398 405 407 408 410 411 413 418 420 421 426 427 429 430 431 433 434 435 436 440 446 451 454 459 465 476 478 481 482 484 486 494 497 499 501 503 506 510 518 
159: 3 4 6 11 16 17 21 27 28 29 31 36 49 52 55 56 64 72 78 81 84 86 87 88 90 96 97 99 101 104 106 116 119 120 126 128 129 134 137 138 139 149 154 155 156 157 160 162 163 166 171 172 177 178 179 181 182 189 192 198 201 203 206 208 209 216 220 226 230 231 235 236 237 238 243 248 249 250 254 257 259 268 272 273 275 291 294 297 299 308 309 310 315 317 319 327 328 329 332 333 334 337 339 346 347 349 351 355 359 365 366 369 370 373 377 379 385 386 390 391 392 395 406 408 409 414 417 418 419 420 430 435 439 442 444 445 446 448 458 463 469 470 471 477 481 482 484 489 492 493 499 503 505 512 516 519 522 523 524 
163: 2 7 9 19 20 22 24 35 37 38 39 40 42 44 45 46 49 50 54 55 56 57 75 79 82 83 90 91 94 98 102 103 104 105 106 107 109 110 112 115 116 117 120 122 123 124 125 127 134 137 141 144 149 151 152 154 156 159 160 163 171 172 176 178 180 182 192 195 202 203 206 210 217 221 222 230 236 237 242 243 244 247 249 251 254 258 260 261 264 266 269 270 273 276 279 280 282 285 287 292 300 301 308 310 312 314 316 318 320 332 336 351 358 365 371 376 379 380 381 384 386 397 401 403 405 406 409 410 413 416 419 435 439 441 445 446 457 460 462 466 469 473 477 483 484 485 486 487 490 492 493 494 495 496 498 499 500 501 504 507 509 514 519 
163: 0 1 4 6 12 16 21 23 31 35 41 45 47 51 53 55 56 58 59 61 65 73 74 76 78 81 82 90 91 93 95 96 97 99 100 112 115 118 120 121 130 131 133 136 144 145 155 158 161 175 178 179 181 187 191 192 193 194 204 206 210 212 215 217 218 220 224 231 234 237 240 244 249 251 252 253 254 256 257 259 261 265 267 272 279 283 290 297 300 304 312 313 324 325 328 329 330 333 334 335 338 341 342 343 344 352 353 354 355 356 358 361 363 365 367 377 378 379 382 383 384 388 393 399 400 403 405 407 410 413 418 421 426 440 442 445 446 449 451 452 454 455 460 462 465 467 469 472 475 477 478 486 488 489 490 496 498 506 507 510 512 514 515 
167: 7 11 12 14 15 16 18 25 26 28 33 38 42 43 46 54 56 58 59 61 70 71 73 77 78 79 83 87 93 97 99 100 101 104 105 108 109 110 123 130 133 138 143 146 151 152 154 156 158 161 165 170 171 173 174 177 181 182 185 188 189 192 197 202 203 208 213 215 218 221 222 223 225 226 228 234 235 236 240 242 243 245 246 250 251 253 256 261 263 264 265 270 273 276 277 281 288 289 290 295 297 300 302 310 318 319 324 327 329 330 331 332 337 340 343 344 352 353 355 361 365 366 372 374 376 386 388 390 393 398 401 403 404 406 410 415 416 428 431 434 435 437 440 445 446 453 454 456 458 464 465 467 468 471 472 473 474 475 479 482 488 490 492 498 511 518 520 
162: 3 4 10 12 14 16 19 22 23 24 26 37 45 52 55 57 58 61 62 63 73 74 79 85 90 92 99 102 107 108 113 116 117 119 125 127 131 132 137 141 142 144 145 147 149 151 152 156 162 163 164 165 168 171 172 179 184 185 189 192 193 196 197 201 205 208 210 218 219 223 224 225 229 232 233 234 237 244 249 252 253 254 255 257 262 270 278 279 284 285 288 289 291 295 301 304 309 312 319 327 328 333 334 339 341 347 353 355 357 358 360 361 362 364 365 369 376 379 384 387 388 389 393 396 400 401 406 410 411 412 414 420 422 425 429 431 433 438 442 445 447 448 449 450 457 462 466 470 474 478 480 481 485 488 489 494 499 507 510 512 513 521 
160: 1 2 5 6 8 11 15 18 20 21 29 30 32 33 34 35 38 39 41 42 44 45 46 52 57 61 62 64 66 67 69 71 79 86 96 97 98 99 100 103 114 121 122 123 126 128 131 133 134 135 142 148 150 154 160 162 172 174 176 184 188 189 194 201 202 205 206 208 214 218 220 221 224 227 229 236 240 241 242 249 250 251 255 256 258 260 266 268 270 271 273 276 278 281 286 293 297 300 301 304 310 312 316 319 320 328 336 342 345 348 349 362 368 380 381 382 384 388 395 408 409 410 412 413 414 415 416 423 426 427 428 430 432 433 436 437 440 444 446 449 450 451 461 463 464 466 468 472 473 474 485 491 492 494 501 504 510 514 520 522 
172: 1 2 5 10 12 13 17 25 28 32 36 51 52 57 59 60 61 62 65 76 79 80 83 86 87 88 91 99 100 103 104 108 109 110 111 112 113 120 122 132 135 137 139 140 143 144 146 148 152 155 166 167 168 170 173 177 183 186 192 193 196 197 200 203 204 206 207 213 215 217 218 219 220 225 227 230 231 235 236 237 238 245 248 249 255 257 258 260 263 265 267 268 270 271 272 275 277 280 285 287 292 295 296 298 299 305 312 316 317 325 327 328 335 339 341 344 348 351 352 353 356 359 363 370 372 375 379 381 384 390 391 392 393 394 397 401 409 413 422 428 431 432 436 437 438 441 445 452 455 457 460 461 462 464 467 472 475 477 480 482 483 494 496 499 500 504 506 507 510 512 518 524 
135: 2 9 11 24 30 31 42 43 47 53 57 58 59 63 65 66 67 70 73 75 83 85 86 87 89 91 95 96 97 99 104 108 118 125 126 129 140 144 145 149 152 156 159 177 178 186 187 188 190 193 194 200 204 209 213 214 219 222 236 247 248 249 252 265 266 276 277 278 280 285 286 287 290 292 293 297 300 301 304 307 310 320 321 323 326 327 331 333 338 345 359 360 362 364 367 369 371 374 375 380 385 386 393 402 408 414 418 419 420 422 425 429 433 448 456 465 466 467 469 470 474 475 485 486 487 492 497 499 507 508 511 517 518 521 522 
149: 3 4 5 6 9 11 13 14 16 17 18 19 21 22 27 29 30 35 36 38 49 52 54 55 56 59 61 66 68 75 78 79 80 82 84 98 99 103 104 108 109 118 124 134 140 141 142 143 145 147 150 169 187 189 198 200 201 202 212 215 224 230 231 232 233 235 236 244 255 257 258 262 264 266 270 271 272 276 283 286 291 292 297 305 308 310 311 317 327 332 337 339 345 346 348 354 357 362 363 364 367 368 371 376 377 379 386 389 396 400 404 409 410 411 414 416 418 422 424 426 429 430 435 437 438 441 442 444 445 451 453 456 462 464 466 467 477 486 490 492 495 497 503 507 508 512 514 519 521 
152: 10 12 16 18 19 26 27 29 32 33 42 44 45 53 55 58 60 61 62 63 64 67 68 78 80 82 86 87 98 103 104 109 126 128 136 142 143 144 146 149 150 152 153 158 161 164 167 169 177 180 184 186 187 189 192 193 201 202 203 208 212 214 218 224 229 231 232 233 238 242 244 246 247 253 255 257 260 261 268 270 272 274 277 278 284 290 302 308 311 313 314 319 323 328 335 344 349 356 358 359 363 370 374 378 380 381 389 394 395 398 402 404 406 407 409 410 411 412 413 415 417 418 419 424 425 429 437 441 443 448 451 456 464 475 477 481 483 484 485 486 493 495 501 503 504 505 507 510 513 514 520 521 
163: 10 12 13 15 16 17 18 19 27 30 41 44 45 47 48 52 53 54 55 57 59 60 61 64 68 74 75 76 78 81 88 90 91 93 99 101 104 105 106 110 112 113 114 117 121 125 130 134 135 136 138 142 143 147 153 154 156 158 160 166 168 171 175 181 182 183 185 190 192 195 196 198 205 213 216 217 218 228 234 235 237 238 247 251 252 255 267 274 275 276 278 280 283 290 292 295 298 300 304 305 314 318 322 326 334 335 337 343 344 347 348 350 354 359 361 365 375 381 386 387 388 389 391 395 396 405 407 409 420 423 429 432 433 435 441 443 445 449 453 457 458 460 462 475 476 480 481 482 484 485 486 488 497 498 500 501 503 505 508 510 512 517 520 
156: 0 2 4 5 16 18 21 22 25 27 28 32 45 55 60 61 62 63 66 69 70 72 74 77 80 83 84 85 88 89 90 91 93 94 96 97 99 103 104 107 109 115 120 125 128 131 133 139 141 142 143 147 155 157 158 164 166 168 170 172 179 180 185 191 194 202 205 208 210 212 214 215 217 218 223 229 234 240 242 243 244 261 262 266 269 274 275 279 280 285 296 300 304 306 307 308 312 314 316 317 321 326 330 339 340 342 347 354 356 357 358 361 363 365 366 370 374 376 380 381 382 387 389 392 395 396 403 406 408 414 415 418 420 424 425 428 430 431 432 442 450 454 467 469 480 482 487 491 500 502 503 507 514 515 517 518 
166: 7 8 9 12 19 21 23 25 29 31 32 36 37 39 42 44 45 46 50 57 60 64 69 74 78 79 82 87 90 92 100 104 114 118 121 125 127 128 129 130 132 140 141 144 147 149 151 153 156 157 161 162 165 170 175 176 178 183 185 187 195 196 198 200 201 205 206 207 209 210 212 221 228 235 238 239 241 242 245 251 254 255 256 257 260 261 262 263 266 270 272 274 277 278 279 281 283 290 292 293 294 304 306 308 309 312 313 318 319 320 330 332 333 335 337 343 344 345 350 353 355 367 369 370 371 373 374 375 379 380 383 388 391 396 398 401 407 418 419 423 426 427 431 439 440 441 444 448 454 455 456 458 471 473 475 479 483 495 497 498 499 501 505 509 518 522 
156: 3 11 14 15 18 20 21 23 25 32 33 34 37 41 43 44 49 52 54 58 61 63 67 69 70 72 77 80 83 96 98 103 107 108 110 116 120 121 123 127 131 134 136 139 148 152 153 154 158 164 166 167 169 171 173 179 185 187 188 189 191 193 194 198 199 203 206 210 214 226 228 230 233 234 236 237 238 239 240 255 258 261 262 263 267 271 272 273 274 283 285 287 288 293 294 296 307 310 312 316 321 324 333 335 341 342 343 345 352 359 361 365 368 370 371 376 377 379 382 385 391 397 399 407 408 413 417 420 422 424 426 427 430 432 433 435 450 456 459 460 463 482 486 487 488 489 490 492 494 507 508 512 514 516 519 523 
146: 0 15 17 18 21 22 23 26 29 34 37 43 44 46 49 51 53 55 60 62 68 70 71 80 87 89 90 92 98 104 105 107 111 112 121 122 123 124 125 126 130 132 138 143 146 149 152 155 159 161 163 166 167 175 176 177 179 189 191 194 207 216 217 226 234 238 244 247 257 260 263 268 274 276 280 282 284 293 294 295 298 299 302 304 306 309 310 318 319 322 323 326 331 333 335 339 345 352 353 356 357 360 362 364 367 374 376 379 384 385 387 388 390 400 401 403 405 408 410 412 415 416 417 418 420 422 423 426 429 434 440 445 447 450 459 469 470 475 479 484 490 493 494 503 516 521 
171: 0 11 15 20 24 26 28 29 41 42 44 46 47 48 49 50 54 66 74 75 80 81 82 86 89 94 101 102 103 105 108 111 112 115 120 121 122 123 125 126 127 129 130 131 132 133 146 153 155 157 164 166 167 169 170 173 177 179 183 185 186 189 193 198 201 204 208 221 224 226 228 229 232 236 240 241 242 252 257 262 263 267 272 278 279 285 286 287 289 290 295 296 307 309 322 325 326 327 329 330 333 334 335 336 337 349 350 353 354 355 357 359 361 362 363 368 369 372 376 377 380 383 388 389 395 398 401 404 406 411 412 414 416 417 423 424 426 428 430 431 435 439 440 443 447 448 450 456 458 462 469 470 473 474 476 477 480 483 484 491 496 503 504 510 514 516 517 518 519 521 523 
157: 4 5 11 13 14 15 18 20 23 24 30 36 39 43 45 55 58 61 68 71 74 76 83 89 90 98 99 102 107 112 114 121 122 135 137 138 143 145 154 157 158 164 172 175 178 184 185 189 193 196 198 206 209 215 221 222 230 231 233 234 237 239 242 244 251 252 254 257 259 260 261 269 272 273 275 277 278 280 284 285 286 288 299 308 309 311 312 314 315 318 320 321 327 328 331 332 341 343 345 346 348 358 360 363 369 370 371 372 373 375 376 381 385 386 387 391 398 402 406 407 408 410 411 422 429 432 434 436 441 443 444 446 448 450 453 455 456 457 461 468 472 473 477 480 483 485 489 491 497 501 504 506 512 515 516 518 524 
162: 2 3 9 14 15 19 22 23 27 30 35 36 38 43 47 48 49 51 52 54 61 68 70 76 79 81 83 84 86 87 90 91 92 96 98 105 106 116 119 124 127 132 135 147 148 149 153 159 161 164 169 172 186 188 196 200 202 204 207 211 213 214 215 228 230 232 237 239 243 253 254 257 258 270 278 285 286 287 289 295 297 300 306 308 309 311 314 323 324 325 333 336 340 341 342 346 351 352 354 359 361 362 363 365 369 370 372 375 385 387 388 389 391 392 397 398 401 405 406 409 410 412 418 419 422 423 426 427 429 431 434 437 438 439 443 445 448 451 455 458 460 461 466 470 473 475 478 483 486 487 499 500 504 506 507 508 509 512 513 516 521 522 
173: 1 5 7 10 12 16 18 21 26 28 32 38 39 42 44 47 48 51 58 63 66 70 71 74 78 83 102 103 108 110 112 114 117 119 120 122 123 126 130 137 138 153 156 158 159 161 162 163 166 167 172 173 180 181 184 186 188 189 190 194 200 205 207 208 210 212 214 215 216 217 219 220 226 235 246 247 251 255 261 262 266 270 273 277 280 288 289 291 294 298 305 307 310 311 313 314 317 318 323 324 335 336 337 338 339 343 344 345 348 359 363 369 371 374 376 379 383 388 389 391 392 396 397 398 399 400 406 407 408 410 417 419 421 423 425 427 433 437 446 448 450 452 454 455 456 458 460 464 466 470 471 472 474 479 480 481 483 484 488 490 491 493 496 497 499 501 502 509 513 515 516 519 523 
149: 1 3 4 8 14 15 17 20 23 30 33 35 36 41 42 48 49 55 57 58 59 60 63 66 68 69 74 76 77 81 85 88 90 92 93 95 102 108 111 112 118 121 123 124 125 129 130 134 136 139 143 144 155 157 158 160 161 162 171 173 178 179 180 181 182 187 191 192 193 195 196 197 205 211 218 227 233 236 240 243 253 254 256 259 260 261 266 275 278 280 286 289 295 301 307 317 320 322 327 329 334 341 343 349 355 358 364 365 366 368 370 378 379 394 395 399 400 409 410 416 422 423 430 436 444 450 452 463 466 468 475 480 482 483 484 488 489 490 493 494 496 498 504 505 506 507 508 514 524 
145: 2 3 12 22 31 32 33 37 48 54 55 61 62 65 69 76 77 78 79 80 82 83 87 93 99 102 104 110 113 115 124 127 130 135 136 138 140 142 148 154 155 158 165 173 181 182 188 189 191 193 194 195 196 201 202 213 214 215 216 217 228 229 230 233 237 240 245 257 259 264 266 268 271 273 276 289 294 298 300 301 302 307 313 315 318 320 322 327 330 331 333 335 347 349 357 358 361 362 367 369 373 382 383 385 386 388 391 396 398 400 402 405 418 423 428 429 431 436 440 443 449 451 459 463 464 465 472 474 477 480 486 502 503 504 506 508 511 513 516 517 518 519 521 523 524 
160: 1 3 5 7 9 11 15 19 20 21 27 32 36 41 44 47 49 55 56 57 62 64 65 68 73 76 79 86 88 89 90 93 95 97 98 99 101 103 108 112 116 122 123 126 127 134 135 137 138 139 141 148 151 153 155 157 166 168 184 193 194 200 201 204 207 209 213 221 230 231 237 242 247 248 250 258 267 268 271 274 277 281 283 292 296 299 302 305 309 310 313 314 315 316 322 323 324 326 327 336 339 343 346 350 351 352 353 369 377 382 383 387 390 392 393 396 403 405 406 407 409 410 417 418 420 426 428 429 430 431 436 437 438 439 444 445 447 448 451 454 455 458 460 462 463 465 477 478 483 485 489 490 499 501 505 511 512 513 519 524 
167: 5 7 9 11 17 18 22 28 30 41 48 49 50 52 54 56 59 60 61 64 65 67 69 70 72 74 75 82 83 92 94 100 102 105 110 111 116 118 122 123 124 126 127 138 139 145 152 154 155 156 157 165 166 173 175 179 181 182 183 187 191 197 200 201 205 207 214 215 217 218 219 221 222 224 225 226 233 235 238 243 244 250 256 258 261 262 263 265 266 267 273 278 279 282 283 287 289 293 295 297 299 300 308 309 317 320 321 334 339 346 356 359 360 363 366 369 371 372 373 374 375 379 382 383 387 389 391 395 398 400 403 407 409 419 421 424 430 432 434 436 438 439 443 451 453 454 455 460 462 463 470 471 472 473 476 481 484 487 489 490 491 494 500 501 509 513 521 
152: 4 19 33 43 48 50 52 60 63 69 74 77 80 82 85 93 115 120 132 133 135 137 138 141 145 151 159 160 162 165 168 170 173 181 183 185 188 190 194 196 199 205 206 217 218 220 221 222 226 227 229 240 241 246 248 249 250 254 255 256 257 264 265 270 273 276 278 279 283 289 295 296 303 304 306 314 317 319 332 340 344 346 347 348 350 351 353 356 357 360 361 363 367 368 371 373 376 380 382 383 386 387 390 391 393 395 398 400 401 409 427 430 431 434 437 438 439 441 443 444 449 450 455 456 458 459 460 464 465 466 467 471 472 476 477 481 482 483 485 486 487 494 497 499 500 510 512 514 515 518 522 523 
170: 8 9 10 11 12 14 19 20 22 27 28 29 33 34 35 36 37 38 45 46 47 48 49 57 64 66 67 69 76 82 84 87 91 99 101 102 103 104 107 111 113 114 115 118 125 126 127 129 137 139 142 145 146 154 157 162 165 168 175 177 180 185 187 188 193 196 198 199 201 206 208 210 211 215 226 227 229 231 234 238 244 247 248 251 257 263 265 267 276 277 283 290 291 296 299 300 301 303 306 307 311 313 323 326 327 333 334 339 343 344 345 347 348 351 356 360 362 368 373 374 376 384 388 390 396 398 406 411 413 419 423 424 426 427 429 430 431 432 435 437 438 439 442 443 444 445 447 448 449 451 453 454 456 459 471 473 478 479 482 485 490 495 496 503 504 507 512 513 516 523 
142: 2 10 12 13 16 21 25 28 29 30 33 39 42 54 55 64 68 76 78 89 90 91 93 99 100 101 106 109 116 119 122 124 132 135 138 145 146 147 150 151 153 157 159 160 162 167 174 176 184 185 188 194 203 205 219 222 224 226 227 229 230 231 234 237 238 240 241 244 245 248 255 257 261 266 270 278 279 281 283 285 294 304 313 316 318 328 337 340 346 351 353 354 356 357 358 362 363 366 370 374 376 378 379 380 381 383 387 396 406 408 422 426 428 430 434 437 446 447 449 451 452 453 455 458 460 473 474 475 476 478 479 484 487 488 494 497 501 507 510 517 520 522 
168: 0 10 15 18 19 20 23 26 30 35 36 37 42 58 62 64 72 78 92 95 99 101 103 108 111 113 115 116 117 118 124 126 127 133 135 144 145 148 150 151 152 155 156 157 161 163 165 166 167 168 169 171 173 174 177 186 187 188 193 194 196 201 207 208 216 217 221 222 224 225 228 232 233 236 240 241 242 245 249 252 254 257 258 264 265 266 268 269 270 272 274 278 279 282 291 297 298 305 308 315 328 330 335 336 341 349 350 358 361 362 363 365 368 375 378 380 381 382 390 392 396 397 399 400 406 407 413 416 417 419 420 421 423 424 426 429 430 434 441 443 444 452 454 456 457 462 463 475 480 481 489 491 494 495 496 498 502 504 506 508 511 513 515 516 518 521 522 523 
158: 7 16 26 36 40 47 48 51 54 61 63 68 71 74 75 76 79 81 86 88 90 92 96 104 105 108 109 112 114 123 125 130 132 145 149 152 153 164 165 167 172 174 179 183 186 187 188 191 195 196 198 199 202 206 211 214 215 217 218 225 226 228 232 233 236 241 243 244 247 249 250 252 253 254 258 263 266 271 277 279 280 281 282 283 284 285 286 299 300 310 312 313 316 320 322 327 328 329 334 336 352 363 364 369 370 375 376 377 384 385 386 390 395 396 397 398 399 402 403 404 408 410 416 420 421 422 423 428 436 437 438 439 441 442 444 451 454 460 467 470 471 473 477 481 484 486 490 491 494 495 499 500 506 512 515 520 521 522 
163: 1 5 14 15 16 25 29 31 33 34 36 40 43 52 55 63 67 68 69 71 72 76 81 85 86 93 94 97 98 102 103 106 107 111 115 117 120 123 124 125 126 128 130 131 134 136 141 146 149 150 151 156 163 164 170 177 180 181 182 186 187 188 196 202 205 213 221 222 223 224 226 227 233 236 238 241 242 249 252 255 258 263 267 272 273 275 280 283 286 287 288 292 300 306 307 308 312 313 314 317 320 321 322 326 328 337 339 342 344 352 353 362 364 367 387 388 392 396 398 401 402 406 407 408 409 411 414 421 427 428 430 431 434 435 438 440 444 447 449 452 453 460 462 463 468 471 476 481 482 488 490 491 492 496 498 499 505 506 508 513 514 517 520 
151: 0 1 5 8 9 12 16 17 19 25 28 32 35 38 41 44 45 48 57 60 63 68 69 76 81 83 84 86 87 91 92 111 116 124 126 130 138 145 149 152 158 159 162 166 167 170 173 180 181 184 189 192 195 196 199 209 213 215 217 219 220 227 228 234 240 243 246 249 252 254 257 259 270 271 273 275 280 283 289 290 294 297 300 316 317 318 321 322 326 327 332 333 336 337 343 347 352 366 367 371 373 374 375 378 383 384 387 388 393 394 398 400 402 405 417 425 426 427 428 429 431 432 441 443 445 447 448 455 456 457 461 462 468 471 472 473 478 480 485 486 488 489 491 496 506 509 516 517 519 520 523 
159: 2 3 11 16 25 27 33 34 43 45 54 57 66 74 76 78 81 84 86 88 90 92 96 102 109 112 113 116 117 122 123 128 135 140 141 146 150 157 162 163 165 167 177 180 181 182 185 188 192 194 196 197 198 199 200 201 203 204 209 210 212 213 218 219 220 223 224 228 231 232 233 236 237 239 240 241 248 249 250 256 258 266 269 273 276 278 281 282 289 290 295 296 298 305 306 308 317 318 319 321 323 324 325 333 334 339 343 347 348 349 350 353 355 360 370 372 373 376 377 387 388 390 404 408 409 411 417 419 421 422 423 428 430 434 439 441 444 448 452 454 457 459 460 461 463 478 482 485 487 491 494 495 496 501 502 504 506 520 524 
168: 1 5 10 11 19 23 33 34 38 39 41 43 53 55 56 59 64 65 67 72 73 79 88 89 90 95 104 105 106 107 109 110 112 116 118 119 130 133 135 143 144 148 151 153 155 157 159 161 163 165 168 170 174 176 181 182 184 190 193 202 203 205 206 207 209 210 221 222 223 224 228 236 240 242 244 246 248 251 254 263 264 266 272 277 278 280 282 283 284 288 290 291 294 297 298 299 309 310 312 315 317 319 325 332 335 336 338 340 347 350 351 352 355 357 364 365 375 380 381 382 383 384 386 387 388 390 391 396 398 399 401 404 405 410 412 413 419 420 423 425 428 429 431 436 439 442 453 454 458 459 461 464 465 467 474 481 482 484 488 492 493 500 510 518 520 521 522 523 
160: 0 4 14 19 20 24 28 29 33 39 42 44 45 46 54 56 58 59 60 62 64 67 77 78 81 85 89 90 93 97 100 103 105 107 108 110 111 115 119 122 134 136 137 139 141 142 146 147 157 159 165 166 174 180 181 183 189 193 199 200 203 204 208 211 215 216 217 222 225 227 234 238 241 242 254 258 259 265 267 270 274 277 280 281 284 286 289 296 299 300 301 309 318 322 323 326 328 329 340 343 344 349 351 352 355 368 369 373 378 382 383 391 392 396 399 405 420 421 422 425 426 428 429 431 432 434 438 441 442 444 445 452 454 455 460 462 463 465 468 471 476 477 478 482 483 484 492 495 497 498 499 501 503 504 506 509 511 516 519 520 
144: 0 1 4 9 13 15 19 20 28 29 33 36 39 41 62 67 77 78 79 81 84 86 90 91 92 97 108 109 113 118 123 126 135 141 142 146 147 149 150 153 156 161 164 169 170 173 179 182 185 186 193 194 200 201 202 212 227 230 232 233 234 240 244 245 246 249 252 254 255 263 266 267 271 273 275 278 286 291 293 299 300 301 302 307 313 314 315 316 317 329 330 333 338 343 347 353 357 369 374 386 388 390 396 398 406 408 410 411 417 422 423 424 426 427 429 432 436 437 442 446 450 455 459 461 467 469 470 472 473 475 484 485 486 495 496 498 499 508 511 512 518 520 522 523 
127: 0 3 4 10 17 23 29 30 31 35 36 38 41 43 50 51 59 64 68 79 81 84 86 87 88 89 91 102 110 117 118 125 126 135 136 141 150 154 156 157 158 160 164 166 168 172 177 186 188 190 192 195 196 204 206 211 212 214 217 218 221 222 223 224 225 227 238 242 249 251 253 261 262 264 269 272 273 274 282 285 290 291 298 300 304 307 311 315 318 321 323 333 354 363 364 377 388 389 390 393 401 402 417 422 425 427 431 432 437 443 451 455 459 462 467 470 472 485 489 495 496 501 503 510 511 512 514 
171: 2 8 13 14 18 22 27 28 29 31 34 40 42 43 44 45 47 48 54 56 59 60 62 63 64 67 71 75 83 87 89 93 95 96 104 106 112 113 114 117 118 121 122 124 128 130 131 132 135 136 137 151 153 158 165 176 177 187 188 190 195 197 198 211 212 214 215 216 219 222 229 235 236 238 239 241 244 248 249 257 259 264 265 268 269 270 278 279 282 284 287 289 293 296 299 300 302 303 304 305 310 311 312 313 314 315 318 320 322 323 325 328 333 342 343 344 345 346 351 352 353 356 362 363 364 366 371 372 373 375 379 380 381 382 388 391 392 395 403 405 407 412 417 419 422 427 428 429 433 434 441 451 456 457 459 461 465 477 478 481 485 486 487 488 491 504 509 511 518 519 520 
145: 0 3 6 8 18 20 27 28 31 33 34 37 40 41 45 46 48 51 54 79 82 87 90 94 100 101 104 111 114 118 119 120 122 126 129 132 137 140 144 149 151 154 157 159 160 163 175 186 188 193 194 198 201 202 206 209 211 213 216 217 222 232 234 237 241 246 248 249 251 258 259 262 269 270 271 275 276 279 283 288 290 299 303 306 313 314 315 318 319 325 326 327 329 331 335 338 340 342 345 353 354 357 358 360 361 364 367 370 378 379 380 383 387 388 389 395 396 402 404 409 411 418 421 422 423 426 430 437 441 443 445 449 455 461 463 469 472 473 491 494 496 499 515 516 521 
