# Randomly generated data for apersonnel scheduling problem
# ./datagen tightness = 90.0 Multi-skilling level = 20.0
# Random number generator seed = 13
Type = 1
Jobs = 510
2 54
0 145
0 170
0 136
13 81
3 144
7 64
9 95
0 98
27 125
137 277
2 67
8 84
1 75
57 170
98 241
1 132
101 227
171 276
0 112
88 160
87 254
0 141
9 64
2 64
0 131
278 423
141 269
6 111
58 188
26 161
112 194
80 165
145 340
146 272
194 239
241 410
239 278
0 125
341 394
70 168
395 551
303 373
0 58
279 446
177 265
447 569
405 466
1 81
0 145
82 158
243 300
7 72
151 242
262 404
425 524
59 149
210 325
165 241
158 302
0 123
471 616
66 234
246 332
278 369
410 460
10 98
131 203
2 180
73 242
369 384
180 330
67 161
207 324
113 242
110 222
168 255
9 53
332 472
145 291
243 365
55 189
150 294
673 820
126 238
23 167
386 473
555 692
325 428
449 555
75 125
357 472
475 658
242 300
555 634
2 86
369 493
702 856
569 683
100 233
132 253
658 778
297 383
429 518
320 401
2 72
190 277
304 406
346 421
460 563
291 429
127 183
48 220
429 568
37 92
234 423
564 724
256 448
1 178
434 530
406 487
524 645
501 546
269 350
304 445
426 507
518 666
460 626
488 572
666 740
119 238
339 484
350 450
126 262
251 308
190 201
277 395
169 270
384 547
473 566
0 102
73 148
274 307
149 226
510 606
446 499
781 861
185 259
230 390
860 950
271 381
576 685
501 592
263 406
824 942
397 554
102 287
450 550
648 785
203 354
493 539
239 376
195 290
376 424
425 578
558 623
742 784
253 374
356 438
551 590
685 713
787 929
375 489
291 426
687 802
486 664
671 748
566 625
252 361
290 307
84 211
309 409
397 557
395 467
426 462
309 383
590 692
214 268
569 627
559 669
640 726
932 1062
784 883
289 390
441 483
390 440
862 914
302 431
407 558
237 275
646 784
503 569
440 527
922 1064
587 671
806 953
1064 1140
528 591
692 850
464 603
319 421
591 622
702 798
1065 1148
245 351
537 691
725 797
955 1091
627 758
550 694
262 380
797 896
633 656
713 824
658 741
627 736
758 849
897 984
489 629
386 495
810 899
566 694
380 464
566 655
609 657
1143 1218
697 808
490 511
271 408
924 1082
606 760
629 686
296 419
825 1006
764 882
1099 1122
1093 1096
686 738
297 446
1097 1252
956 1109
850 889
658 750
565 590
548 644
362 435
731 797
740 797
645 792
512 546
465 580
579 741
1007 1100
420 583
1101 1247
760 904
889 1005
1247 1290
547 609
746 842
849 994
806 898
424 445
925 1044
808 1006
391 503
427 567
603 678
581 717
742 893
1260 1367
948 1051
995 1063
1370 1405
887 1010
410 569
1063 1171
893 1021
1219 1355
1170 1267
1012 1046
679 781
586 677
508 586
467 532
536 684
1151 1268
718 897
905 1014
508 584
680 755
570 723
1291 1407
1271 1401
846 995
884 1004
1049 1114
984 1056
680 779
1171 1245
756 881
622 713
587 676
1114 1189
585 692
1009 1145
696 835
693 766
883 1036
863 980
739 813
536 634
698 794
586 595
621 761
1036 1147
715 829
842 943
737 903
790 852
1149 1303
1246 1277
596 724
1282 1349
1004 1113
1022 1124
725 750
796 887
1006 1077
905 971
980 1088
1053 1144
700 755
751 865
786 885
1310 1373
1411 1440
440 564
782 838
678 821
1356 1437
1200 1320
1248 1307
996 1087
1077 1144
1190 1261
1095 1108
786 939
1014 1192
945 1043
1046 1142
769 821
592 701
1262 1434
813 919
889 995
1195 1234
1375 1422
608 696
773 915
1234 1317
801 821
1108 1134
1004 1065
569 673
1124 1252
866 992
802 905
844 967
1255 1378
670 855
830 941
910 982
993 1133
1113 1224
830 977
920 1025
976 1122
674 769
822 933
762 813
823 990
977 1075
956 1010
822 992
954 1000
1137 1329
1134 1158
1025 1161
1118 1223
1257 1334
792 939
825 886
1158 1297
978 1060
859 941
1225 1251
1301 1359
991 1097
859 984
947 1054
1048 1177
1066 1122
936 988
1001 1173
1225 1267
1407 1440
972 1015
1161 1196
832 928
1366 1439
1345 1432
1061 1147
992 1147
1230 1329
1252 1361
995 1056
1017 1097
1148 1257
1114 1234
1069 1154
1057 1080
1197 1322
1258 1355
1056 1122
1334 1432
1098 1187
1146 1193
908 1046
1157 1245
1194 1329
1181 1304
987 1074
889 982
1080 1173
888 972
1431 1437
985 1113
1305 1440
1046 1101
1144 1203
1356 1364
1173 1269
1090 1140
1185 1333
1144 1255
1238 1423
1255 1333
1277 1440
1361 1440
1114 1175
1107 1156
1054 1161
1250 1323
1247 1345
1322 1399
972 1071
1378 1440
932 1090
1081 1194
1189 1332
1123 1260
1350 1438
1269 1440
1404 1436
1095 1270
1330 1411
1261 1440
1136 1326
1221 1321
1333 1440
1353 1429
1187 1280
1191 1383
1287 1351
1352 1440
1122 1183
1123 1268
1385 1438
1178 1238
1332 1427
1411 1436
1149 1246
1333 1439
1268 1421
1365 1440
1349 1416
1311 1433
1339 1439
1285 1390
1389 1404
1321 1439
1269 1426
1399 1440
1329 1437
1187 1324
1284 1433
1360 1439
1212 1406
1331 1440
Qualifications = 44
114: 0 2 7 13 15 20 29 30 35 38 40 44 45 47 49 50 59 60 69 74 76 79 87 88 89 91 95 105 106 120 124 128 131 136 151 153 155 166 173 175 177 188 189 193 197 203 204 208 212 215 219 220 222 223 224 233 252 253 258 261 264 266 269 271 273 275 277 295 299 304 307 316 319 322 329 340 341 346 348 351 353 356 362 371 372 374 379 396 398 399 403 404 408 411 417 418 427 431 433 435 436 448 455 469 471 478 480 483 485 486 491 492 494 509 
105: 0 5 6 13 21 26 30 31 32 35 36 44 45 53 66 69 85 90 97 103 104 108 109 111 116 117 119 121 126 127 130 140 142 147 154 155 156 157 167 173 193 195 204 208 212 213 217 221 228 229 232 239 240 241 249 250 260 281 285 286 288 294 295 296 305 313 324 327 328 340 342 343 345 349 350 353 361 379 388 394 398 401 405 406 410 415 432 436 440 444 445 450 451 452 454 459 465 466 474 477 487 501 504 506 507 
101: 1 8 10 12 14 15 16 23 25 36 40 42 45 48 58 65 66 67 68 72 74 76 77 81 94 103 109 111 119 134 139 146 156 157 162 173 178 181 184 187 198 199 209 222 228 230 232 241 250 252 258 264 273 275 277 296 298 300 305 309 310 311 312 318 325 330 340 344 345 348 362 367 371 385 390 394 401 413 416 419 422 425 432 443 445 446 448 450 451 456 462 463 470 473 485 486 488 492 493 498 499 
106: 10 18 24 26 27 32 39 53 60 61 62 81 82 90 91 115 116 125 127 129 133 136 137 144 148 149 158 160 163 173 176 180 189 191 192 201 209 216 229 235 238 240 242 244 245 246 247 255 258 262 264 273 279 284 285 290 299 301 302 304 317 330 332 333 336 344 352 353 355 356 360 373 377 382 389 395 397 403 404 405 406 410 411 414 417 424 428 429 430 431 434 437 441 448 451 454 462 467 476 479 480 494 495 496 502 505 
111: 0 2 8 15 17 31 32 36 40 44 65 70 75 82 88 90 94 105 109 112 116 118 119 122 124 128 130 143 152 157 160 161 171 174 175 176 183 188 190 202 205 215 216 217 221 227 231 235 239 241 242 247 250 257 260 264 273 274 276 283 285 288 293 296 297 300 305 307 313 317 318 320 321 330 335 337 343 344 346 354 361 367 370 383 395 399 402 405 420 423 427 431 434 441 443 444 448 452 453 455 456 463 473 482 483 484 499 500 501 506 509 
100: 1 6 12 16 34 38 39 46 47 49 52 59 64 70 73 76 77 83 85 110 111 113 114 119 124 127 137 142 152 156 165 167 173 174 184 185 205 206 213 221 229 246 248 252 261 262 264 270 273 283 299 302 307 314 318 322 335 337 338 341 346 348 351 353 354 356 357 358 364 365 373 381 395 403 412 422 438 439 441 446 452 464 465 471 473 477 479 481 485 489 490 494 495 496 498 501 502 505 507 508 
102: 13 22 27 30 33 43 47 49 58 60 62 64 71 80 82 87 91 99 103 120 123 132 134 142 143 148 153 155 157 160 162 169 171 172 175 186 195 196 203 206 208 228 229 230 235 241 245 246 248 251 254 256 266 271 276 283 289 290 305 315 320 326 328 330 332 338 340 354 358 361 362 366 374 376 387 389 399 403 417 425 428 432 435 446 451 453 454 455 457 458 465 470 477 478 480 486 489 493 502 505 507 509 
100: 2 5 8 9 20 27 41 42 49 53 55 68 74 84 87 89 103 112 116 118 120 121 132 134 135 136 137 138 149 151 158 159 162 172 182 183 185 187 188 189 210 218 222 226 231 237 241 243 252 256 259 270 272 274 281 284 286 287 289 291 294 299 321 326 329 338 348 354 359 361 367 369 373 380 386 398 399 401 402 405 408 414 416 432 443 444 445 447 452 456 460 466 471 475 476 488 491 493 494 500 
99: 5 9 12 13 18 21 24 25 29 33 49 54 63 67 72 73 75 79 82 88 91 103 104 106 108 114 115 116 120 126 128 129 132 141 145 149 157 166 180 192 193 196 202 204 207 213 233 237 240 245 251 262 267 273 274 277 280 283 284 292 305 318 323 324 326 327 328 334 342 345 349 353 354 355 367 382 384 387 393 401 403 404 405 406 418 425 427 433 434 439 445 447 459 467 471 474 481 486 497 
103: 2 4 9 18 19 25 26 27 28 33 34 41 43 45 55 56 57 70 74 76 82 83 98 102 109 126 131 132 133 137 138 146 154 157 163 167 170 171 175 182 183 184 190 193 195 207 224 233 235 243 244 254 256 257 258 259 260 262 266 271 273 274 275 284 291 292 295 297 302 306 308 309 315 316 319 320 321 337 348 350 351 357 369 384 396 399 401 419 422 424 429 445 449 465 466 475 478 485 486 491 493 494 497 
101: 5 6 9 10 23 35 46 48 50 58 61 65 69 72 76 78 79 84 93 100 104 105 117 123 126 127 135 143 161 176 179 187 189 197 198 207 209 210 215 219 222 223 225 231 241 242 249 250 252 253 261 264 272 274 284 295 306 308 315 318 320 328 335 336 337 339 343 345 350 353 366 368 369 377 383 384 386 388 393 397 398 410 413 417 425 426 427 428 431 436 443 451 456 467 470 479 482 493 495 507 509 
85: 10 19 21 27 31 35 37 42 43 44 46 49 52 54 63 66 67 75 87 91 97 98 114 122 124 125 141 159 169 170 182 183 202 214 218 223 225 231 234 241 243 244 246 254 260 262 263 264 267 285 293 302 304 318 321 330 337 342 343 345 350 351 359 370 379 388 395 404 416 417 423 440 443 445 446 447 449 452 453 455 471 472 477 497 506 
119: 1 3 9 16 17 20 25 27 30 31 34 35 40 41 50 52 57 65 66 68 75 77 78 83 85 99 102 103 113 115 116 118 124 125 126 135 157 159 165 168 169 172 173 175 191 193 194 195 197 201 205 207 210 211 216 221 224 231 236 237 238 244 245 253 258 259 266 268 277 286 287 293 306 316 317 318 323 324 326 344 346 349 356 369 371 374 379 382 385 387 390 391 392 403 405 408 417 420 422 423 426 429 430 437 440 446 448 454 456 459 467 469 470 479 482 489 493 501 507 
106: 0 1 6 11 12 13 16 20 28 33 35 36 41 44 55 58 59 60 63 65 66 71 73 76 84 87 100 131 142 145 146 147 160 164 170 174 180 188 197 198 200 205 209 213 215 219 220 222 227 228 232 234 239 247 252 253 254 256 258 262 278 281 285 299 301 306 316 320 333 336 337 339 343 344 348 352 361 364 366 371 375 376 378 381 391 393 398 399 402 403 406 415 416 425 438 443 447 449 451 454 460 461 476 477 483 500 
98: 13 17 18 38 40 42 47 51 56 57 61 64 67 83 97 107 109 111 115 117 118 119 121 124 132 135 142 146 148 151 154 156 166 171 191 192 194 205 231 235 242 243 247 248 251 254 268 281 288 306 310 311 316 324 328 329 330 331 338 339 341 344 349 352 353 362 368 371 384 391 400 404 405 407 412 420 429 431 433 435 436 440 441 446 453 462 466 474 477 479 488 497 498 499 504 505 506 509 
112: 0 5 6 11 13 16 23 25 29 37 44 49 56 57 62 64 66 69 74 77 80 81 82 85 87 90 92 94 96 99 108 109 112 116 118 120 122 125 127 130 134 135 141 147 151 157 161 165 168 171 183 193 196 198 200 217 219 227 229 232 236 244 257 259 264 268 275 279 280 295 298 299 309 311 319 321 329 336 341 354 356 357 365 367 385 391 394 406 409 412 417 419 420 427 433 435 442 443 446 447 451 452 453 459 467 478 492 494 495 499 500 502 
92: 4 12 18 21 32 37 49 51 59 70 72 78 82 84 90 97 98 102 108 131 134 138 140 149 150 162 165 170 172 174 175 176 187 188 190 198 207 215 216 217 225 228 230 234 238 239 244 245 247 261 267 269 284 289 292 296 303 305 319 321 323 327 333 334 358 359 371 372 379 387 392 399 400 403 425 427 434 436 437 440 443 452 458 463 467 475 477 489 490 492 497 501 
99: 4 18 33 34 36 42 46 53 55 56 57 58 62 66 73 81 84 85 89 90 95 103 104 107 108 109 112 130 132 141 143 151 160 165 182 184 194 196 198 215 219 221 229 238 248 258 262 264 265 268 277 278 283 289 299 303 310 316 323 324 326 332 337 350 360 362 369 376 378 379 387 398 400 403 407 408 409 416 417 419 422 425 429 432 436 437 443 450 453 454 470 478 481 483 486 488 489 495 509 
88: 5 29 34 36 49 51 52 55 57 61 62 63 65 79 81 86 90 96 100 101 105 110 113 114 120 131 133 136 139 140 149 151 160 162 163 174 177 180 181 182 186 188 208 213 216 218 225 226 247 248 259 270 282 283 284 286 287 307 309 313 324 331 339 353 354 356 368 380 387 390 392 396 398 404 407 415 417 427 448 454 458 463 472 479 488 490 495 499 
107: 4 6 7 8 9 10 11 14 15 16 21 22 23 33 36 38 42 44 45 52 53 54 57 60 63 67 71 76 82 83 88 106 107 108 114 117 127 133 136 142 153 160 162 163 169 178 189 190 197 201 203 204 212 216 221 223 230 237 243 250 259 269 274 286 288 297 303 304 311 314 316 319 321 325 336 340 344 351 353 358 359 360 363 365 367 389 395 415 421 427 429 430 440 442 444 449 454 465 467 478 479 483 484 485 492 494 497 
101: 4 7 8 13 16 19 29 33 43 44 50 52 53 59 60 64 70 72 74 81 84 86 92 99 101 115 117 121 124 126 131 132 145 149 150 152 155 164 165 166 167 188 204 213 218 225 231 234 235 239 246 249 261 262 277 280 291 297 313 314 320 335 338 343 346 348 350 356 361 363 370 371 373 377 378 382 383 387 392 393 408 419 422 423 428 439 440 442 446 448 457 465 469 476 479 487 498 501 502 506 509 
106: 2 7 15 26 30 35 42 43 44 47 50 54 56 60 61 62 64 67 68 71 80 89 94 111 117 120 122 131 133 135 139 141 149 152 153 160 166 167 176 186 189 194 198 210 218 223 233 240 241 251 252 257 258 260 265 270 275 278 286 288 289 296 298 303 311 327 336 338 340 343 346 348 353 358 359 363 366 370 384 387 394 398 399 400 404 411 412 414 417 419 429 431 437 438 439 446 453 463 465 466 478 480 499 500 501 507 
101: 5 6 17 18 26 32 33 36 39 41 59 62 80 86 87 93 97 102 113 121 123 125 127 135 140 149 150 155 158 163 171 172 175 188 190 193 200 206 209 210 221 226 227 229 231 235 244 245 246 250 255 266 268 277 287 288 289 290 296 300 303 305 307 313 314 315 317 324 325 328 332 337 338 345 347 350 352 355 359 361 363 371 376 377 379 383 386 391 395 399 404 410 441 454 456 459 467 479 497 501 502 
107: 9 12 19 22 28 30 33 50 55 56 63 70 79 83 88 90 92 93 94 95 114 115 123 130 145 146 153 155 158 161 163 164 174 175 177 178 182 183 186 188 192 194 204 210 214 217 226 229 231 233 248 250 253 254 255 256 258 267 268 283 286 289 306 307 311 312 319 330 338 342 343 345 347 349 350 358 362 365 369 374 376 378 379 380 384 386 387 388 395 401 407 410 415 420 423 430 432 445 447 452 474 478 481 482 484 489 507 
101: 0 4 6 7 8 11 26 33 40 41 45 48 56 60 65 69 71 73 77 78 79 85 92 95 103 136 149 150 161 170 175 179 181 187 208 211 213 220 225 227 240 241 243 244 246 251 252 265 269 271 276 278 287 289 290 292 299 309 313 317 320 325 332 335 338 342 343 355 358 359 369 374 377 383 386 390 393 397 403 415 417 424 428 429 431 432 436 438 439 443 445 446 448 461 462 474 476 488 499 504 508 
95: 16 21 22 34 36 39 49 55 69 72 73 74 82 88 89 91 97 100 105 129 136 138 142 153 158 159 161 167 168 171 172 174 178 215 220 227 228 235 241 244 247 253 256 258 260 270 275 276 280 283 297 298 299 309 320 324 327 337 339 343 346 351 358 361 364 366 370 376 377 378 379 386 388 398 408 416 418 419 422 424 426 428 432 435 440 451 455 457 465 472 476 482 494 496 503 
110: 3 8 16 19 33 36 37 39 40 42 51 57 60 65 68 70 71 72 78 80 84 86 88 89 92 98 99 101 118 127 130 131 132 133 140 142 146 150 154 156 163 172 176 177 180 183 187 194 195 196 203 206 213 216 222 235 238 242 251 253 265 267 275 288 292 298 300 312 317 323 328 329 338 341 344 348 350 359 369 370 376 384 385 388 392 397 399 405 406 408 410 413 414 418 436 447 448 451 459 463 479 481 486 490 492 494 495 500 503 506 
93: 6 7 8 10 14 18 19 32 40 43 50 51 52 62 71 72 73 90 96 97 99 100 111 112 140 145 146 147 153 156 161 163 169 172 178 182 186 189 201 203 220 224 228 232 239 241 250 251 254 260 270 272 278 297 298 299 300 301 304 318 320 327 330 332 338 342 344 353 354 361 363 382 383 400 407 412 414 421 426 434 444 452 456 467 469 486 488 494 498 499 505 507 509 
98: 5 15 21 30 35 36 38 43 63 65 72 73 75 77 79 84 90 92 93 114 116 120 121 124 139 145 149 161 163 164 172 174 178 183 185 188 194 198 205 220 225 228 229 232 244 245 246 252 260 261 267 272 279 280 283 287 294 295 297 321 335 337 346 352 355 359 360 367 371 374 375 377 379 382 391 407 416 418 420 421 423 430 439 460 463 465 466 467 473 478 481 490 493 494 498 503 508 509 
97: 1 4 5 6 10 11 40 45 62 69 76 80 89 93 105 107 111 120 126 128 132 139 142 151 152 153 165 172 174 177 195 196 202 205 207 217 218 226 228 229 233 235 239 240 246 249 252 259 273 275 276 280 281 283 289 292 295 300 306 307 318 323 328 335 340 342 346 348 356 360 363 364 376 378 382 384 386 388 389 392 393 401 404 406 420 424 429 430 437 453 459 465 466 482 483 484 494 
97: 1 6 9 14 17 28 34 53 55 57 66 68 71 78 81 89 91 95 107 108 130 135 137 163 165 166 174 178 182 192 197 201 202 204 214 215 216 225 226 233 241 244 247 258 261 269 270 271 273 277 278 288 290 294 305 306 310 316 319 327 333 337 344 345 349 351 358 362 366 368 372 391 395 403 414 419 420 422 423 426 428 431 433 441 448 454 463 473 479 484 488 489 490 493 496 499 504 
103: 4 7 9 11 14 19 23 24 35 46 49 60 61 66 71 73 75 76 96 103 109 112 114 121 122 131 135 138 139 144 149 152 153 169 170 177 178 179 181 183 185 189 205 217 219 222 226 232 234 235 238 241 253 254 256 257 264 270 271 280 289 293 301 306 310 311 318 321 322 323 331 333 336 341 343 351 356 358 368 370 371 373 380 390 402 419 424 434 436 443 451 459 460 466 468 480 481 483 485 489 493 496 499 
106: 1 4 5 9 37 41 48 58 64 66 67 70 78 79 88 94 96 98 99 108 112 114 116 132 135 139 144 153 163 168 175 180 182 186 187 195 197 200 201 232 238 243 247 250 256 269 271 272 278 279 285 300 301 304 307 308 312 324 326 327 330 333 336 339 343 346 350 351 356 362 363 368 370 372 375 376 379 383 386 387 397 401 403 407 417 420 423 436 438 446 448 453 455 463 466 477 482 485 489 492 493 500 502 503 508 509 
96: 0 4 8 21 23 27 30 40 43 44 54 57 60 71 89 94 97 105 107 109 115 119 122 130 144 158 164 167 169 179 183 188 190 191 195 202 205 208 219 232 234 239 240 241 247 248 249 251 256 257 265 266 269 273 276 278 284 299 301 307 311 318 326 327 347 348 350 356 357 360 363 368 370 377 391 394 406 419 424 431 436 445 449 454 464 467 468 479 482 487 489 496 497 502 504 508 
113: 1 2 15 18 25 28 30 33 42 47 52 55 60 62 64 70 72 75 77 78 80 81 82 83 85 86 87 106 114 124 125 130 134 139 141 157 160 169 172 173 176 182 184 195 196 198 201 212 213 215 219 221 222 223 224 231 232 234 236 240 246 255 261 263 271 272 274 281 315 320 321 325 330 335 344 347 356 358 359 362 370 379 380 381 384 388 390 410 412 415 417 418 419 421 425 428 432 435 437 438 440 444 448 449 466 475 485 487 491 496 500 501 504 
91: 4 6 22 29 41 45 47 50 61 72 80 87 93 104 105 109 112 122 126 129 131 132 134 138 141 143 148 156 165 173 178 182 184 200 208 209 211 213 214 224 232 235 238 248 258 259 260 266 267 269 275 277 279 280 283 289 292 293 298 305 312 326 335 339 349 353 355 361 369 371 373 379 382 388 389 413 423 427 434 439 445 449 453 464 472 473 479 483 491 498 509 
110: 1 5 16 22 25 26 37 40 43 46 50 52 55 65 66 68 77 78 84 85 91 95 98 99 103 108 114 128 129 130 131 155 157 158 161 165 167 168 179 184 192 197 199 213 216 223 225 227 229 235 242 246 254 255 263 265 266 268 275 280 281 286 292 299 303 306 310 323 325 328 329 330 332 336 344 351 356 371 374 379 388 392 393 394 395 399 414 419 422 427 428 432 438 439 441 444 445 447 455 462 472 474 475 477 478 485 490 492 493 495 
94: 3 10 15 25 26 31 37 43 52 55 60 63 65 71 75 97 99 103 104 120 121 126 137 138 148 151 158 159 164 167 171 173 175 185 191 195 199 202 205 207 210 213 215 224 229 230 233 240 249 256 259 262 273 282 294 296 299 303 333 343 349 370 372 373 377 379 382 385 393 395 399 402 403 405 411 414 415 421 424 426 429 433 438 445 456 459 472 474 480 481 491 492 499 506 
99: 3 8 15 32 33 41 44 47 50 60 61 65 78 80 84 99 100 118 121 127 131 132 140 147 149 151 155 156 159 167 169 174 176 181 183 193 195 197 198 202 207 208 211 213 216 219 223 224 233 234 235 246 250 256 262 281 289 291 293 294 300 301 303 311 318 321 326 336 343 359 361 373 383 385 398 402 404 405 411 416 422 426 428 431 433 434 435 437 447 451 453 454 465 469 476 490 491 495 501 
114: 5 15 17 24 27 29 31 35 41 52 55 56 60 69 74 78 85 92 93 105 106 111 118 119 123 137 140 145 148 150 168 178 182 184 189 197 199 200 203 204 206 209 214 218 223 226 227 228 231 237 242 253 256 261 263 264 274 281 283 291 298 300 303 306 308 309 310 311 320 322 326 334 339 344 346 350 354 356 357 359 360 370 382 385 386 403 405 407 412 414 419 421 424 432 435 448 449 450 451 454 459 460 461 463 467 471 473 478 481 484 493 494 495 509 
72: 1 11 12 14 19 24 32 48 76 82 84 90 94 97 104 116 119 124 126 128 129 131 140 144 146 149 153 161 165 176 182 184 190 197 198 206 214 229 232 233 240 250 257 269 271 290 296 300 306 313 317 326 351 353 359 360 362 383 386 387 390 398 406 410 413 447 452 464 468 470 478 484 
76: 5 21 30 42 48 50 57 61 73 82 87 90 95 96 108 113 116 133 146 148 153 160 167 173 179 186 188 192 193 202 206 208 211 213 221 224 244 248 253 260 301 305 307 319 320 321 324 331 334 341 344 356 358 368 382 384 398 402 408 416 423 428 433 440 448 451 465 468 471 474 480 482 487 491 508 509 
95: 3 5 24 35 50 63 67 69 70 71 75 83 86 92 95 98 101 108 109 125 127 132 136 138 140 141 145 160 163 171 174 179 185 187 196 199 200 209 212 213 223 232 242 248 253 254 255 259 264 268 269 270 276 277 279 281 283 284 286 294 296 302 312 315 326 328 337 339 341 353 354 355 356 361 371 377 378 380 388 395 401 409 430 433 445 458 460 463 473 478 492 494 495 501 509 
73: 14 21 25 34 37 39 41 43 52 60 64 69 76 80 82 95 119 123 131 134 140 143 144 151 153 161 163 190 193 194 196 204 210 215 216 235 239 240 245 250 256 259 262 268 277 291 293 300 302 318 323 345 349 350 354 357 364 388 390 409 422 426 442 453 457 460 463 479 480 486 491 493 499 
