# Randomly generated data for apersonnel scheduling problem
# ./datagen tightness = 90.0 Multi-skilling level = 30.0
# Random number generator seed = 26
Type = 1
Jobs = 777
0 116
2 77
1 136
1 90
0 102
0 77
120 171
1 123
77 189
3 114
173 247
9 61
102 249
24 152
0 105
10 83
1 116
1 72
0 136
1 56
0 35
137 186
250 368
74 246
2 101
0 101
137 267
1 150
0 70
188 335
0 149
189 207
63 91
0 137
0 182
2 109
0 103
2 69
71 187
84 165
77 170
87 228
8 26
1 90
102 210
26 148
111 199
150 274
106 129
185 320
275 352
117 216
0 115
0 73
4 41
119 167
3 173
1 104
0 135
36 149
151 216
7 69
94 172
212 289
3 94
60 183
123 251
152 302
92 202
186 363
70 131
187 335
130 230
115 164
102 192
176 220
198 380
110 243
94 173
175 307
60 153
3 59
222 279
250 298
281 346
347 440
0 83
220 344
335 467
14 157
469 585
132 143
181 253
49 81
12 59
106 231
173 255
0 89
4 153
248 336
585 661
92 174
242 356
275 383
6 89
268 403
441 543
83 194
352 536
253 341
165 225
146 186
338 531
342 377
363 459
77 143
138 278
3 116
117 245
89 149
87 237
149 193
150 235
372 508
366 460
185 195
377 478
662 750
298 335
170 304
121 192
751 815
62 158
282 345
7 127
0 193
154 288
135 194
512 631
98 156
314 453
162 293
198 261
209 333
225 293
129 223
335 477
164 204
298 367
246 294
108 263
264 451
226 359
402 524
538 565
429 531
634 724
453 617
0 96
109 128
201 315
2 42
97 223
187 293
256 279
239 316
283 367
235 354
569 637
290 386
391 527
201 310
80 133
209 366
202 287
240 323
304 405
354 526
251 343
527 708
47 143
13 204
368 509
248 300
405 523
120 214
344 439
347 441
305 470
208 377
202 290
545 587
365 423
479 581
136 267
725 858
709 809
559 670
551 609
406 565
333 431
706 846
121 276
587 706
639 683
442 453
145 257
293 390
2 80
223 344
817 856
144 258
333 463
387 453
523 648
315 440
711 758
368 513
163 225
156 267
387 529
222 340
478 579
625 755
477 543
471 583
455 547
412 507
230 299
516 604
870 963
537 582
261 311
194 351
461 618
649 729
287 433
606 693
352 442
729 873
295 420
273 353
346 478
345 506
434 482
312 371
461 623
356 461
697 769
908 1010
583 640
623 700
456 562
317 477
262 349
381 484
194 263
709 777
487 585
968 1119
508 557
23 122
441 456
511 621
559 663
253 326
420 601
619 718
104 202
433 572
391 571
582 618
463 569
463 564
569 733
13 100
151 310
564 691
780 905
269 360
602 706
389 460
811 912
289 343
479 604
457 629
916 990
604 677
873 941
279 365
333 410
995 1077
806 905
735 807
293 420
236 334
371 451
453 569
486 585
696 838
258 367
328 357
478 642
701 830
571 760
581 690
62 99
642 738
442 515
629 692
345 464
707 790
938 1018
215 373
707 838
484 508
619 786
515 566
786 944
235 331
683 747
584 612
465 578
434 493
344 444
572 723
751 834
945 1037
202 330
613 673
350 426
833 867
810 865
573 724
773 956
557 658
142 177
695 850
563 650
175 267
416 482
591 714
850 953
566 694
566 683
719 785
761 811
517 576
666 791
581 654
531 642
723 858
334 376
798 905
335 396
689 816
578 704
674 771
694 785
421 440
465 532
724 798
299 402
406 467
858 875
792 952
657 707
941 1033
785 855
867 966
1078 1209
811 989
655 810
821 935
840 969
640 823
585 678
358 379
1212 1291
758 904
376 508
360 441
876 974
598 710
838 871
698 746
856 1001
484 551
1001 1087
719 753
753 918
861 916
966 1070
1293 1437
513 645
311 408
830 875
622 794
952 1057
556 651
370 494
954 1027
743 810
510 618
150 347
448 462
568 656
1033 1159
396 543
326 478
1159 1219
957 984
648 819
509 666
473 629
1072 1236
685 748
272 347
944 1033
788 940
420 572
709 886
382 475
800 926
653 802
655 747
908 948
805 836
974 1032
971 1058
232 304
949 1016
544 658
824 900
467 553
460 575
621 769
387 497
426 548
500 565
904 1019
644 815
480 522
926 1023
491 549
1017 1095
769 877
523 605
1025 1059
1220 1324
877 974
401 547
917 1082
550 657
535 675
990 1088
985 1104
838 908
890 1002
626 699
1104 1253
483 630
1123 1162
740 844
586 702
957 985
1020 1195
748 856
1087 1208
860 895
658 711
1060 1131
350 424
562 644
720 835
904 1065
690 727
956 1003
1032 1192
900 962
579 685
636 726
1038 1128
513 612
1130 1282
549 617
1028 1104
1192 1205
799 903
906 965
1059 1198
726 862
749 867
869 1061
436 527
661 758
1163 1238
1088 1196
913 991
1021 1096
1282 1440
871 973
529 645
727 847
904 1022
869 943
784 874
1208 1331
613 733
919 1101
847 980
831 926
671 801
677 800
653 754
1331 1356
1102 1118
1038 1209
1020 1108
836 1001
903 1009
1195 1338
998 1104
722 836
1324 1440
1083 1144
878 963
706 748
554 673
734 862
1196 1308
850 916
1192 1231
758 808
1134 1267
1022 1166
871 975
938 1041
350 423
1007 1100
326 439
847 939
1236 1256
940 986
1309 1366
803 894
684 802
910 993
625 694
981 1163
460 514
862 936
445 538
975 1035
978 1042
1002 1173
514 650
1257 1359
1102 1212
1260 1291
1066 1236
1305 1424
1062 1175
793 932
1037 1213
1232 1341
962 1034
1145 1291
646 775
1212 1273
1177 1192
940 1021
819 967
763 777
975 1086
718 803
659 789
1356 1440
1063 1228
775 886
807 883
1041 1110
1198 1298
1120 1265
1013 1090
1043 1127
1010 1087
1341 1440
796 876
1342 1440
538 620
1194 1219
774 917
1108 1178
1100 1106
900 1073
1163 1263
1267 1372
1273 1308
1264 1293
816 889
759 898
1170 1344
986 1146
1366 1440
1147 1261
1233 1289
1298 1440
646 820
808 913
917 1082
1290 1439
1293 1440
1042 1139
883 929
836 958
906 1088
943 1026
1254 1438
1262 1336
1220 1314
1254 1288
1002 1088
889 984
1087 1247
1088 1207
778 832
1293 1334
633 721
1254 1327
1115 1227
985 1114
832 981
933 1061
677 755
1028 1107
1062 1089
1082 1227
1315 1440
1228 1327
960 1072
1094 1135
1309 1379
1228 1337
807 920
989 1144
1244 1326
892 1016
1062 1170
929 1121
1116 1213
839 1013
961 1076
1174 1227
1359 1440
1378 1424
1020 1102
704 863
1208 1270
1181 1312
1111 1227
981 1064
955 1050
1108 1273
1273 1377
915 1102
1344 1397
1145 1257
1110 1202
1275 1439
1091 1266
1093 1220
1089 1163
1108 1226
1077 1177
1191 1314
792 909
1079 1117
1339 1437
1229 1346
1026 1178
1336 1440
1262 1346
1373 1440
1221 1321
1315 1336
1293 1438
1219 1360
928 1089
1339 1437
798 904
732 840
913 963
1267 1368
1362 1438
1175 1248
1166 1339
1126 1222
1337 1436
1145 1254
1034 1125
965 1104
1379 1439
1340 1439
1231 1295
1334 1436
1138 1285
1327 1438
1267 1412
974 1113
1103 1164
1250 1362
1081 1139
1136 1247
1287 1425
1126 1281
1095 1158
1281 1325
1205 1253
1349 1438
879 1011
1348 1439
1368 1439
1094 1231
1301 1382
1299 1341
946 1045
1159 1262
1321 1437
1296 1350
1010 1103
1108 1284
1166 1363
1254 1332
1367 1438
1164 1318
1066 1182
1363 1440
1260 1306
1016 1172
1284 1438
1142 1260
1319 1440
1214 1334
1072 1195
1358 1395
1264 1310
1175 1303
1234 1346
1140 1176
1215 1289
1335 1409
1177 1292
1350 1427
1363 1439
1347 1418
1415 1439
1378 1440
1197 1278
1321 1429
1261 1427
1413 1435
1365 1404
1265 1324
1308 1429
1324 1437
1240 1265
1397 1435
1395 1439
1266 1438
1317 1438
1326 1440
1251 1410
1281 1419
1333 1428
1123 1251
1326 1440
Qualifications = 77
237: 0 1 2 4 8 13 15 17 18 24 26 29 33 34 35 37 46 47 58 60 62 63 69 72 75 76 85 87 91 94 95 96 97 99 107 110 113 114 116 119 122 127 130 131 133 135 136 139 141 143 146 150 154 158 159 165 168 169 174 175 177 178 181 192 193 206 210 211 214 218 220 226 230 233 240 241 242 243 246 248 256 257 261 267 268 269 271 272 274 277 279 281 295 297 299 302 307 311 315 317 320 321 322 326 336 337 347 349 351 356 362 366 370 372 375 376 383 389 395 398 399 400 401 406 407 414 418 420 422 427 432 437 442 452 453 456 458 463 464 465 466 467 469 470 471 479 480 481 489 491 493 496 497 500 501 505 506 510 513 514 517 521 522 527 528 530 531 548 549 556 559 560 562 573 575 578 579 580 581 582 583 584 586 588 591 592 596 599 602 604 610 611 612 613 616 628 631 632 638 649 655 657 662 664 667 671 672 673 677 678 684 687 688 693 695 697 702 703 711 719 721 733 734 735 736 737 745 748 753 754 755 761 764 766 768 769 772 
242: 1 4 14 16 20 22 25 27 33 41 43 46 47 50 60 63 65 67 68 69 72 75 82 83 87 88 89 95 98 99 105 106 109 112 122 127 130 131 132 139 140 142 157 158 161 163 168 169 171 172 177 179 184 185 187 188 192 196 198 203 204 206 207 213 216 217 218 224 228 230 231 232 236 238 239 242 244 246 247 250 259 261 262 263 264 265 269 270 272 274 275 280 281 282 288 293 299 300 301 303 305 306 311 320 325 333 338 339 344 345 346 348 350 351 353 355 362 363 370 380 382 383 391 392 395 396 399 403 407 412 414 416 422 423 424 427 428 430 434 438 439 448 449 450 451 452 453 460 461 467 475 477 479 483 485 487 489 493 495 512 516 520 524 526 531 537 539 542 543 548 552 553 555 557 558 561 565 569 574 578 586 588 589 590 595 602 603 608 609 611 612 613 615 616 619 621 625 630 633 638 642 643 645 649 652 655 657 662 665 667 672 678 685 687 689 691 697 703 706 708 712 713 714 716 717 720 725 727 730 731 733 738 741 755 757 761 764 765 766 769 774 775 
250: 0 1 3 5 9 11 14 17 18 26 29 33 37 42 44 45 48 49 52 54 55 56 61 62 69 79 80 83 84 88 93 98 99 102 104 115 118 122 137 138 141 143 147 148 149 150 152 153 154 155 158 159 162 164 166 167 168 169 172 174 175 179 181 182 189 200 201 209 210 211 214 219 220 223 235 238 240 242 247 248 255 256 259 261 273 279 283 285 292 294 296 297 298 301 302 309 315 317 319 320 322 324 328 331 334 335 336 338 340 343 345 346 347 348 350 351 353 358 362 364 372 374 379 382 383 384 389 390 391 392 393 395 396 398 403 407 408 413 414 415 417 418 419 428 435 441 446 447 448 451 454 461 464 471 473 474 479 484 487 488 489 490 492 493 498 501 503 507 510 512 516 519 527 534 537 539 542 544 545 546 552 560 563 564 567 568 572 575 577 578 583 584 587 590 594 596 601 604 609 610 611 617 618 619 623 624 627 631 632 646 647 648 650 660 662 667 668 669 670 671 687 692 694 695 699 702 705 706 709 710 712 715 717 720 722 723 724 731 736 737 743 744 747 748 761 766 769 770 771 776 
246: 4 6 8 9 17 20 21 23 26 30 31 34 37 39 43 48 50 51 53 54 56 68 75 76 77 78 82 84 88 91 92 95 96 97 100 104 108 109 114 118 119 132 135 140 145 149 150 153 158 160 162 163 164 170 174 175 178 179 193 198 201 203 204 207 221 227 234 235 236 250 251 252 256 257 260 265 267 269 270 271 272 284 286 287 289 290 296 299 301 307 308 310 311 314 316 318 320 321 325 327 328 329 333 343 348 355 356 360 361 366 367 371 375 381 383 386 387 389 391 392 395 396 398 404 406 409 412 418 421 425 428 429 433 436 437 438 444 447 449 451 452 461 462 463 466 467 469 470 471 472 473 474 486 488 489 491 497 503 504 506 508 513 514 515 516 526 531 533 535 537 540 542 545 546 549 551 552 554 558 563 565 570 571 583 584 586 591 592 596 597 600 606 614 618 621 628 629 630 632 639 647 650 655 658 659 664 667 671 675 676 678 680 684 685 687 689 693 697 700 702 703 704 711 718 720 721 723 727 728 731 732 735 737 739 740 742 746 748 749 751 759 763 764 768 771 775 
219: 1 6 12 18 19 22 23 24 25 27 38 41 42 43 48 50 54 57 63 65 67 69 73 78 80 81 86 90 94 96 101 103 106 108 113 116 117 119 121 126 132 134 136 137 143 144 146 147 148 153 164 166 168 169 173 175 177 178 190 194 198 201 204 209 211 217 223 229 231 237 238 241 247 248 249 257 261 263 265 266 270 271 272 276 277 280 281 282 286 287 291 295 297 299 301 304 307 313 316 320 323 330 334 339 344 351 352 353 357 362 365 366 367 369 371 373 379 380 381 386 389 394 398 399 403 411 413 414 417 419 421 426 427 430 431 438 443 448 454 460 462 466 471 474 476 496 504 507 516 517 518 522 526 534 543 545 558 559 560 562 571 581 582 588 592 597 608 616 617 619 623 628 630 634 636 643 645 647 649 651 654 656 666 668 670 672 673 674 678 679 680 681 684 690 691 692 694 703 704 707 708 711 716 717 723 727 728 736 748 749 751 752 755 757 759 762 764 770 774 
216: 1 2 5 7 8 9 13 18 19 21 34 38 39 40 43 52 55 62 63 66 71 75 79 80 84 85 86 89 91 97 100 104 105 111 115 117 119 122 125 126 128 129 130 133 136 137 142 143 152 156 160 161 163 167 170 175 182 185 186 189 190 195 196 204 206 209 217 224 225 229 238 240 241 242 244 252 257 262 266 268 272 279 287 290 292 293 295 300 302 303 307 310 315 318 321 325 329 333 335 337 344 348 349 354 357 362 363 364 367 369 371 374 375 376 381 383 385 395 399 402 408 410 413 416 417 418 424 427 428 432 434 437 441 452 453 455 456 457 458 462 471 476 480 484 493 495 497 500 504 506 510 519 522 527 528 534 550 551 553 559 561 564 567 576 579 580 582 586 592 594 602 610 612 614 618 621 623 627 628 630 631 634 642 652 653 656 659 663 664 665 668 671 676 682 685 692 698 701 710 711 712 713 719 723 729 731 738 740 741 744 758 762 764 772 774 776 
231: 7 14 18 22 23 24 26 27 30 34 37 38 43 47 50 51 57 58 60 61 70 71 77 78 80 87 96 98 100 102 106 108 110 112 117 118 121 122 124 125 130 135 139 141 145 150 158 159 174 175 177 194 198 199 200 201 204 206 207 216 217 221 231 238 241 244 245 247 249 250 254 259 260 273 276 279 280 281 283 284 287 293 295 298 299 310 315 318 323 324 325 332 340 344 358 359 360 361 364 366 371 372 373 374 375 379 383 384 392 395 399 403 404 409 416 417 420 427 428 429 431 435 445 446 452 453 455 457 459 465 466 469 473 474 476 477 479 480 481 482 488 497 502 504 505 506 513 520 522 523 527 530 531 532 535 536 537 543 552 555 556 558 559 561 562 570 572 581 584 585 586 594 595 605 608 609 610 611 614 616 620 621 630 631 637 638 640 647 650 651 654 658 660 666 667 676 678 681 683 685 686 691 693 695 697 698 699 703 704 707 708 712 713 718 721 722 723 724 736 737 742 743 745 749 752 764 767 769 770 773 776 
227: 0 2 3 5 7 12 13 14 16 19 20 22 23 24 33 35 37 40 42 52 55 59 60 61 62 65 69 74 79 82 83 84 85 86 87 90 93 97 99 106 112 121 128 136 139 141 142 145 146 148 149 151 153 157 158 164 174 179 181 182 184 185 188 191 192 193 198 203 204 205 206 209 215 217 219 229 234 237 239 243 252 254 257 261 269 275 276 278 279 281 287 289 292 293 294 296 298 299 300 304 318 328 329 339 341 342 344 345 351 354 360 364 365 373 384 385 396 399 402 406 407 419 422 423 424 426 431 433 435 439 440 445 454 456 464 466 468 471 472 474 475 479 481 485 487 489 490 491 495 500 505 509 520 528 529 531 533 539 544 546 551 552 554 556 560 563 565 568 571 573 580 582 594 596 602 607 608 611 616 619 621 622 623 627 628 629 632 633 645 651 653 655 664 668 675 680 687 688 691 698 699 700 703 704 705 710 711 716 722 725 726 727 728 729 736 738 740 741 742 747 748 749 754 763 767 768 771 
244: 1 3 6 8 9 14 16 17 20 26 32 34 38 41 44 46 48 52 55 60 62 66 67 68 69 78 81 82 85 89 95 102 108 109 113 121 124 126 129 132 134 136 141 142 146 148 150 153 157 159 164 170 173 186 187 191 192 196 197 198 201 204 206 208 209 210 212 215 217 223 226 228 230 231 233 236 239 240 242 243 244 248 249 256 260 262 264 268 269 277 284 286 287 289 290 294 298 300 305 310 311 317 324 326 330 331 332 336 340 341 346 353 358 366 369 371 375 377 378 386 395 396 397 399 401 406 408 410 418 420 421 425 428 429 431 435 437 438 439 449 450 451 452 453 454 455 456 461 465 471 476 477 484 488 489 494 495 504 506 509 513 518 520 521 529 530 531 532 533 537 539 551 554 556 557 558 559 561 563 566 569 570 571 572 579 585 586 589 591 593 598 600 602 603 605 615 616 617 620 630 632 633 636 643 651 652 655 664 666 668 671 678 680 685 687 695 696 703 705 708 711 714 721 723 728 732 734 735 742 746 747 749 750 751 753 754 755 756 758 761 763 769 773 776 
215: 7 8 13 14 16 25 37 41 42 48 49 51 56 57 59 62 67 70 72 81 89 91 93 95 96 97 101 102 105 108 111 112 113 119 124 127 129 158 161 163 174 180 181 183 184 187 189 192 200 201 203 209 212 220 221 228 232 233 240 244 247 250 260 262 263 266 279 280 281 283 285 288 289 290 296 299 305 310 312 313 314 316 320 326 330 331 334 335 340 352 354 355 356 359 362 372 373 375 380 383 384 385 398 400 404 410 411 422 423 428 431 434 439 440 442 445 450 451 452 456 458 462 463 471 475 482 484 489 490 491 497 502 503 504 506 511 522 532 533 536 550 551 553 559 563 564 572 574 581 582 584 587 593 600 603 605 611 614 615 616 617 621 624 628 630 636 639 642 643 644 645 647 650 652 653 657 658 663 664 666 667 672 673 676 677 684 685 687 695 697 701 702 713 716 717 718 719 723 725 726 727 735 737 740 743 746 747 751 756 760 764 766 770 771 772 
224: 2 4 9 12 23 24 30 31 35 36 39 40 43 44 45 46 50 52 54 57 63 65 66 71 80 83 84 87 91 93 95 100 104 109 111 114 123 126 128 135 137 140 143 144 146 149 154 157 163 174 175 177 186 195 198 199 204 206 210 217 219 220 222 240 252 256 257 259 261 263 264 266 269 274 276 280 281 283 284 285 286 290 295 297 305 306 308 310 311 312 313 316 317 321 323 325 326 329 330 332 337 345 347 349 350 351 356 357 363 366 367 368 370 384 386 394 403 410 411 413 414 422 426 427 433 434 435 438 439 445 452 457 458 460 461 463 464 465 468 469 470 472 474 476 477 484 485 490 492 493 495 500 502 503 507 508 513 514 515 520 535 536 537 540 541 543 544 549 556 563 572 575 588 593 597 598 600 603 605 607 608 610 619 623 624 625 626 632 640 642 650 653 660 662 666 667 668 672 681 683 693 694 696 698 705 710 721 723 726 733 735 739 744 746 747 748 750 753 758 761 764 770 772 775 
236: 6 9 10 14 18 20 23 24 33 35 36 38 40 41 44 45 46 52 54 55 60 79 81 85 91 93 94 100 102 104 106 109 112 117 121 122 135 138 140 141 143 151 152 155 157 161 163 174 175 178 181 184 185 189 191 192 193 197 202 203 204 212 213 214 220 223 226 229 235 239 241 242 245 247 249 252 258 261 263 266 267 272 275 279 282 283 294 298 303 309 310 312 316 317 319 321 322 323 325 329 331 340 341 347 348 349 352 353 354 357 362 365 370 373 377 380 385 388 394 399 400 403 405 406 415 417 418 420 422 423 426 430 438 440 446 450 451 454 457 466 471 473 474 481 485 489 494 495 497 499 500 502 504 507 509 518 519 521 527 529 531 534 535 537 538 545 547 548 549 552 554 568 569 571 573 574 575 576 578 579 581 583 585 588 595 596 601 608 611 613 614 616 618 623 633 640 641 646 652 656 658 669 670 671 678 679 682 684 688 689 693 694 701 702 705 706 707 708 709 710 714 718 719 722 732 736 738 739 741 745 748 750 758 763 767 776 
222: 2 4 11 13 18 19 20 22 24 27 29 30 31 37 41 42 43 47 50 57 59 61 64 65 67 68 71 73 79 80 89 94 96 99 101 106 108 110 114 116 124 129 132 139 141 144 145 146 148 151 155 156 158 167 168 173 180 181 190 194 196 198 201 203 215 217 224 225 231 237 249 250 255 260 263 264 267 270 271 279 284 288 289 290 292 294 297 300 301 302 316 321 322 323 329 331 333 335 338 339 340 345 346 347 355 356 357 358 365 366 367 369 375 387 391 395 399 401 403 409 411 412 416 424 426 431 432 433 437 442 443 448 451 459 463 467 468 473 474 477 478 479 482 493 504 505 506 507 509 510 512 521 529 534 535 538 543 546 559 561 562 565 566 569 583 584 585 586 593 607 608 610 614 615 616 622 628 629 631 633 637 639 641 644 647 649 651 653 659 662 663 670 672 677 685 687 692 699 700 703 704 709 714 715 717 721 722 723 724 749 750 753 757 760 761 762 764 768 773 774 775 776 
216: 2 4 5 11 16 19 22 24 33 39 40 42 46 54 55 61 63 67 71 72 76 82 88 89 91 93 99 101 102 103 104 109 110 111 116 117 119 120 123 125 130 136 137 147 149 155 157 158 163 172 173 178 183 190 193 197 198 209 210 216 221 223 226 238 240 241 252 254 255 256 261 265 271 272 275 279 282 284 292 300 301 304 305 308 310 312 321 324 330 331 333 346 347 352 362 369 371 374 381 382 385 386 393 394 398 402 406 408 409 411 422 423 424 429 430 438 439 442 446 450 451 458 467 468 469 470 471 477 489 490 491 499 501 504 505 508 510 512 513 515 518 522 523 525 529 534 538 541 549 551 552 553 555 556 560 563 578 581 586 587 589 590 594 600 606 608 611 621 624 626 635 637 642 647 651 654 660 673 677 681 684 687 690 691 693 694 697 704 707 708 712 714 715 718 724 725 727 729 733 734 738 740 741 742 744 751 755 757 765 766 769 771 772 773 774 776 
239: 8 11 12 18 19 20 22 24 26 33 34 35 37 40 42 45 46 49 52 54 61 65 67 70 74 76 78 79 81 88 92 94 97 99 100 101 107 111 112 113 114 123 125 141 142 145 147 154 158 163 169 171 174 177 179 180 182 183 187 192 194 201 215 218 220 230 243 248 249 251 258 259 267 268 276 280 284 286 290 292 297 298 299 305 307 310 314 315 320 321 322 324 329 331 334 335 337 339 340 341 344 347 350 355 357 359 361 362 364 366 371 372 379 380 387 394 397 398 405 407 408 410 416 417 418 420 421 422 424 425 427 428 433 437 441 442 445 452 454 456 458 459 465 467 468 469 471 472 473 476 477 484 487 488 492 495 500 504 505 507 512 513 518 519 527 531 532 534 540 542 551 553 555 562 564 565 566 568 570 575 577 580 584 586 587 590 592 598 604 606 607 613 622 625 626 628 640 641 643 646 650 651 654 656 659 661 663 664 665 667 669 670 687 692 698 707 711 715 716 721 724 726 728 730 731 732 733 735 747 748 749 754 756 757 760 764 765 773 776 
231: 0 9 10 14 18 20 21 32 35 36 42 43 48 51 53 57 58 61 69 75 77 78 83 89 90 92 99 104 105 110 112 119 123 125 127 130 131 138 139 141 142 154 161 167 168 177 180 181 188 189 192 200 203 204 206 212 216 218 219 220 222 226 231 234 235 236 238 252 254 255 256 257 263 265 269 274 275 279 281 286 297 300 301 305 308 311 315 316 320 326 328 332 336 337 348 353 358 359 362 366 374 375 379 381 385 388 399 401 404 405 411 412 414 416 424 426 432 436 440 442 444 453 457 460 461 466 473 475 476 481 490 492 493 494 496 501 509 511 514 515 518 522 526 528 538 539 540 541 547 549 554 556 557 560 563 564 565 567 570 576 577 579 581 586 590 592 599 600 602 604 607 609 615 616 618 622 625 627 632 633 636 638 645 652 654 655 658 659 664 666 669 671 676 678 679 683 688 689 690 694 696 697 702 705 707 708 709 711 712 715 716 717 718 719 721 725 730 732 734 736 743 744 750 753 754 757 760 761 767 771 772 
222: 1 6 7 11 16 28 29 36 38 43 52 53 58 60 61 62 64 66 68 69 81 82 83 84 96 97 98 99 106 107 109 113 117 120 122 123 126 129 130 134 143 149 153 155 157 162 163 167 170 172 173 175 180 183 187 189 191 192 193 194 202 203 207 208 210 218 219 224 225 232 233 236 241 244 249 251 253 255 256 257 258 265 266 268 269 271 272 273 274 280 289 290 292 296 299 313 316 318 324 327 328 330 331 332 334 337 338 348 355 358 366 370 381 386 394 395 398 400 401 408 413 414 417 426 427 433 434 443 444 463 469 478 480 482 483 484 485 486 489 490 494 495 500 501 504 505 507 522 528 529 530 534 537 540 541 542 543 545 548 549 558 559 567 568 573 575 582 590 598 600 607 608 612 615 622 625 633 634 635 637 642 645 648 653 656 658 659 662 664 665 666 670 672 673 675 677 682 691 692 693 694 699 703 705 709 717 720 725 727 729 734 750 753 755 756 757 758 760 761 763 773 774 
263: 4 5 8 14 18 20 21 22 24 25 33 35 36 42 43 45 46 47 50 58 60 64 65 68 73 74 75 78 81 83 84 86 87 88 97 100 103 104 109 112 115 117 118 121 123 128 130 133 138 143 145 149 150 151 154 159 166 170 178 183 185 186 189 193 196 197 201 202 206 207 209 212 213 215 217 223 224 229 230 233 241 243 246 248 249 251 252 254 256 257 258 260 262 263 265 269 270 275 278 281 288 293 294 295 296 301 304 308 309 313 317 318 319 322 328 331 333 336 337 344 346 347 348 351 352 353 355 357 358 361 367 368 372 374 383 391 392 395 396 404 406 408 409 410 413 415 418 420 422 423 429 430 431 432 433 434 435 437 438 442 443 447 451 456 457 459 470 473 476 478 480 482 485 487 489 493 496 504 508 510 511 514 518 521 526 527 528 533 536 537 538 542 547 552 556 558 567 571 574 575 577 579 582 583 584 586 587 588 592 597 600 602 608 609 612 613 614 617 618 622 623 624 625 628 641 645 648 651 652 660 662 664 666 667 670 671 672 677 678 682 687 688 689 695 704 706 708 712 717 719 720 721 734 735 737 738 739 750 757 767 769 770 775 
230: 1 5 6 9 10 14 16 17 21 26 28 34 39 46 47 55 57 60 62 68 73 78 84 86 89 91 96 99 111 115 116 118 121 124 126 129 132 135 140 143 147 149 150 151 154 155 159 165 166 168 172 173 174 176 177 178 179 183 185 186 189 193 197 198 201 203 206 207 220 227 228 229 232 234 235 240 241 247 249 250 251 252 256 259 260 265 266 267 269 271 285 291 292 296 298 305 307 309 315 320 322 326 330 331 332 333 334 336 338 339 342 348 355 356 360 362 363 365 370 373 381 383 395 397 400 403 406 410 411 413 416 417 424 426 428 437 444 446 448 451 453 457 459 460 470 474 475 485 493 494 496 500 501 514 515 518 528 530 538 539 542 543 547 555 557 564 569 571 574 575 578 583 588 591 592 593 595 600 604 612 614 616 617 624 630 631 633 634 639 640 641 644 646 650 653 658 659 664 681 684 686 687 688 692 698 703 708 710 711 721 722 723 728 731 738 739 742 743 745 746 747 748 752 753 755 758 759 761 770 776 
236: 3 5 6 7 9 14 16 18 22 30 32 33 34 41 42 43 45 51 56 57 60 61 62 64 67 73 75 77 79 80 81 85 89 91 94 95 104 114 116 123 124 130 131 136 137 138 141 145 147 150 153 154 155 156 159 160 161 165 166 167 169 171 173 175 180 182 185 194 197 200 205 206 208 210 214 216 224 232 234 238 241 243 255 257 261 262 264 268 270 275 276 277 278 279 281 282 285 286 291 293 294 300 302 310 313 314 315 317 320 327 329 331 332 336 338 342 344 352 354 360 361 364 371 372 375 381 391 392 400 403 405 407 410 411 412 413 414 418 419 425 426 430 432 435 439 444 446 453 463 466 470 474 480 483 499 500 505 506 507 511 512 514 515 516 520 529 530 536 539 540 542 545 546 548 549 553 554 558 569 570 572 582 587 589 590 592 595 607 611 613 615 627 629 630 632 638 642 645 647 649 652 658 664 666 670 677 682 687 690 692 696 697 706 707 709 713 724 729 730 731 733 740 743 746 748 750 752 753 755 756 758 759 762 763 768 774 
240: 0 5 6 7 9 10 11 17 18 20 22 29 30 34 35 38 46 47 50 53 62 63 65 70 72 78 79 89 93 98 99 109 111 112 113 114 118 120 124 126 127 128 136 138 140 149 150 152 155 159 165 169 171 179 183 187 188 191 198 205 207 208 211 212 222 226 228 229 230 236 238 239 241 242 243 244 246 248 251 253 256 260 263 267 270 271 273 277 280 282 290 293 295 300 302 305 307 309 312 318 320 326 328 333 336 342 352 355 356 362 366 368 374 378 379 380 381 384 385 387 389 390 391 394 398 399 403 409 411 412 413 415 425 426 431 441 444 459 462 465 467 469 474 475 480 485 486 487 494 498 500 501 505 506 510 513 522 523 524 525 526 535 537 550 552 553 559 560 567 574 577 583 588 590 596 603 605 612 613 615 616 618 619 621 622 625 626 631 632 634 635 640 643 649 651 652 653 659 668 672 677 683 685 686 693 695 698 700 701 702 703 706 707 711 712 719 721 723 724 731 734 735 737 739 743 745 746 747 748 750 751 752 753 754 755 756 757 759 771 776 
248: 1 6 7 9 10 14 16 28 29 34 36 51 54 57 61 63 64 69 73 75 82 83 84 89 92 95 97 106 107 110 113 118 122 123 125 126 132 138 140 141 142 143 145 150 156 162 163 165 167 171 185 186 189 192 202 206 208 209 210 218 222 224 229 232 233 238 246 247 253 255 257 259 264 265 269 272 275 276 277 282 283 287 292 293 295 296 298 299 301 307 308 311 312 313 318 326 329 330 333 335 338 339 341 348 352 355 362 363 370 372 373 375 376 380 382 388 391 393 396 397 402 403 405 412 413 416 417 420 426 428 429 430 432 434 435 438 448 450 454 456 460 463 467 477 481 482 483 488 492 497 498 500 501 507 510 511 512 517 518 524 533 536 537 538 539 540 541 544 545 546 552 555 556 561 564 568 571 573 574 575 577 581 586 590 591 592 597 600 602 605 610 611 617 618 622 623 627 628 631 641 642 644 649 650 655 656 658 659 661 662 663 669 670 671 677 686 689 691 700 701 708 710 715 722 724 725 726 728 734 739 740 741 744 748 753 754 755 756 757 758 762 764 765 767 770 772 775 776 
230: 3 4 5 11 13 15 17 26 35 36 40 48 49 50 51 52 60 61 62 71 74 75 77 79 81 95 99 101 108 111 117 124 129 130 133 138 144 145 146 150 155 157 161 163 173 176 177 184 186 188 190 191 193 198 199 201 202 206 210 214 231 235 237 238 239 242 243 247 250 251 253 256 261 262 264 271 276 282 288 289 290 292 293 294 301 305 307 308 311 315 327 329 334 339 341 342 347 349 354 361 362 366 367 371 372 378 382 383 388 401 403 404 405 406 407 409 410 411 418 419 422 425 426 433 434 435 438 439 444 449 453 454 456 458 459 460 462 469 470 475 482 487 492 493 495 498 502 505 506 512 513 516 519 523 524 527 530 536 537 542 544 554 561 567 568 574 575 579 586 589 592 596 603 604 606 610 614 616 617 620 621 622 624 626 631 632 637 645 649 654 655 662 665 667 669 670 672 674 677 679 681 682 684 686 688 689 692 694 696 704 706 708 712 713 716 729 734 736 737 739 742 743 745 750 761 762 764 765 771 772 
238: 0 6 10 11 16 19 23 25 31 35 38 40 43 45 48 50 57 58 61 68 71 72 78 80 84 88 96 99 108 112 113 120 123 124 125 127 128 130 131 136 139 140 146 148 156 157 160 162 163 165 167 169 171 173 176 177 180 181 182 183 185 187 188 194 200 202 205 207 213 214 217 218 224 228 231 235 240 244 246 250 251 258 260 262 265 266 268 271 273 275 276 279 280 289 292 302 303 304 308 309 312 313 314 316 325 326 331 337 338 341 343 344 353 355 356 359 369 370 376 379 382 385 393 396 398 400 401 405 408 410 415 422 438 442 451 455 465 469 471 478 480 481 484 488 493 501 504 509 510 511 512 515 516 517 521 529 531 532 535 537 540 541 542 552 554 556 557 558 562 564 566 567 569 572 574 582 583 587 588 589 592 594 595 596 599 602 606 612 613 616 617 618 621 625 631 632 635 644 646 651 654 659 665 666 668 670 672 675 676 677 688 694 695 701 702 707 711 713 715 719 720 722 724 729 734 737 738 744 748 754 757 758 762 764 766 773 774 776 
232: 3 4 5 8 11 12 24 26 29 31 35 41 45 50 52 53 54 56 58 63 65 71 76 78 83 84 86 89 92 102 103 104 106 108 110 112 113 115 122 123 124 128 134 135 144 149 154 157 163 174 177 186 187 191 193 196 197 198 199 205 209 210 212 214 215 218 222 223 226 227 231 234 236 247 248 250 255 263 265 273 274 276 278 279 281 282 283 287 297 299 301 329 332 334 339 343 348 349 362 366 373 376 379 381 395 402 405 406 408 409 411 412 413 417 423 425 428 433 434 435 437 439 449 450 452 457 458 461 464 465 468 470 475 481 492 503 507 508 509 510 515 519 528 532 534 538 542 544 546 547 551 557 558 560 565 571 572 574 576 577 584 586 591 592 597 601 602 604 606 608 609 612 616 617 620 621 622 626 628 630 631 634 638 641 649 652 655 656 657 660 665 667 668 674 679 682 685 692 696 701 708 710 715 717 719 720 723 724 725 726 728 732 734 735 738 740 742 743 744 746 749 753 755 756 763 764 765 767 771 773 774 775 
247: 2 7 18 20 24 32 33 34 35 36 37 39 40 45 54 55 60 61 63 64 65 73 78 84 86 89 91 92 94 100 105 110 111 113 120 121 125 128 131 132 138 139 140 141 142 145 146 148 150 153 165 166 167 169 174 179 180 184 186 188 189 197 202 203 204 209 215 218 219 226 239 244 256 262 263 266 268 273 276 279 281 283 284 286 287 289 291 294 295 296 300 305 306 307 309 311 312 314 323 330 331 333 335 337 340 341 344 347 349 350 352 353 354 355 358 363 365 366 370 372 373 375 380 382 385 386 388 392 396 399 400 401 410 416 418 419 422 423 431 432 434 439 440 443 446 449 450 451 462 465 467 471 482 483 485 491 494 495 497 508 517 518 521 523 524 525 526 532 534 537 538 539 541 544 549 550 551 552 560 563 565 566 569 571 574 576 577 578 582 583 590 591 593 598 602 604 608 611 612 613 614 625 628 634 635 647 650 653 658 663 664 673 674 678 686 689 691 694 695 696 697 700 703 708 711 715 719 720 721 729 730 731 734 738 740 742 744 752 756 758 765 766 767 773 774 775 776 
217: 0 6 7 11 12 14 16 17 22 33 34 40 50 51 54 55 56 59 62 64 67 69 71 72 80 81 86 87 88 89 94 95 102 104 105 107 110 112 113 122 135 140 150 153 161 165 167 168 171 180 184 187 191 200 208 209 211 219 224 226 229 231 233 241 244 245 257 260 261 262 263 267 268 270 273 275 279 281 284 286 287 288 290 292 293 295 297 299 307 310 312 313 331 332 336 343 350 354 359 362 363 364 369 373 382 384 388 390 392 394 395 397 398 399 400 402 403 409 410 413 416 421 422 425 428 430 440 441 446 447 449 460 461 471 472 475 477 478 481 488 491 492 493 494 496 499 501 503 505 509 515 518 520 523 524 526 528 537 542 544 552 554 559 565 568 569 574 582 587 590 596 610 614 618 622 624 626 628 629 632 637 638 640 642 655 657 659 660 665 666 673 675 676 677 679 692 696 702 704 705 708 712 719 721 723 725 735 741 743 745 752 755 760 765 766 770 775 
210: 4 8 12 13 22 24 25 28 33 34 44 49 50 52 54 55 60 63 66 70 78 87 93 103 109 111 117 119 123 124 128 129 130 131 132 138 141 144 147 149 151 152 154 174 180 184 188 192 194 196 199 202 203 208 211 213 221 228 230 235 239 240 242 243 249 253 258 260 263 268 274 275 276 277 279 283 285 287 288 292 293 294 295 297 298 300 301 302 305 306 309 310 312 314 317 322 326 328 336 337 340 341 347 349 350 351 352 354 357 358 359 360 373 375 384 385 389 390 392 405 416 419 422 423 424 429 433 444 448 451 454 456 461 469 473 476 479 482 493 502 509 513 516 523 527 530 532 536 540 543 558 563 569 580 583 585 588 589 599 600 602 609 612 614 623 626 627 628 633 636 643 644 651 661 664 665 672 677 685 686 688 691 694 696 699 702 703 705 708 712 717 720 722 727 731 735 742 746 750 754 755 758 761 763 766 768 769 774 775 776 
221: 1 4 12 14 16 19 25 27 29 35 38 40 42 43 44 55 60 61 66 67 68 70 72 75 80 85 87 88 93 94 103 106 108 113 115 120 122 123 125 128 131 133 134 135 137 139 141 146 149 152 158 160 161 164 171 173 176 177 181 185 193 197 198 202 203 208 215 219 224 227 232 235 237 240 241 246 252 255 261 270 282 285 289 291 293 294 305 306 313 319 328 331 335 338 341 345 346 352 357 358 364 373 374 381 385 388 391 395 399 401 405 407 408 410 411 412 415 417 420 429 433 437 438 445 446 455 458 459 460 461 464 468 469 478 483 484 490 492 494 498 502 506 508 511 512 513 514 515 518 522 524 526 535 537 546 547 549 557 563 568 569 570 574 575 577 580 589 590 593 595 603 604 605 606 609 610 618 619 621 624 626 633 636 646 648 652 659 660 662 671 673 677 679 685 693 699 713 714 715 717 720 724 728 729 731 735 736 737 739 740 743 744 745 750 751 753 758 762 769 772 776 
228: 0 2 6 9 15 17 21 22 38 39 43 44 45 49 55 57 59 62 63 64 65 67 69 80 81 90 91 95 98 101 103 108 109 113 116 119 124 129 130 134 141 142 145 147 150 155 157 158 160 162 166 168 176 178 185 189 191 192 194 195 198 201 209 214 217 219 221 224 225 231 235 237 243 245 260 261 264 267 270 273 275 276 281 285 290 292 293 299 304 307 308 309 314 316 319 323 324 337 338 347 348 350 351 354 361 365 367 370 373 374 380 381 383 385 394 396 398 402 404 407 408 409 410 411 414 416 421 424 426 427 428 432 435 440 441 447 450 453 455 458 460 467 468 471 473 485 486 490 493 510 514 516 517 519 537 538 539 540 541 542 546 547 550 553 557 558 567 568 571 575 576 579 582 584 587 589 591 592 593 596 598 600 607 609 616 619 621 622 623 635 637 642 644 653 660 661 667 668 671 676 685 688 697 698 699 705 707 711 715 717 718 720 721 726 727 733 735 738 747 748 751 753 754 755 756 762 763 775 
223: 3 4 6 7 9 13 23 25 26 31 44 46 48 50 53 54 58 59 60 63 72 73 74 77 88 104 112 119 121 122 127 136 137 142 155 159 167 171 174 177 179 186 187 196 197 205 206 208 210 211 221 226 228 233 235 241 242 244 252 255 259 260 264 268 270 271 273 276 277 280 282 283 286 287 291 294 298 309 313 315 317 320 322 324 326 329 330 341 343 345 347 349 352 358 359 361 368 370 375 378 379 380 383 385 386 390 392 393 398 400 401 402 405 414 419 421 425 437 442 446 448 452 453 459 461 465 467 468 472 483 488 490 498 499 500 501 503 506 507 508 509 516 525 529 530 538 542 544 545 547 549 550 552 553 555 557 561 563 567 570 584 585 588 589 592 594 595 598 600 614 615 617 622 628 630 633 635 636 638 640 649 651 652 656 659 660 663 664 669 671 673 675 676 677 679 687 688 692 693 699 700 703 704 705 707 709 717 719 721 732 733 739 741 747 748 750 754 757 759 763 768 769 774 
273: 0 4 8 10 12 13 15 18 20 23 30 31 37 39 40 45 47 48 49 59 61 62 68 69 71 73 74 77 84 85 86 89 100 103 109 112 113 115 118 120 123 124 127 129 130 133 134 135 137 141 148 151 153 160 162 166 169 170 171 173 176 177 178 179 182 184 191 198 199 203 206 210 212 215 216 219 220 221 223 226 228 231 236 243 244 246 249 257 259 260 261 262 266 269 270 271 276 279 283 288 289 295 299 301 309 312 313 316 317 319 322 326 335 338 344 345 346 349 350 354 355 357 358 361 363 364 366 370 372 379 382 389 392 394 397 399 400 404 405 406 408 410 411 412 413 416 419 421 422 424 425 426 427 429 432 434 436 437 438 439 444 447 450 452 453 457 458 459 463 464 465 468 469 471 472 473 474 480 483 487 488 490 492 493 494 495 499 501 502 506 516 519 521 523 524 525 528 530 531 533 535 538 541 543 555 559 562 566 567 569 570 573 574 582 584 591 592 594 597 600 601 603 610 611 612 615 618 620 629 631 636 638 642 643 650 652 653 660 662 667 670 673 674 678 680 682 686 692 693 695 697 700 702 704 707 711 715 717 720 724 736 737 743 745 749 750 751 759 760 763 769 772 776 
237: 2 4 8 9 11 13 14 20 26 30 31 32 35 36 38 40 41 51 64 65 76 82 84 85 86 88 90 92 95 97 101 105 110 112 115 123 126 127 129 131 150 151 152 158 161 163 164 176 178 182 185 188 189 192 197 199 200 201 203 205 209 210 211 212 216 221 235 239 242 243 247 250 256 257 259 271 275 282 284 288 289 290 293 294 295 300 305 307 310 313 314 317 318 325 328 330 331 336 340 343 344 350 351 360 363 364 365 369 373 374 376 385 387 389 390 391 397 398 402 403 404 405 407 408 409 410 414 416 417 418 422 425 431 433 436 437 439 440 441 442 445 450 452 455 467 470 473 474 476 486 491 492 493 504 505 507 519 520 524 527 535 540 545 547 552 556 557 558 561 563 569 570 571 573 580 594 595 597 605 607 609 616 617 618 619 620 623 628 631 634 635 639 645 646 651 658 660 662 664 671 672 673 674 676 677 678 679 683 685 686 689 691 696 704 705 707 711 713 715 717 718 721 722 723 724 725 733 734 736 737 747 754 755 756 758 768 770 
234: 0 2 5 13 16 18 24 26 29 31 33 35 39 43 44 46 47 48 50 51 52 56 58 65 67 69 70 73 80 83 85 87 92 93 102 105 118 126 132 135 142 150 153 154 156 164 165 166 168 172 173 174 182 186 187 196 201 202 205 206 210 213 221 223 226 230 233 234 238 242 244 246 251 254 256 258 267 272 273 275 282 297 299 303 307 310 313 314 318 319 320 323 329 330 331 332 335 336 337 339 340 344 345 346 347 352 363 365 366 368 369 373 376 377 381 382 386 389 392 396 399 401 402 411 412 414 416 420 421 425 427 429 433 434 436 438 439 442 443 449 455 457 460 462 467 468 469 470 474 478 482 484 490 491 493 494 495 496 498 504 506 507 513 520 522 524 539 542 543 545 550 558 559 561 564 567 573 574 577 578 580 581 582 587 597 599 600 608 612 624 625 626 627 631 633 635 638 641 646 650 671 672 679 681 682 687 691 695 697 699 702 704 707 709 711 725 726 730 731 732 737 743 744 746 748 750 757 761 762 763 771 772 773 774 
220: 2 10 15 18 19 26 28 38 40 44 48 52 54 60 61 68 73 78 79 84 88 93 96 99 102 109 110 111 118 128 130 135 138 144 158 159 171 172 175 176 177 182 185 186 188 190 192 203 207 211 213 216 220 221 225 226 227 228 233 237 239 245 251 254 255 261 267 270 274 276 277 278 280 281 286 287 288 290 294 296 298 299 304 308 310 313 315 316 318 326 327 329 333 342 343 345 346 347 349 356 357 364 366 369 370 371 374 382 389 390 391 392 396 399 400 401 403 405 408 415 425 429 430 432 441 442 443 445 453 455 459 464 466 473 479 480 483 490 494 497 500 503 505 510 514 521 529 530 533 534 543 544 551 552 553 554 558 564 569 574 575 581 599 600 602 604 605 606 608 610 617 625 629 630 632 634 635 640 641 642 648 649 654 657 658 666 671 673 680 682 683 685 692 695 698 699 702 703 708 711 713 721 724 726 728 732 733 734 736 743 745 747 750 751 759 761 762 767 768 773 
228: 2 5 7 13 14 15 17 18 19 29 39 40 41 44 49 56 58 61 63 68 69 70 73 75 77 83 84 87 95 102 103 104 107 108 123 132 142 145 148 149 150 152 165 168 170 171 174 175 176 178 183 184 193 195 200 201 204 205 209 212 219 223 227 228 229 233 234 235 240 243 244 246 248 249 250 251 252 261 262 264 266 269 271 272 273 276 285 286 287 292 293 305 306 307 315 320 323 328 330 332 336 338 342 343 345 349 351 357 359 361 365 382 391 392 395 396 401 407 409 414 416 422 424 430 435 437 438 439 440 445 450 451 452 453 458 459 460 470 471 477 478 481 485 487 492 493 496 504 506 508 509 510 512 513 514 515 517 526 527 532 534 537 538 543 545 554 558 570 572 577 578 582 585 587 591 593 594 608 612 624 629 634 635 636 638 640 643 645 646 654 655 657 660 683 687 689 692 696 697 698 699 704 708 709 715 720 721 723 724 725 726 729 738 740 741 750 751 753 755 756 759 765 767 768 769 771 774 776 
245: 9 13 15 17 21 24 25 27 29 33 34 35 40 43 46 47 49 50 51 52 53 55 56 57 60 72 73 77 82 83 85 89 91 94 96 97 101 113 114 115 118 122 124 125 130 133 136 137 139 140 144 148 149 150 159 162 164 166 167 170 173 179 182 188 194 201 204 214 218 233 236 238 240 243 244 246 248 250 263 264 272 273 277 278 283 286 288 291 296 297 301 304 305 308 312 313 314 317 318 320 321 322 323 325 326 327 328 332 336 347 348 356 358 359 363 366 367 374 375 377 380 381 384 388 394 395 396 397 398 399 402 404 407 408 409 411 412 413 420 421 423 425 428 429 430 434 440 442 443 447 448 450 451 456 457 458 460 470 471 472 474 476 477 479 490 495 502 504 510 514 515 518 519 520 524 525 533 534 540 542 543 548 551 557 558 562 565 568 575 576 581 583 593 594 598 599 601 617 619 627 628 634 635 642 647 648 652 654 655 659 661 666 671 672 674 680 689 692 694 695 696 698 702 707 711 717 718 726 727 735 736 737 738 740 743 747 753 754 761 763 764 765 768 769 775 
252: 2 5 9 11 14 15 16 17 19 24 26 27 31 32 38 40 42 49 55 58 61 67 68 74 76 79 80 85 88 95 98 99 100 101 102 103 105 107 115 118 124 125 126 128 133 135 140 147 149 151 155 156 158 159 164 174 175 176 177 180 181 192 195 196 198 205 208 217 235 237 239 241 242 246 248 250 253 255 256 257 258 259 261 262 263 265 266 271 274 275 277 278 282 288 293 294 297 299 301 309 310 313 315 320 323 324 326 329 331 340 341 349 360 366 367 372 377 380 383 386 388 393 395 400 408 412 420 425 428 429 431 432 439 441 442 453 454 455 463 466 472 474 475 482 490 491 495 496 497 500 502 503 505 507 508 513 515 517 519 521 523 528 530 531 536 539 541 545 547 551 554 558 560 568 569 573 575 581 583 586 590 595 596 597 599 601 602 603 604 606 611 616 617 619 623 626 629 632 634 635 636 638 639 643 648 651 653 655 656 658 662 664 666 668 669 670 677 678 680 686 693 703 704 705 707 710 714 716 718 719 721 722 724 726 728 730 737 738 739 741 745 746 748 749 751 755 758 761 762 763 769 772 
258: 3 6 9 11 15 23 24 25 27 28 32 33 36 37 39 50 55 56 59 61 70 73 80 94 95 97 100 103 105 117 119 120 121 122 126 129 131 133 135 137 138 142 143 144 151 152 154 162 163 165 167 168 169 170 172 174 176 178 185 193 198 201 203 205 206 207 208 211 214 215 222 223 227 233 238 242 255 256 262 266 267 268 269 273 274 276 278 280 284 285 287 288 289 292 293 294 295 299 311 313 314 319 323 324 325 330 334 341 343 348 353 356 359 362 363 364 366 369 378 382 389 391 392 393 396 397 401 402 404 405 409 413 417 419 426 427 428 430 432 433 435 438 440 450 452 454 459 461 462 463 466 468 469 472 473 474 475 476 487 491 495 503 504 508 511 514 517 524 525 528 530 532 533 534 536 538 540 541 545 547 548 551 555 556 560 563 564 565 566 568 569 573 576 579 581 589 590 592 599 601 604 605 606 611 615 616 618 622 624 629 631 632 634 639 640 646 647 648 653 654 656 660 663 664 667 669 671 672 673 683 684 685 687 688 691 699 700 704 707 713 718 720 724 727 730 733 738 742 745 746 753 757 759 761 764 765 767 775 
236: 1 3 4 5 16 18 27 28 29 31 35 36 41 45 46 51 57 60 61 62 64 66 68 69 78 79 83 84 87 95 100 101 108 109 112 113 114 115 117 120 123 125 128 131 134 138 139 140 141 143 144 145 149 150 151 152 154 155 159 162 163 170 173 175 179 181 184 190 191 193 194 203 205 206 209 210 212 219 220 227 228 235 238 240 243 244 245 247 248 258 266 267 269 276 282 284 285 289 290 295 297 300 303 306 307 311 320 324 332 334 338 339 345 346 347 354 359 375 378 380 385 387 388 389 390 396 398 403 404 405 409 415 416 422 433 434 435 437 438 439 443 451 454 457 458 463 464 467 472 477 486 490 492 497 498 499 509 511 515 526 528 532 534 539 547 551 557 560 563 569 571 573 577 578 583 585 587 588 589 600 603 607 608 609 615 618 619 623 628 638 642 644 646 652 653 657 660 663 668 670 676 678 682 683 691 693 695 699 705 707 708 709 713 715 720 721 722 724 729 732 734 739 740 743 746 747 750 755 758 764 766 767 769 770 772 773 
211: 5 8 11 12 15 19 23 25 27 31 38 48 50 51 52 55 59 60 62 66 67 71 75 81 85 95 98 99 102 103 106 111 113 114 115 117 131 132 135 139 141 142 146 147 150 152 155 157 160 161 164 165 170 185 186 189 192 198 205 206 210 213 216 219 221 223 227 231 233 234 235 237 238 240 246 251 255 258 259 260 267 269 278 279 284 285 293 294 305 309 323 324 331 339 340 341 346 347 350 354 355 356 358 364 365 373 375 381 391 394 397 399 400 406 413 425 426 445 446 450 453 459 460 461 463 465 469 472 474 475 479 480 481 484 490 493 495 502 503 505 513 514 515 517 518 521 523 543 546 547 553 559 561 572 586 594 597 603 604 606 607 608 616 618 619 626 630 631 637 639 641 649 650 652 654 660 661 662 667 668 676 679 686 688 689 698 699 705 706 709 711 715 716 721 723 726 728 742 746 747 749 751 754 755 757 759 760 766 767 768 775 
214: 0 2 4 6 8 9 10 14 16 18 27 28 29 30 32 33 37 38 39 43 46 48 49 54 56 58 59 60 64 67 80 90 95 101 102 103 106 108 114 115 117 119 124 126 127 133 134 137 138 140 142 143 146 148 155 157 158 159 166 169 180 185 191 204 213 214 215 222 223 224 225 227 235 236 238 240 242 244 246 254 258 263 264 265 269 270 276 280 283 288 291 294 295 298 306 307 308 321 326 329 330 333 334 336 339 343 350 359 360 366 368 372 374 377 379 384 385 387 397 400 401 403 407 414 416 417 430 431 433 434 435 440 444 446 450 453 457 458 466 468 469 473 476 481 484 492 493 494 498 499 503 506 507 508 509 512 515 518 520 521 522 538 539 542 548 551 558 564 566 567 586 587 592 597 600 623 644 645 653 655 659 661 664 667 668 670 672 673 674 677 691 692 693 695 697 705 706 711 713 716 719 720 721 722 724 728 736 746 750 753 755 764 766 776 
232: 6 7 11 12 15 19 21 27 28 30 34 36 37 38 48 51 52 54 56 59 60 62 64 68 70 71 72 75 79 82 83 85 86 88 90 93 96 99 100 103 105 114 115 117 118 121 127 129 130 131 137 138 142 149 152 164 166 167 168 170 171 172 176 177 178 182 183 188 190 192 195 201 203 209 210 215 216 222 227 230 232 237 246 247 248 249 250 251 252 253 255 256 258 259 260 270 271 275 292 294 296 297 304 307 308 310 311 320 327 330 331 337 339 341 355 360 364 367 369 371 372 373 374 377 380 382 383 388 390 392 396 400 401 402 403 413 414 417 418 422 428 429 435 437 439 440 443 445 447 450 454 455 461 462 463 464 474 478 479 481 490 491 503 504 508 510 527 532 533 537 539 541 543 545 547 558 562 563 564 565 566 576 580 588 589 597 598 611 615 621 628 629 630 634 646 647 649 650 651 657 658 661 662 665 669 673 679 680 683 684 685 687 689 691 702 703 704 711 734 736 738 740 742 744 745 750 757 759 768 769 773 775 
262: 1 4 6 7 12 18 21 27 28 30 31 33 34 36 44 45 46 47 49 52 53 55 56 60 61 66 69 70 75 76 78 79 81 83 85 87 101 102 103 106 111 114 121 124 130 133 134 135 136 145 147 148 150 152 157 158 159 165 171 175 181 182 186 187 190 191 193 194 196 197 198 201 202 206 208 209 210 212 213 223 224 225 226 227 228 232 234 241 243 252 253 254 256 259 261 263 267 268 274 277 284 285 290 293 297 299 302 304 305 306 308 312 315 318 323 324 330 331 333 334 337 338 339 342 344 346 349 352 355 357 358 360 361 369 374 376 378 384 388 389 390 393 394 402 408 409 413 415 416 418 422 425 428 434 436 437 439 442 451 452 454 458 466 469 470 471 475 483 485 486 490 492 501 502 504 505 507 509 511 512 515 516 527 533 538 540 543 547 548 554 559 561 564 568 569 574 578 581 583 584 587 590 591 593 596 597 600 605 608 609 612 613 617 619 621 622 626 627 631 638 644 645 646 651 652 653 659 663 669 671 673 674 678 683 684 686 690 697 699 703 705 712 717 719 720 724 725 727 732 733 738 746 749 756 757 759 761 768 769 774 775 776 
224: 4 5 6 7 11 20 27 29 33 35 38 39 41 44 47 54 66 74 77 91 92 99 101 102 104 107 110 113 114 117 121 132 133 137 143 148 150 155 156 157 161 164 168 169 173 178 181 182 185 186 191 201 204 205 209 217 219 231 233 239 241 243 246 253 260 263 265 271 274 275 276 280 284 292 295 296 297 298 300 303 310 311 313 316 321 325 326 329 331 335 339 347 349 350 352 353 355 358 367 369 370 371 372 373 374 376 379 380 386 387 393 394 396 403 404 409 411 416 426 428 430 434 436 437 438 439 441 443 444 446 450 453 456 460 463 464 467 474 476 488 490 492 496 504 509 511 520 522 524 527 540 547 552 555 559 560 569 573 578 581 586 588 592 596 600 601 606 611 617 618 619 621 623 625 627 630 631 632 634 635 636 641 645 650 656 657 659 660 664 665 667 669 671 674 677 678 679 683 686 688 692 695 697 700 705 715 716 722 729 731 736 738 739 740 741 744 745 752 765 766 770 771 774 776 
238: 0 2 5 7 8 9 10 12 17 19 21 22 26 27 33 35 36 43 44 47 49 50 55 62 63 64 71 75 78 81 87 88 89 94 97 100 101 109 111 113 117 125 130 131 138 139 141 142 152 155 157 161 167 169 174 175 180 181 182 187 188 192 197 201 207 209 211 220 221 223 226 227 228 230 232 236 238 245 246 248 254 255 260 264 265 266 267 268 277 278 279 280 282 285 289 298 300 303 311 315 320 321 323 324 325 330 332 333 335 336 343 344 345 346 347 349 350 351 364 365 376 377 383 384 385 386 387 394 395 400 401 410 415 419 421 427 429 430 436 438 439 441 447 450 452 453 454 458 459 460 461 462 466 469 470 479 483 487 491 493 495 496 497 498 499 505 509 513 520 524 525 527 530 539 540 553 556 558 560 563 568 569 570 578 580 581 583 585 587 595 598 599 601 604 616 621 623 627 633 634 649 656 666 667 671 678 681 683 684 685 688 689 691 695 699 712 713 716 719 721 723 724 728 730 732 733 734 735 743 748 751 752 754 758 765 766 772 775 
236: 0 2 6 11 16 21 26 30 34 37 38 46 50 56 61 62 67 68 72 75 84 87 90 91 92 94 95 97 101 105 110 112 113 115 117 118 122 124 127 132 134 147 155 161 163 166 168 171 180 184 186 189 190 192 198 203 205 214 215 229 230 234 236 239 241 243 244 251 255 257 263 267 269 270 274 276 277 279 283 284 285 287 289 291 295 299 302 303 304 306 309 314 317 318 322 324 326 328 335 337 339 341 342 348 350 354 360 361 362 367 373 374 384 387 388 389 390 395 401 402 404 405 410 411 415 416 420 423 426 430 431 432 436 438 443 444 449 450 454 455 462 470 476 479 480 482 486 492 494 495 500 502 505 509 510 513 519 520 521 522 523 524 527 529 532 541 543 549 551 553 554 555 556 559 560 562 569 572 574 577 580 582 585 588 589 591 593 597 598 600 615 619 620 621 622 624 629 633 635 640 641 642 644 647 653 659 665 666 674 675 685 690 694 695 697 698 705 712 717 727 729 730 739 740 744 745 746 747 755 757 762 763 765 767 771 774 
226: 0 3 4 5 6 10 15 20 21 26 27 31 32 33 35 36 38 39 43 45 50 51 53 54 57 61 70 71 77 83 84 85 86 89 91 94 101 106 107 110 111 112 117 120 125 142 147 150 154 158 160 161 162 165 174 175 177 180 188 190 192 197 199 200 201 205 207 208 211 212 214 215 222 232 237 244 250 254 260 264 271 276 279 282 290 291 295 298 304 307 308 310 314 318 328 337 338 341 345 347 358 359 364 369 373 375 378 380 382 384 385 389 393 394 402 405 408 411 419 425 428 429 431 433 434 440 447 450 458 460 463 465 467 470 471 473 477 479 481 482 487 488 502 510 511 513 522 523 524 525 526 531 539 540 543 546 547 555 559 560 561 562 567 568 572 575 584 588 589 591 594 599 602 605 608 612 615 623 635 638 640 641 649 651 654 657 658 661 668 670 674 677 687 691 692 697 700 704 705 708 711 712 716 718 720 724 726 730 731 734 739 741 743 744 746 749 750 752 755 759 761 764 767 768 771 774 
239: 1 4 8 14 15 20 22 29 30 36 38 43 45 48 51 52 53 55 62 66 68 69 73 80 87 90 91 95 96 112 114 115 119 120 125 132 135 136 141 144 149 153 164 165 170 172 182 183 185 186 188 189 192 193 197 199 200 205 214 215 223 224 229 232 234 235 237 240 242 244 246 247 249 254 257 259 261 262 263 264 269 270 274 277 282 285 292 296 297 299 302 303 305 306 309 312 316 319 321 324 328 335 336 338 339 343 344 346 353 356 359 361 362 363 366 369 378 381 382 390 396 398 400 402 411 412 415 421 427 430 432 434 438 439 440 442 449 454 455 459 461 465 466 469 470 483 485 487 490 492 493 494 497 499 503 504 505 506 513 514 517 519 520 522 524 525 527 533 540 544 545 549 550 552 554 556 557 558 560 562 563 564 568 572 577 582 585 586 589 597 603 608 613 620 626 630 634 637 640 643 645 650 652 653 662 669 671 675 677 679 685 687 688 689 690 691 692 694 700 702 703 705 707 709 711 712 718 724 728 729 732 737 757 760 763 766 771 772 774 
222: 1 4 8 9 10 19 20 21 23 27 28 31 32 36 42 43 44 45 52 57 58 63 75 76 79 80 84 95 97 98 108 110 111 112 115 116 120 122 123 126 127 129 131 133 134 140 143 145 146 148 150 169 173 176 177 178 180 194 195 197 199 201 202 204 205 207 212 217 218 219 223 227 228 231 233 235 241 251 252 254 255 257 258 260 261 262 264 267 268 272 274 275 278 291 293 300 301 307 309 313 329 330 331 332 335 341 347 349 351 353 357 359 360 362 369 370 374 378 382 384 390 391 392 395 398 404 411 412 415 418 421 428 433 439 440 441 448 451 456 459 463 466 468 469 471 472 476 477 484 485 487 488 490 492 501 504 518 525 528 531 534 536 538 541 542 544 546 550 552 553 554 556 557 561 566 574 581 592 594 599 601 607 608 610 619 628 632 633 635 642 654 662 664 668 673 680 684 690 693 694 706 709 710 713 714 717 721 727 728 741 744 745 749 751 753 756 763 765 769 771 772 775 
233: 1 3 5 6 8 9 10 12 13 16 20 21 24 31 36 45 46 50 63 65 67 70 74 77 85 86 90 92 93 108 110 118 124 130 131 134 139 140 142 150 151 153 157 164 166 170 172 178 182 183 184 187 188 190 192 193 194 196 198 200 201 203 209 217 220 225 235 243 250 253 259 264 270 273 275 280 284 286 289 292 295 298 299 304 307 308 311 321 325 327 329 331 332 334 335 343 346 347 354 355 357 358 359 361 363 367 370 372 378 383 386 388 390 393 397 398 399 400 414 415 419 422 424 430 434 435 439 440 445 446 454 456 459 461 462 469 479 480 490 498 500 504 509 510 513 522 531 539 546 547 550 551 553 555 556 557 558 562 563 565 566 572 573 574 575 576 580 581 582 584 588 589 590 591 592 595 599 602 610 612 615 617 624 629 634 635 637 639 641 644 646 647 654 655 659 660 663 667 668 670 671 673 674 680 687 693 698 703 704 707 708 709 713 714 715 720 721 740 741 742 745 747 751 754 756 757 758 762 764 766 769 772 776 
244: 1 3 7 9 14 17 18 19 22 25 29 34 37 41 42 43 46 49 52 59 60 69 76 77 78 84 85 94 95 98 99 100 101 105 113 115 116 117 120 121 123 130 132 136 142 146 151 152 153 154 157 161 165 168 169 170 172 178 187 190 191 193 200 203 207 208 209 210 211 213 215 216 221 223 225 229 232 236 237 238 245 246 247 250 253 256 260 267 275 279 280 281 284 285 296 297 300 301 303 305 308 309 310 311 312 318 319 320 322 324 325 329 331 332 337 338 341 342 347 351 352 355 364 366 371 373 377 378 379 380 382 387 388 389 391 399 402 407 409 410 414 415 417 419 420 421 425 433 435 437 439 445 449 452 460 465 468 469 475 477 482 490 498 500 501 507 516 517 521 525 529 530 534 544 546 548 556 557 559 561 563 567 569 582 587 588 596 597 607 622 623 627 629 634 638 640 641 642 644 648 649 651 653 661 663 664 669 670 673 674 677 681 683 689 693 695 698 700 701 706 713 714 719 721 722 727 729 732 735 738 740 742 743 747 748 749 752 755 757 758 761 765 771 774 
213: 1 4 13 14 16 24 25 28 29 33 37 40 41 43 44 51 57 58 59 69 71 74 80 82 87 92 96 101 111 113 115 118 120 124 126 130 134 135 137 138 140 142 146 153 155 159 164 166 175 179 183 184 190 192 200 212 217 221 222 225 232 240 250 252 254 257 259 261 272 274 275 277 280 282 283 285 289 292 293 294 296 299 301 302 306 308 310 311 313 315 320 329 331 335 337 340 342 359 360 366 368 373 376 380 383 385 386 387 390 392 393 397 401 404 409 415 418 427 430 433 436 440 444 450 452 454 456 461 463 465 467 471 479 480 489 495 499 504 506 511 512 517 524 525 526 533 536 539 545 546 550 551 553 566 570 577 586 587 588 590 602 606 607 610 612 613 627 629 632 642 647 648 654 657 659 662 663 669 671 672 673 674 675 676 680 685 687 688 694 695 698 710 711 712 713 716 718 719 720 723 725 731 734 737 738 741 744 750 752 765 766 767 770 
229: 0 2 3 11 16 19 23 24 25 28 30 31 35 41 46 49 52 57 62 69 72 74 75 83 88 92 94 97 102 106 108 116 118 123 128 129 134 136 139 144 145 146 152 153 154 156 158 159 163 164 165 170 173 174 180 182 183 185 186 188 189 192 194 195 201 212 213 215 219 222 225 226 227 228 229 233 234 237 238 240 242 258 259 265 267 269 275 277 279 281 282 286 288 291 295 297 301 304 305 307 313 315 323 329 331 335 336 337 338 351 354 367 369 372 379 386 392 394 398 400 401 403 404 408 412 415 419 431 433 434 441 446 449 451 453 456 469 475 477 478 482 483 494 496 499 500 501 502 506 509 511 514 518 524 527 528 531 533 539 540 548 559 561 563 567 569 571 572 573 575 576 578 589 593 595 600 602 604 607 608 616 617 618 619 628 639 643 645 648 649 650 651 653 655 659 664 669 671 672 673 675 677 685 692 697 704 707 709 712 714 716 718 721 722 724 727 728 732 737 742 750 751 752 753 756 757 768 775 776 
225: 1 11 12 14 15 16 20 21 25 28 33 35 42 43 45 51 53 54 55 57 58 60 62 63 64 66 67 76 78 86 87 90 94 98 105 110 121 124 127 130 131 135 143 146 148 158 160 162 163 167 169 175 176 178 180 181 187 192 197 200 206 208 213 221 229 231 234 236 248 249 252 255 262 266 267 268 270 271 272 273 277 282 286 289 290 292 293 295 296 302 305 306 310 311 312 316 325 327 338 340 343 349 355 357 359 369 370 376 379 381 385 389 391 393 403 404 405 409 410 413 414 419 428 438 451 452 453 458 463 466 468 469 471 472 477 479 483 486 488 492 494 497 498 499 500 502 503 504 506 509 516 517 518 521 538 545 549 559 563 565 566 569 570 585 586 589 591 593 601 603 608 609 610 611 613 618 620 623 627 632 636 641 642 650 652 657 658 661 662 663 667 668 672 673 674 675 676 677 688 691 694 695 696 698 701 704 708 712 716 720 722 725 727 728 731 732 733 742 751 755 757 760 763 766 772 
225: 3 13 14 15 17 19 24 25 33 37 38 43 47 53 58 67 68 70 71 81 84 88 92 93 96 100 106 113 115 116 127 130 134 137 142 143 149 151 152 154 158 160 162 165 168 169 174 183 195 198 204 207 208 215 217 218 222 224 225 226 230 233 234 236 238 242 245 252 258 259 278 281 284 286 289 291 295 297 298 300 302 308 315 317 322 323 324 327 332 334 335 336 337 340 341 343 344 345 347 348 350 351 354 355 357 358 360 363 368 369 371 377 385 386 387 388 389 393 394 404 417 422 424 425 432 433 434 440 446 447 450 452 468 471 472 475 477 480 481 483 486 492 496 497 500 504 505 507 510 513 515 516 517 519 523 526 527 530 531 532 541 542 549 552 555 557 558 561 566 572 573 577 581 585 591 592 593 597 599 602 603 607 610 611 613 616 620 621 622 623 626 628 629 630 636 638 647 656 657 664 665 666 669 671 672 674 675 680 681 687 690 691 710 717 720 721 726 729 734 738 744 747 757 761 774 
245: 1 2 4 6 7 12 15 22 33 35 39 41 42 43 46 48 51 55 62 70 72 73 74 81 82 84 86 88 93 96 97 102 104 105 110 114 120 121 125 130 133 134 135 136 140 141 142 143 146 148 152 155 156 157 159 160 161 164 175 176 183 184 188 193 195 200 202 203 205 209 213 216 217 221 222 223 224 228 230 233 234 237 238 240 248 249 258 261 266 267 278 280 282 284 289 293 295 304 311 313 315 316 319 320 334 338 339 344 346 351 358 363 366 367 370 371 372 373 378 380 386 393 395 396 399 401 411 412 413 415 416 418 420 421 425 430 431 439 452 454 455 461 466 467 471 472 474 475 479 483 484 486 493 499 501 506 507 509 519 520 524 525 526 528 532 533 535 536 537 539 543 544 545 546 550 553 556 558 559 562 564 565 566 569 573 580 581 582 585 586 590 597 604 606 607 613 625 627 628 629 634 637 639 640 644 647 648 650 651 653 658 662 671 680 681 689 691 697 701 707 712 713 716 718 728 729 730 731 732 734 737 739 742 743 747 749 750 753 755 761 763 764 771 772 773 
234: 14 18 25 27 28 29 32 34 36 37 41 42 43 44 46 51 52 53 54 55 56 57 59 60 65 66 67 72 75 76 87 88 89 90 91 92 94 95 96 102 113 114 116 119 126 130 133 135 137 138 153 154 155 156 161 162 163 164 165 171 172 173 178 179 183 187 191 193 197 198 200 206 208 210 213 215 217 218 219 222 223 226 230 232 236 246 252 253 255 257 259 261 264 267 268 275 281 282 284 290 300 301 304 305 309 311 315 321 326 329 331 337 341 354 360 361 362 364 365 370 377 379 385 386 387 389 392 393 401 402 405 408 409 412 415 425 435 441 442 447 450 451 452 453 454 456 457 461 462 470 473 476 477 483 484 488 489 490 491 495 506 508 510 518 520 522 523 528 529 532 536 543 545 546 550 551 556 558 562 564 571 572 573 574 575 577 582 584 585 586 588 600 601 606 613 618 620 621 623 630 636 637 639 640 642 643 648 649 661 662 666 669 670 672 676 685 699 708 716 717 718 720 721 728 733 734 737 738 746 756 760 761 762 774 
239: 0 1 3 4 6 9 10 16 19 22 27 29 42 52 56 57 66 75 78 79 80 88 90 92 99 101 102 109 110 111 114 122 123 124 125 126 127 130 131 132 135 137 138 140 142 143 146 147 149 152 154 156 161 165 166 169 172 176 178 180 181 182 188 193 194 195 196 198 199 200 203 205 207 211 213 215 219 220 221 225 229 230 231 235 236 243 245 249 255 259 260 263 265 272 281 291 292 303 304 305 309 314 321 335 336 337 339 340 341 343 344 347 352 354 355 364 365 366 369 370 375 377 380 385 390 391 394 400 407 411 416 418 423 429 431 432 434 436 438 440 443 446 450 457 458 461 462 463 466 468 469 474 485 487 490 492 495 496 510 512 515 521 524 525 533 539 549 550 551 554 556 559 562 563 565 569 572 573 577 590 592 595 597 600 602 604 605 609 619 631 633 636 644 645 646 649 652 656 664 666 671 672 673 674 675 678 685 686 690 691 692 693 695 703 709 711 713 715 718 721 724 726 730 731 733 736 739 744 748 750 752 755 757 763 767 772 773 774 775 
232: 7 10 12 18 19 22 25 30 33 38 47 52 53 55 59 61 62 68 69 70 71 72 75 82 84 86 88 91 93 94 95 96 103 108 112 113 114 115 122 123 134 139 144 145 147 150 154 157 160 164 168 170 171 172 176 179 180 186 187 190 193 194 196 198 207 208 210 211 214 226 230 232 236 241 246 247 249 263 269 273 275 277 280 282 286 290 293 297 298 299 300 303 308 325 326 329 335 341 342 343 348 351 354 359 362 364 367 371 373 374 382 383 384 390 393 398 403 404 406 408 413 417 420 422 423 426 427 428 429 430 433 435 436 442 444 445 447 449 451 455 459 476 478 480 481 482 484 486 490 497 499 502 504 507 511 533 535 538 542 543 551 554 555 559 562 565 568 570 572 577 578 580 581 584 587 593 599 604 606 607 608 609 611 617 618 619 624 625 627 631 632 633 636 638 639 642 651 658 659 661 668 670 671 678 682 688 690 700 701 703 706 707 710 712 715 724 726 727 728 735 736 745 755 756 758 759 761 763 764 771 773 776 
232: 0 4 7 8 16 21 25 29 42 44 46 47 48 54 57 61 68 69 73 75 81 84 85 93 97 99 100 102 103 107 110 113 114 118 119 120 131 133 135 136 138 139 142 143 150 151 152 153 156 160 161 163 164 167 169 174 177 181 183 186 191 192 194 198 200 202 208 214 217 227 230 232 233 235 241 242 245 246 248 250 256 258 262 263 264 265 267 269 271 274 277 278 279 282 288 290 300 302 305 307 308 312 316 317 321 324 326 332 338 339 341 345 347 355 358 360 365 369 375 376 384 386 390 396 397 400 401 404 406 407 410 415 418 420 421 424 430 431 436 449 456 458 460 462 475 477 485 489 491 492 493 496 498 507 510 515 525 528 529 531 539 540 543 545 546 547 549 550 551 557 558 559 560 562 570 571 577 588 590 592 594 595 597 598 604 608 610 612 614 625 630 633 635 639 641 642 651 656 659 663 665 666 673 674 676 678 680 682 684 687 692 693 694 698 699 700 702 703 705 710 716 719 725 739 740 743 751 753 756 762 766 775 
235: 2 9 10 11 13 15 20 22 28 30 35 37 38 39 40 41 43 49 56 65 68 69 74 78 79 80 82 83 84 85 89 92 94 95 96 97 98 105 108 110 114 117 119 135 136 137 139 142 143 156 158 162 163 166 168 176 186 187 190 191 192 194 199 201 202 204 205 208 211 215 221 223 225 228 229 231 236 238 239 242 245 247 254 255 256 258 259 262 264 266 269 270 274 275 276 281 285 286 287 289 291 297 298 299 300 302 304 307 309 314 319 320 321 329 330 333 338 341 344 354 362 365 369 375 376 377 378 380 382 383 388 389 394 396 397 403 410 413 415 416 426 432 435 437 439 440 447 452 456 459 463 475 476 478 479 480 486 487 489 492 494 495 503 506 507 509 517 524 525 534 538 539 541 548 559 563 567 568 569 570 573 576 583 586 600 604 615 623 624 625 630 631 632 633 636 638 642 643 646 648 651 655 656 657 664 667 670 673 674 683 686 687 690 694 698 703 706 710 712 713 715 718 721 729 733 736 737 738 744 745 747 759 765 769 774 
227: 0 1 3 4 6 10 11 14 15 17 19 22 23 24 25 28 31 33 34 35 36 37 39 40 43 46 47 56 63 66 74 81 82 84 85 89 91 92 99 101 102 107 114 115 117 118 123 126 132 134 135 140 148 151 155 157 158 161 162 163 164 165 166 167 173 178 180 182 184 185 186 188 189 190 194 199 203 208 211 213 214 221 224 226 228 230 231 233 236 240 243 247 248 249 250 252 257 258 264 265 268 272 273 276 283 288 290 292 293 300 312 314 324 331 333 334 336 337 339 340 342 346 347 353 355 360 371 380 386 396 399 402 405 407 408 423 424 445 446 447 454 458 460 468 471 476 477 483 486 490 495 497 498 513 516 529 534 536 537 541 544 547 550 553 556 561 567 570 574 575 576 581 582 583 585 589 591 592 595 604 614 618 620 622 626 628 645 646 647 648 651 652 659 661 667 668 669 672 674 677 681 682 683 693 695 708 711 713 714 728 737 738 740 743 744 746 748 759 761 763 764 767 769 770 771 774 775 
221: 1 4 5 6 8 15 17 18 21 25 29 36 39 42 43 44 45 51 56 69 76 92 93 98 104 106 110 113 114 116 118 121 125 128 129 130 131 135 139 145 146 148 150 153 154 160 161 163 172 173 178 180 190 194 197 202 204 215 219 224 228 230 235 236 238 241 245 253 257 258 265 271 272 273 275 282 288 289 295 299 305 308 309 326 334 335 343 348 349 350 351 352 353 354 356 357 360 362 363 364 365 366 369 378 387 390 397 399 403 404 408 413 414 415 417 418 420 425 427 431 435 436 438 440 449 450 461 464 465 468 473 478 484 490 492 501 504 509 510 514 517 518 523 526 527 529 530 533 541 542 543 549 552 555 558 559 568 569 573 574 578 581 584 586 588 589 590 591 593 595 604 610 612 616 618 622 624 625 626 629 635 638 641 647 651 652 655 657 660 662 667 668 672 675 676 677 691 698 699 700 701 708 710 712 720 724 728 737 738 739 740 742 744 745 751 752 759 761 762 769 773 
247: 0 19 21 35 45 46 51 53 56 57 58 63 65 71 74 75 77 80 84 96 98 102 104 111 116 118 120 121 130 131 134 135 136 145 148 154 157 162 163 164 165 177 179 184 190 192 203 209 212 216 218 219 220 223 224 225 230 231 232 234 242 243 246 252 254 255 257 258 260 262 264 266 269 270 271 274 278 281 284 286 293 294 297 300 304 306 312 313 316 317 321 322 323 324 327 336 337 338 340 342 343 346 351 354 362 367 368 374 376 377 379 380 381 387 388 394 396 397 402 405 407 409 413 414 415 416 426 428 431 433 434 436 437 443 446 448 452 454 456 457 458 463 464 465 469 470 475 477 478 488 491 492 493 494 495 503 507 511 512 514 518 522 531 532 533 534 536 540 541 544 547 553 555 563 565 566 567 569 572 573 574 575 578 581 583 590 591 592 593 597 607 609 614 619 622 624 625 627 631 634 639 642 646 647 650 656 657 659 668 670 673 674 675 678 679 680 681 683 686 689 690 691 693 694 695 701 702 705 706 711 715 716 721 724 730 732 740 741 752 755 757 761 764 765 766 768 769 
212: 0 3 4 9 14 17 19 20 29 32 39 60 61 62 64 76 77 80 81 91 92 93 94 97 100 103 112 118 121 128 131 132 136 137 141 146 149 160 169 174 178 180 182 190 195 198 200 202 205 208 211 212 214 216 217 218 221 222 233 234 236 241 244 245 251 252 253 256 261 263 268 272 278 285 286 290 291 292 296 299 300 309 314 315 322 324 326 328 333 335 339 341 343 347 363 365 368 370 371 374 379 380 382 383 384 385 388 389 399 403 404 413 415 421 425 426 431 436 437 443 450 455 471 472 473 474 481 487 488 494 496 499 501 508 514 526 529 537 540 541 543 553 554 556 568 574 578 584 586 592 594 595 599 603 604 605 606 615 617 618 620 621 622 623 626 628 630 631 632 633 634 636 641 642 644 650 651 654 657 662 665 666 667 669 671 672 677 680 681 686 688 691 694 702 705 708 710 714 717 726 728 735 738 739 742 746 755 756 757 759 764 771 
210: 4 5 8 10 12 16 29 33 34 35 40 43 48 49 51 54 55 57 61 63 69 76 82 87 89 92 100 101 102 107 113 116 118 123 129 132 136 138 139 142 144 146 148 152 156 157 159 168 170 174 180 181 183 186 189 198 199 200 201 204 206 207 218 222 225 226 227 231 241 247 248 252 256 261 264 265 273 275 280 285 287 291 292 293 300 304 312 313 315 317 318 323 325 331 334 335 337 340 343 344 347 356 360 363 369 381 388 389 390 391 396 399 415 417 423 427 432 433 436 437 440 445 449 451 459 464 471 478 479 480 485 486 487 489 490 494 502 504 505 508 510 512 514 517 518 521 522 525 528 529 540 541 545 552 556 561 576 577 579 580 587 593 600 605 607 609 610 611 612 617 618 625 626 628 630 631 638 639 648 653 655 658 661 668 670 675 679 686 689 692 698 703 709 710 712 716 718 721 723 740 746 747 748 750 751 752 758 765 766 775 
228: 9 26 29 38 39 41 42 43 44 47 51 58 63 65 67 72 74 75 78 80 86 87 88 91 102 111 112 115 118 120 121 122 123 124 127 135 142 144 145 147 151 153 154 156 161 165 166 167 170 171 172 174 177 180 183 184 188 191 192 193 200 201 205 206 207 208 215 216 219 224 225 228 231 234 236 241 243 244 246 254 256 260 264 265 269 272 273 282 283 286 288 294 299 300 307 310 314 316 317 318 325 326 328 334 339 341 344 350 356 357 369 370 372 382 385 390 393 399 406 411 412 414 415 418 419 422 424 426 434 437 440 448 452 457 459 460 461 470 475 476 477 479 483 485 487 496 499 501 502 505 511 514 519 522 524 526 532 533 534 535 536 538 540 549 551 552 564 573 574 575 580 583 587 590 592 595 597 600 601 611 613 617 618 619 626 631 632 634 641 653 655 663 664 666 668 674 683 688 705 706 707 708 710 711 716 725 730 731 734 738 741 744 748 749 750 752 754 755 756 757 759 765 767 769 771 773 774 775 
236: 1 13 15 17 18 25 27 31 36 40 44 48 50 53 57 58 59 61 65 66 71 72 73 74 75 79 80 84 85 87 96 103 108 110 111 116 133 136 139 140 143 146 151 155 157 169 170 176 181 182 186 187 188 189 190 191 196 197 201 202 203 206 207 210 211 213 214 217 219 224 230 233 234 236 238 240 243 245 250 253 255 256 261 264 266 269 270 273 278 282 296 297 298 311 316 317 320 321 324 327 330 331 332 334 338 342 345 346 347 349 350 351 357 361 363 365 366 371 373 374 393 394 395 398 399 401 408 410 412 414 416 419 423 425 428 431 436 438 443 444 450 454 455 456 458 461 469 475 476 478 481 494 495 497 503 504 510 511 516 520 521 526 533 535 536 537 540 541 542 543 545 547 551 555 559 562 568 572 579 580 586 588 591 592 598 600 604 609 610 611 612 619 621 622 624 625 626 627 633 634 637 639 640 641 643 646 656 660 666 668 671 672 679 682 686 687 693 695 696 706 709 717 722 724 729 731 732 735 745 754 759 762 768 769 772 773 
208: 1 3 7 8 10 21 25 26 36 38 40 41 42 43 48 51 53 54 55 58 60 62 69 72 73 76 81 82 85 99 100 104 107 108 109 112 113 118 119 120 123 130 132 139 141 143 145 146 147 148 149 152 154 166 170 178 185 187 188 194 199 208 211 214 224 233 236 237 242 245 251 254 272 274 277 281 282 289 292 299 300 307 314 315 319 330 338 344 352 353 356 362 363 366 369 373 374 378 379 381 382 388 390 391 395 396 397 411 417 423 424 428 437 438 442 449 452 453 457 458 461 465 469 477 481 484 486 508 513 518 520 521 527 531 532 534 535 538 540 542 544 547 553 557 562 563 565 580 587 592 594 604 608 614 621 629 630 633 637 638 641 644 648 653 656 657 658 659 662 663 665 667 670 673 674 675 676 684 687 688 692 697 698 701 705 709 710 721 722 727 731 733 734 736 741 743 744 748 751 753 754 756 765 766 768 769 773 775 
223: 0 4 8 13 18 19 32 34 36 38 39 41 42 47 53 55 63 66 69 73 84 89 90 98 100 102 105 106 107 113 117 118 124 125 138 142 146 147 157 159 162 167 168 179 181 184 185 186 187 188 189 190 195 202 203 206 207 209 210 222 223 225 228 229 230 233 234 236 237 242 247 255 256 262 263 268 271 278 279 283 285 286 289 291 292 298 299 306 311 312 316 317 320 324 325 327 329 338 340 343 344 346 348 353 361 363 364 369 372 373 377 379 381 382 384 385 401 402 409 410 414 415 423 424 429 433 437 440 450 456 459 470 472 473 474 476 483 484 487 491 492 497 498 502 503 504 505 506 510 513 515 518 521 522 528 535 536 541 544 551 555 560 562 563 566 567 568 570 575 585 586 588 590 593 595 596 606 607 608 620 624 629 630 631 633 636 637 640 641 643 649 650 657 664 667 681 682 683 684 686 689 705 706 707 709 710 713 717 718 720 722 725 728 729 734 737 745 752 753 755 757 762 770 
211: 0 6 7 8 9 18 26 28 35 39 48 51 52 68 69 87 93 104 106 108 110 112 113 116 121 122 126 127 130 134 137 144 148 151 152 153 156 157 162 163 166 171 174 177 182 188 191 192 194 195 197 198 201 203 204 208 209 213 217 218 235 239 245 247 250 252 254 261 267 270 271 279 281 282 285 287 289 294 295 296 298 302 303 307 309 319 321 323 327 335 337 340 342 343 344 351 355 359 360 362 363 365 370 373 375 378 384 387 395 396 397 401 405 406 422 423 431 433 435 436 442 443 455 463 467 468 482 490 491 492 495 499 502 505 511 513 514 526 529 530 532 534 535 538 540 542 545 548 568 569 573 575 584 586 592 594 596 599 616 620 622 625 633 635 636 641 643 647 649 658 660 661 666 672 673 675 680 685 691 693 695 697 700 702 706 707 714 715 720 721 722 725 726 728 731 733 744 746 749 751 754 757 761 762 763 764 766 767 768 773 775 
220: 7 9 10 11 14 24 33 36 41 42 46 47 49 58 59 65 69 70 71 72 76 80 84 90 95 98 99 103 105 108 111 117 123 125 127 129 132 133 136 137 138 141 144 153 162 164 172 177 178 182 183 186 192 204 219 223 225 226 229 233 235 239 243 248 251 253 255 258 266 268 270 273 274 279 280 281 282 283 285 287 290 295 296 298 299 300 302 304 307 309 312 313 314 318 323 326 327 329 340 341 342 352 366 368 370 372 375 377 381 387 388 389 393 398 401 408 411 418 420 423 424 425 427 428 431 434 440 443 445 446 447 455 458 459 460 461 462 466 469 472 474 475 476 477 481 486 490 494 497 506 508 509 510 515 521 523 542 549 550 553 555 557 559 560 563 571 575 576 583 602 606 608 609 610 616 619 620 621 632 640 641 642 653 654 660 662 670 676 682 685 686 688 689 691 700 703 706 708 713 715 723 726 729 731 732 733 734 735 736 739 745 746 750 753 758 760 761 763 768 776 
222: 4 7 8 9 10 11 16 19 21 22 26 32 39 40 42 43 50 53 60 62 64 65 71 73 78 81 91 94 103 106 108 116 120 124 125 128 133 134 135 146 152 171 173 176 178 179 184 189 192 199 200 205 207 215 219 223 228 230 231 234 235 236 238 240 241 243 246 250 259 261 264 266 269 273 274 276 280 290 295 302 303 308 315 317 319 320 323 328 331 337 338 349 353 355 356 367 375 380 385 386 387 388 389 391 394 395 398 400 403 410 413 414 415 416 417 421 425 429 436 439 441 444 446 447 451 452 459 461 465 466 469 470 472 479 485 489 492 495 498 500 504 506 509 511 514 515 517 519 524 539 540 541 550 552 556 560 573 577 578 579 582 585 586 587 592 593 594 596 604 608 609 612 613 615 617 622 625 636 643 644 645 647 648 656 658 660 665 666 675 680 684 685 687 692 696 698 699 700 701 702 703 708 710 713 714 716 718 723 724 725 733 736 737 738 742 744 750 758 759 762 767 771 
211: 3 6 13 15 17 23 24 25 27 30 32 34 54 56 59 62 66 70 71 73 75 84 87 96 104 109 126 128 134 136 144 150 158 168 177 178 180 184 185 186 187 189 190 191 192 195 198 201 202 210 215 216 217 218 224 226 227 231 233 234 239 244 257 258 263 268 274 275 277 280 282 290 292 304 305 313 321 322 323 326 328 334 338 339 340 341 343 345 347 352 355 363 366 368 372 374 379 380 391 394 396 399 401 408 409 413 416 419 420 422 424 425 427 428 431 432 433 443 447 448 452 453 454 458 459 463 468 469 470 478 482 483 490 491 492 493 494 495 500 503 508 512 515 516 520 522 525 528 529 535 538 542 544 551 556 563 568 570 574 575 581 597 602 603 604 606 612 622 630 634 638 644 647 653 656 666 672 676 680 681 685 688 698 702 705 706 709 712 715 718 719 725 727 729 730 732 734 736 737 743 746 752 753 754 756 757 762 764 767 768 775 
222: 2 9 10 12 17 19 26 29 30 34 35 40 42 57 58 69 71 74 79 81 84 85 87 88 93 94 100 106 107 108 110 113 120 121 127 139 140 141 144 151 155 157 160 168 173 174 175 178 184 185 186 191 193 197 207 210 213 214 223 226 229 233 241 243 246 247 250 252 253 262 270 271 272 273 276 278 280 281 282 283 284 289 294 296 297 299 303 304 306 307 309 313 314 318 319 323 324 327 328 338 342 344 345 348 351 360 365 371 372 382 387 388 395 397 398 405 409 410 411 415 421 423 424 425 430 432 433 436 442 449 450 451 452 460 463 467 471 472 476 481 486 489 491 492 493 499 501 505 507 518 520 523 525 527 529 539 543 546 547 548 553 557 558 560 561 564 567 572 577 578 587 595 596 600 604 609 613 615 619 629 633 636 637 638 639 648 652 653 663 665 666 669 683 686 694 696 698 699 700 701 706 712 713 718 721 725 726 727 732 733 735 739 747 749 751 752 756 766 767 770 772 776 
214: 5 8 15 19 22 23 24 27 28 29 30 34 37 41 42 43 47 51 54 58 60 63 70 73 84 89 92 99 104 105 107 108 112 114 122 123 125 131 139 141 149 154 157 161 162 164 165 170 183 198 204 205 207 208 209 212 214 218 219 220 221 222 223 234 239 243 254 255 258 260 265 272 277 280 281 289 294 296 298 306 308 310 312 313 314 316 320 324 329 330 332 335 337 338 341 344 345 349 355 356 357 362 368 371 384 385 388 391 395 396 397 399 414 427 440 442 448 450 452 454 455 457 458 459 460 461 465 467 471 473 474 475 477 478 479 483 484 485 486 492 500 502 506 511 513 514 517 521 523 528 529 533 535 536 540 541 542 548 550 551 554 556 563 565 568 573 578 579 582 583 595 596 602 605 622 627 631 632 638 645 658 661 666 667 668 669 672 673 685 687 688 691 696 697 705 707 713 714 726 727 729 732 735 736 737 743 749 750 751 753 756 764 768 773 
