# Randomly generated data for apersonnel scheduling problem
# ./datagen tightness = 90.0 Multi-skilling level = 20.0
# Random number generator seed = 67
Type = 1
Jobs = 777
0 148
0 188
34 273
0 274
10 197
1 170
10 224
29 223
9 220
2 187
34 187
12 196
58 317
187 324
41 259
2 179
197 484
14 259
19 288
90 240
18 231
1 246
1 225
4 236
1 167
4 198
35 299
0 223
2 264
14 276
271 480
0 247
10 212
232 447
7 118
52 302
17 224
62 294
0 220
1 183
187 431
22 155
223 422
0 183
0 214
2 266
5 148
0 122
7 283
212 356
13 208
215 385
1 190
390 613
266 550
18 295
226 410
3 206
0 169
167 404
2 191
237 461
424 685
2 136
1 193
214 495
260 365
5 201
37 212
1 121
172 279
1 220
2 255
20 207
11 146
4 254
35 178
247 387
181 415
633 773
8 190
249 464
686 876
152 318
226 437
283 411
2 286
276 499
215 397
288 425
9 222
11 198
31 320
23 294
609 793
495 677
456 632
280 512
16 209
1 185
1 214
635 822
876 1063
30 299
9 187
132 409
229 391
276 456
191 323
154 406
281 430
222 431
433 629
428 634
0 193
839 1090
506 690
4 211
213 391
4 220
159 344
256 501
199 423
191 451
187 370
221 492
431 588
399 614
5 242
218 386
6 140
122 344
776 1024
173 348
413 629
300 532
457 629
168 355
380 579
52 219
223 394
295 463
257 421
0 179
635 827
284 445
4 195
261 526
679 877
5 174
359 532
555 771
0 146
548 720
468 710
17 191
245 437
146 372
396 522
721 911
179 384
0 263
21 184
470 677
0 158
221 460
126 292
0 243
763 1014
198 459
8 189
197 394
1 201
10 165
223 486
271 486
439 620
445 568
254 467
531 748
104 306
423 631
0 186
229 366
203 469
323 562
510 683
138 291
0 209
11 142
469 600
235 460
0 218
685 859
1026 1158
381 661
321 499
531 762
494 715
703 869
434 624
421 630
150 267
173 368
466 665
830 1034
628 760
513 672
180 411
811 980
749 957
276 475
469 662
635 832
97 279
332 582
774 899
186 451
663 861
324 556
420 610
299 567
564 768
207 339
10 213
10 159
877 1053
196 365
16 183
1106 1272
601 848
220 461
496 760
188 350
618 868
1171 1438
301 527
207 417
461 629
861 1118
1063 1201
218 477
303 468
638 834
20 234
25 249
502 618
1290 1433
902 1087
163 384
438 638
390 642
619 779
0 232
215 412
500 710
192 419
606 788
981 1234
673 938
542 680
840 1022
478 735
417 594
593 728
593 841
159 335
1 226
463 708
4 114
341 571
628 833
638 758
255 445
780 1027
244 526
350 560
420 536
190 336
630 764
346 475
325 535
734 936
270 538
398 623
347 607
194 459
494 733
4 208
240 443
1055 1280
340 478
245 403
317 467
501 669
619 798
583 705
116 330
426 593
769 1012
678 898
331 561
757 1013
832 1050
939 1112
302 540
232 469
560 787
1090 1253
479 619
56 274
772 1009
537 696
235 453
636 813
642 867
391 655
8 267
1246 1437
1036 1249
587 801
185 430
289 442
315 573
632 848
985 1121
567 844
557 728
1029 1217
470 625
556 796
1250 1439
850 1050
457 736
800 1029
277 538
1219 1439
432 638
738 927
728 932
870 1064
539 759
1116 1227
461 580
735 888
411 612
417 571
1201 1439
930 1179
1124 1267
775 912
799 994
845 1071
621 836
456 596
912 1043
614 904
561 726
875 1080
527 661
209 344
352 542
272 536
446 631
563 770
180 393
464 751
907 1123
853 1119
1127 1301
758 938
779 1020
16 273
980 1156
7 165
380 609
862 1051
610 791
562 723
1075 1194
787 967
1032 1211
200 386
721 974
953 1140
837 1060
224 353
1051 1255
528 643
382 582
625 878
551 753
1027 1214
762 997
846 1050
803 988
1238 1416
374 595
1194 1439
159 346
798 1005
472 715
937 1129
981 1202
1257 1440
631 811
487 695
717 949
580 846
680 879
664 899
386 588
689 940
583 693
526 743
194 357
1003 1169
1050 1171
914 1140
1267 1436
818 976
197 413
967 1170
509 728
745 872
1017 1149
842 1041
413 661
1124 1271
593 742
1196 1434
549 774
726 884
874 1139
989 1176
22 222
598 737
741 906
370 570
622 796
1230 1438
882 1094
1095 1353
846 1116
389 525
396 656
1256 1439
913 1041
1177 1440
900 1139
8 281
1006 1265
539 706
879 1026
742 965
1140 1431
456 626
346 573
582 716
621 749
531 790
1050 1250
1250 1432
661 852
1171 1419
578 857
1041 1273
4 143
795 951
1064 1295
865 1014
1035 1176
727 947
931 1083
480 720
1044 1191
743 894
675 898
460 613
1184 1383
820 1064
1130 1298
518 723
983 1167
1304 1439
662 905
387 569
903 1156
1080 1221
875 1097
613 834
756 991
590 807
1227 1426
558 724
619 798
319 438
765 1037
573 810
947 1116
1214 1421
900 1087
223 382
25 134
1083 1231
982 1155
387 524
682 832
643 839
1067 1217
249 462
174 356
1018 1262
751 987
534 708
363 566
379 573
400 683
691 873
667 856
1243 1424
993 1215
1061 1231
792 1013
726 957
810 1058
915 1185
834 1010
412 544
1280 1440
798 926
1274 1439
792 1005
827 1018
1266 1438
1193 1439
147 392
1168 1406
929 1143
712 830
1039 1186
626 847
894 1102
734 923
1117 1303
1237 1420
750 939
818 941
291 492
940 1166
1145 1422
848 1016
1117 1258
935 1144
722 973
580 748
759 908
1103 1251
1252 1439
925 1087
212 427
1016 1263
1171 1431
992 1176
523 737
859 1103
546 810
368 637
1187 1438
733 947
1240 1439
1043 1268
843 1080
1187 1436
588 744
1025 1235
1159 1426
727 934
451 621
578 809
1102 1228
1204 1424
834 1048
356 525
494 694
577 784
587 776
270 444
296 452
1169 1378
1224 1429
1193 1430
909 1019
1048 1253
973 1171
1195 1439
1061 1249
1010 1241
838 1019
968 1186
721 923
1253 1427
747 943
811 976
1061 1187
196 426
1040 1248
648 872
1059 1248
403 626
1000 1229
1171 1439
770 1025
897 1175
1251 1438
1268 1435
676 865
663 841
1247 1432
740 975
342 533
590 873
1304 1426
1293 1437
1004 1172
1019 1247
1068 1279
1229 1436
452 670
1068 1301
851 989
638 879
875 1037
306 510
622 787
1203 1434
1104 1328
1283 1438
1092 1318
484 616
786 934
788 979
737 926
1184 1437
993 1183
1239 1439
1250 1438
732 960
595 836
1062 1223
943 1158
1035 1208
535 752
942 1177
1005 1220
1038 1260
512 743
1248 1440
1261 1415
827 998
1150 1440
1219 1436
1078 1237
1102 1272
1170 1440
1187 1439
999 1229
745 983
881 1092
1274 1439
979 1246
1303 1440
776 975
751 944
1232 1406
952 1193
748 977
966 1185
837 1020
1037 1235
830 1088
1191 1430
965 1176
1110 1294
1247 1435
1155 1277
141 330
1174 1367
782 966
1093 1263
857 1041
906 1134
984 1220
1331 1439
984 1217
1192 1435
522 640
507 756
635 908
1019 1215
1240 1436
948 1144
1212 1424
1045 1258
973 1213
751 930
931 1142
973 1180
948 1228
1232 1439
1274 1431
977 1171
1251 1429
1266 1433
63 283
884 1063
1264 1440
670 885
1323 1429
1229 1440
915 1139
1296 1439
1160 1400
1278 1439
1240 1440
1184 1401
1072 1239
1250 1438
1253 1440
949 1121
1246 1440
1187 1400
443 693
1191 1440
1162 1428
1247 1428
645 841
1233 1415
825 985
898 1110
935 1071
891 1165
1024 1181
1304 1436
1182 1378
1242 1425
846 1015
1263 1440
982 1197
1174 1399
1236 1434
924 1145
1228 1424
1049 1199
1230 1439
1243 1400
1258 1439
1196 1435
487 760
1061 1240
1137 1430
1085 1300
452 716
1208 1420
1182 1405
954 1122
1243 1438
1167 1439
1131 1410
1125 1358
1147 1427
1299 1439
1212 1399
1199 1440
1224 1410
1252 1411
1242 1438
Qualifications = 135
154: 4 5 12 20 22 27 28 36 53 59 63 65 73 78 85 90 93 99 102 104 111 112 116 128 132 137 146 147 152 154 158 164 166 167 175 177 180 191 194 203 208 209 214 220 222 224 228 230 232 233 260 263 268 270 276 279 290 297 303 331 338 339 341 342 343 345 349 350 352 354 357 360 361 363 365 372 383 393 398 403 411 413 414 420 425 426 428 430 436 440 444 450 452 459 460 471 478 481 490 497 501 504 505 510 515 516 533 550 563 572 575 576 578 583 585 587 591 596 600 624 628 630 638 640 645 647 655 657 663 664 669 670 677 680 688 690 693 698 701 706 712 715 721 726 735 737 741 759 763 766 767 768 771 774 
137: 6 13 18 21 22 23 36 39 45 54 55 63 67 68 73 81 82 84 90 91 93 96 108 120 125 129 134 136 137 142 151 161 162 163 168 170 172 181 187 192 194 205 206 229 237 246 252 257 265 266 271 291 295 310 329 334 339 359 360 373 394 396 411 414 418 419 423 427 430 436 439 453 457 465 466 470 473 476 482 485 488 499 502 505 508 513 527 534 542 543 548 550 581 583 585 586 588 591 598 603 606 612 620 624 625 629 630 633 638 639 647 653 657 660 670 674 677 683 685 691 702 704 712 721 724 727 732 736 740 743 745 746 750 752 754 761 775 
137: 20 33 40 51 55 67 70 71 75 84 101 104 107 108 113 129 132 146 157 164 167 176 177 178 179 197 200 205 207 213 214 225 228 233 259 260 264 272 273 274 284 286 288 289 300 310 311 317 323 331 335 348 350 361 374 378 381 392 394 395 401 405 408 412 415 417 447 448 454 464 467 476 478 479 480 487 497 504 510 512 519 524 550 552 553 558 566 570 582 583 584 587 595 597 598 603 607 609 611 612 621 626 627 629 636 642 653 655 658 665 666 673 679 680 682 684 688 700 701 704 705 711 714 723 726 732 740 741 742 743 747 755 763 768 771 774 775 
160: 2 3 9 11 16 28 38 47 48 57 60 76 78 79 93 98 99 100 108 110 112 117 125 130 137 143 144 146 156 157 165 166 167 177 190 195 204 206 219 223 228 230 232 233 240 243 244 247 259 262 280 285 295 304 319 322 324 333 338 340 342 343 350 351 353 354 355 361 362 376 378 381 389 393 395 397 398 401 405 406 407 410 413 417 420 427 428 431 442 444 448 452 453 461 465 471 472 480 494 497 501 504 510 512 517 520 524 526 542 552 554 570 573 574 577 581 586 589 590 593 598 604 607 629 630 641 644 645 655 656 658 663 670 673 674 676 678 685 687 691 692 694 705 708 710 711 712 714 719 722 723 728 732 737 741 744 757 765 766 767 
158: 0 6 7 18 23 27 28 29 33 34 46 56 58 59 68 78 87 90 110 120 129 134 139 146 148 153 154 161 164 166 170 171 183 186 189 190 191 193 211 212 216 217 225 228 233 239 244 247 248 254 257 258 264 269 275 278 290 303 306 312 313 331 335 336 342 347 349 361 367 378 382 388 390 391 396 399 401 412 419 425 431 432 433 435 464 476 486 489 492 496 500 505 507 508 511 525 526 528 530 531 534 538 541 543 544 549 551 552 555 563 573 576 580 586 587 596 601 603 628 634 636 639 648 659 661 663 664 669 673 674 675 677 687 691 692 696 698 699 705 708 715 720 725 726 733 736 738 746 747 748 752 759 760 762 765 767 768 776 
156: 0 1 8 14 19 24 25 26 27 30 57 62 65 69 74 77 82 83 88 91 102 103 104 108 110 114 120 121 126 128 130 139 148 159 161 164 165 167 169 173 178 189 197 201 209 210 214 220 221 222 224 237 244 245 246 269 270 274 281 284 285 287 290 295 297 301 309 310 313 314 334 347 357 366 368 374 376 377 378 380 385 388 391 393 395 405 416 422 430 436 455 456 457 466 468 472 475 477 488 494 496 497 499 501 505 512 522 527 535 539 552 559 566 576 584 588 589 591 596 602 603 615 616 617 623 628 631 633 634 640 641 643 644 645 680 683 689 690 695 698 699 704 720 721 732 745 746 747 749 752 753 756 757 766 769 770 
170: 0 4 7 8 9 13 18 22 26 32 33 34 37 44 48 53 54 56 70 79 85 88 94 98 103 106 107 113 120 123 131 135 139 140 141 144 145 148 149 153 163 165 166 172 175 186 187 191 199 202 204 206 210 211 215 219 225 227 231 233 236 239 241 244 245 254 265 273 276 279 281 287 292 293 299 302 306 307 308 318 326 331 338 339 344 348 349 356 358 359 366 370 371 374 376 379 386 395 396 398 404 407 408 409 416 422 438 445 446 455 456 458 465 473 474 477 481 485 488 495 501 502 510 511 518 522 527 529 532 533 541 542 562 571 579 583 588 610 612 613 615 623 625 627 633 634 638 644 653 656 660 668 677 678 681 697 704 709 714 716 719 721 726 729 734 736 744 756 767 776 
144: 0 7 21 22 23 35 42 55 60 61 64 65 74 92 104 108 115 118 120 128 136 142 147 156 158 168 170 171 172 177 183 191 193 196 197 206 207 214 227 229 247 252 257 259 271 274 283 292 293 294 296 303 305 306 309 310 320 327 328 336 340 345 347 359 361 372 378 385 392 397 403 409 413 425 429 430 434 441 442 444 449 450 471 474 483 486 487 490 499 501 510 512 513 523 526 530 537 559 560 563 565 570 574 575 580 585 590 608 611 613 615 622 623 625 628 635 645 646 656 669 670 675 682 683 688 690 691 702 707 708 710 717 719 721 728 729 741 749 750 753 760 762 765 775 
151: 3 4 5 8 9 18 24 27 28 30 32 46 59 64 70 72 73 75 79 93 102 110 116 125 131 135 137 143 147 149 152 155 169 176 183 187 191 194 198 202 226 228 236 248 250 252 254 264 265 277 282 292 298 299 302 306 318 322 326 328 331 336 338 341 350 352 366 367 370 374 376 378 380 381 383 387 393 394 398 401 414 422 425 427 434 444 446 450 458 471 472 485 490 500 505 506 507 509 516 519 521 536 538 544 551 552 557 564 579 580 584 589 592 594 598 602 626 629 631 636 639 641 642 653 655 657 658 665 667 671 697 698 699 705 709 717 718 720 724 727 729 733 741 744 746 748 752 761 766 773 776 
179: 1 3 5 9 10 17 19 20 23 28 30 35 39 44 49 50 52 56 59 63 64 66 72 74 75 77 80 81 83 89 94 99 102 103 106 109 113 117 119 124 128 138 149 153 160 176 180 182 186 188 190 195 196 201 206 214 215 218 219 220 222 231 233 242 243 246 252 253 256 267 280 283 289 296 297 298 301 307 308 315 317 319 325 329 333 341 350 351 355 356 357 360 361 377 382 386 389 395 398 399 403 405 406 408 410 412 422 423 428 429 434 435 442 449 451 453 455 456 457 464 465 468 469 478 480 485 490 508 517 526 539 544 557 558 561 570 573 575 579 580 593 594 602 609 613 614 624 625 626 631 639 643 644 646 648 649 651 667 670 676 683 688 691 710 712 714 717 726 729 730 731 735 746 749 750 752 767 770 771 
157: 16 18 19 22 34 37 41 47 49 52 58 68 71 75 81 82 85 87 88 90 92 93 95 107 108 113 122 125 131 148 149 152 157 169 170 189 196 197 198 199 200 216 221 225 229 231 238 240 241 249 251 254 256 262 264 295 315 316 317 320 321 330 334 337 345 351 356 363 364 365 369 377 378 383 385 388 397 398 399 405 413 414 415 416 421 428 432 442 448 449 451 452 459 464 468 470 471 480 487 491 501 503 512 514 516 517 520 522 536 537 540 549 550 557 558 559 560 565 581 583 590 593 595 602 607 615 626 628 650 654 660 662 666 668 671 678 684 686 687 689 693 694 696 698 701 705 711 717 718 727 736 741 745 747 762 767 769 
141: 1 6 18 22 28 31 37 40 51 56 57 58 69 81 84 86 93 95 111 116 117 118 123 133 142 147 156 157 160 172 175 179 206 213 214 216 217 226 231 234 236 238 240 265 268 269 276 302 308 317 320 323 324 332 344 347 350 357 359 361 362 364 365 378 381 389 390 391 406 411 413 415 418 420 430 432 433 436 439 446 453 461 462 469 473 482 483 486 488 499 500 507 510 512 519 521 532 544 549 554 560 567 569 572 574 580 583 588 590 596 607 608 609 611 616 625 633 638 639 642 643 644 653 654 662 663 665 667 668 669 678 685 696 703 711 729 739 744 752 766 767 
157: 0 3 7 14 18 20 22 25 26 32 35 39 41 42 49 52 64 70 73 87 96 99 101 102 104 108 119 120 121 122 123 124 128 129 139 146 153 155 163 171 174 178 193 224 226 230 232 233 235 236 249 251 254 260 279 281 286 301 302 303 304 309 310 313 314 318 319 330 335 344 345 348 351 356 364 365 371 372 375 383 392 396 403 406 414 418 442 449 455 458 461 463 468 482 483 486 491 498 499 500 502 503 505 524 529 532 539 540 544 548 556 557 558 560 562 564 567 576 579 580 587 588 589 592 594 605 618 626 635 636 652 664 667 671 675 676 692 693 695 697 698 706 709 711 715 718 722 736 738 747 750 751 755 756 762 766 771 
173: 2 5 8 10 12 13 16 17 23 24 32 36 37 41 43 47 48 50 51 52 53 54 78 88 93 96 111 121 122 124 129 132 141 150 154 155 156 159 163 167 178 184 191 197 201 203 205 207 209 210 213 215 224 229 242 247 252 253 255 258 261 263 265 270 276 277 279 281 288 299 304 313 321 326 337 338 342 343 345 352 355 358 364 367 368 372 373 376 389 402 404 409 414 416 423 424 426 429 432 433 439 446 449 452 455 460 461 462 472 480 500 516 520 525 538 539 543 546 548 549 552 557 563 564 566 568 570 605 612 614 619 620 622 626 631 632 633 636 641 645 651 653 654 661 662 663 665 676 682 695 696 699 709 716 718 719 720 726 727 731 733 735 738 741 742 743 747 754 759 760 761 764 776 
152: 12 16 26 30 31 32 33 41 63 67 75 80 81 82 83 97 99 102 104 110 123 126 130 134 137 140 141 142 145 155 168 174 175 176 180 193 199 201 205 209 211 220 233 234 244 251 262 268 272 276 277 278 281 283 284 288 291 292 293 302 307 325 332 333 334 337 340 342 360 365 366 368 379 380 383 388 389 397 402 407 409 419 429 443 449 451 454 455 462 469 470 474 478 489 492 495 497 500 504 510 518 519 521 535 537 541 543 544 550 556 570 572 579 588 595 601 602 606 608 610 616 617 621 630 645 650 652 667 683 691 694 697 698 708 715 716 720 722 726 731 733 739 741 744 746 747 763 764 766 768 769 770 
159: 0 26 34 36 38 41 50 56 57 67 79 84 91 97 104 107 118 129 132 134 139 140 142 145 151 153 155 156 161 167 180 189 192 193 204 208 212 218 219 221 224 226 232 235 240 244 259 260 264 265 276 282 284 294 296 303 308 310 317 322 325 327 330 336 348 352 354 355 357 361 369 371 372 378 379 380 382 385 387 391 394 412 418 426 435 439 442 443 444 445 449 453 454 481 491 493 503 504 517 520 523 529 531 533 536 537 538 541 543 545 555 560 561 564 565 576 586 588 598 605 613 617 628 634 639 645 646 652 656 657 659 660 661 667 668 675 687 689 715 717 718 720 722 723 725 727 731 736 739 749 750 755 758 759 760 769 770 773 774 
163: 9 10 16 17 28 29 34 35 38 43 48 51 56 68 72 77 79 82 85 93 99 100 104 106 111 116 127 132 134 142 143 152 164 165 175 180 188 194 199 204 207 209 220 226 234 237 238 239 246 248 255 256 257 258 262 265 268 274 276 279 285 289 298 304 306 307 308 309 313 321 322 323 326 329 332 339 341 344 347 352 358 360 366 367 371 375 382 385 387 405 408 409 413 417 426 429 436 441 444 447 456 464 470 474 475 485 487 497 498 502 506 507 527 529 545 549 551 560 565 573 576 583 584 594 603 605 606 608 614 617 626 627 634 640 657 666 669 674 676 682 697 705 707 717 719 721 722 723 725 728 729 736 740 743 749 751 752 755 759 765 769 772 773 
157: 9 10 19 20 25 34 36 52 54 61 66 67 70 73 74 81 82 84 85 95 97 104 110 111 115 123 129 137 143 150 151 158 171 172 178 185 186 189 195 206 210 212 215 218 231 234 235 247 249 255 259 267 272 279 281 286 288 302 303 310 333 335 344 364 370 373 375 380 387 389 402 407 415 419 427 431 432 452 455 461 472 474 481 483 509 511 526 529 532 538 540 543 547 552 556 563 567 568 569 572 575 576 577 579 583 588 592 596 597 599 613 614 615 617 618 621 622 624 628 637 638 642 645 650 651 656 657 660 663 668 674 675 678 679 680 685 688 689 692 694 697 699 703 713 716 726 727 737 740 741 745 749 753 761 763 768 772 
167: 1 2 7 14 16 21 24 25 27 36 43 50 54 60 61 62 71 72 79 80 82 83 85 91 92 103 105 106 107 113 120 122 126 129 139 140 142 143 147 149 152 155 156 168 169 170 171 178 182 191 195 200 202 205 208 212 215 222 229 245 254 257 258 265 266 267 268 271 277 284 285 288 296 297 304 310 327 332 333 342 347 352 358 359 364 365 366 368 370 383 388 404 408 410 411 414 415 422 427 431 443 455 460 462 463 465 467 469 474 475 477 479 480 487 491 494 495 498 500 502 509 510 519 521 525 535 549 564 566 570 579 586 591 592 594 599 602 605 607 608 609 613 620 629 646 658 659 671 672 685 701 704 710 711 713 715 721 722 729 745 746 749 752 756 761 771 772 
144: 18 19 20 24 25 28 29 35 37 40 42 63 67 72 73 75 76 77 80 82 83 90 92 103 104 108 112 113 117 127 133 135 149 154 159 163 185 198 200 202 206 209 210 225 226 234 236 243 250 251 265 267 277 281 283 289 296 297 298 300 315 324 325 331 332 337 342 348 350 362 363 367 371 382 383 409 410 412 418 422 436 439 443 444 445 450 452 455 458 460 475 487 489 503 520 526 532 533 540 551 552 554 568 573 587 590 591 598 599 601 607 611 626 634 637 645 647 651 654 658 659 673 678 679 687 691 693 694 705 709 710 717 723 731 734 735 736 745 747 748 749 753 769 775 
148: 6 7 10 17 19 26 31 41 43 46 58 70 75 76 80 82 85 88 105 109 110 116 121 122 133 148 151 163 164 166 173 178 181 197 205 208 209 212 213 215 217 223 225 227 229 238 242 244 259 260 267 270 276 284 286 290 293 307 315 320 330 335 338 341 342 349 351 352 356 368 371 384 386 417 428 429 430 431 435 436 442 447 450 451 452 454 455 461 467 472 473 477 486 488 495 499 502 518 521 528 536 541 545 549 554 574 577 580 581 585 589 594 598 600 602 605 606 609 624 631 632 637 643 648 655 664 665 669 670 673 675 679 685 686 692 693 703 712 713 715 726 730 735 739 741 761 765 772 
153: 0 6 14 15 17 26 31 33 36 42 46 48 49 52 71 79 90 102 106 115 118 126 134 138 153 155 161 162 166 169 173 177 178 193 198 205 207 211 217 218 219 223 226 228 244 245 255 256 258 259 263 265 266 277 280 282 287 298 299 312 322 340 341 345 346 353 354 358 360 364 368 370 379 380 382 389 390 404 405 411 414 419 421 423 425 437 447 462 463 464 469 475 477 482 484 487 488 497 505 506 509 511 517 521 522 529 537 538 542 546 550 553 557 560 569 571 581 585 599 603 611 617 618 621 631 634 636 642 650 665 668 676 681 683 696 703 707 710 714 719 723 725 730 734 735 742 743 746 750 751 765 766 775 
144: 7 11 23 27 28 29 36 40 41 50 57 61 70 71 78 80 83 86 92 93 96 97 117 122 123 129 130 131 132 142 153 155 156 162 163 167 173 176 186 188 195 199 209 214 215 226 251 257 259 289 303 308 310 311 313 323 331 336 356 358 366 368 376 384 386 387 392 395 400 405 407 417 421 423 432 440 446 459 464 472 488 493 494 500 504 508 515 516 521 525 528 532 541 544 548 558 559 567 569 583 594 598 608 612 617 621 622 624 639 642 643 644 646 649 654 662 664 676 677 679 681 684 686 690 694 696 702 713 717 725 732 736 737 740 748 749 751 752 754 755 760 763 765 766 
160: 9 11 12 15 23 24 27 35 42 49 59 73 74 86 90 95 102 108 114 115 123 128 132 138 141 152 157 158 162 170 171 174 176 187 199 202 206 210 221 223 224 225 229 231 236 238 240 244 245 246 251 266 274 279 281 285 286 294 310 314 317 319 323 324 331 334 341 342 344 347 355 356 360 367 372 373 396 397 404 415 419 424 430 436 438 439 447 455 457 476 478 479 481 487 492 493 494 495 505 506 513 514 515 517 523 533 535 536 538 540 542 543 545 547 549 562 564 572 574 577 579 581 592 593 601 612 614 625 639 650 654 658 674 678 679 686 689 696 702 706 707 715 716 720 722 724 728 736 739 744 747 749 751 756 765 768 771 772 773 774 
146: 17 18 37 54 73 76 77 82 89 91 92 94 97 100 103 108 109 110 112 117 121 124 129 148 160 165 166 167 168 180 182 183 187 194 196 199 211 212 217 227 228 239 243 251 261 263 267 268 269 274 276 277 282 283 291 303 304 310 324 325 326 329 345 346 360 361 368 370 379 388 389 390 391 400 402 424 428 432 437 440 450 456 457 460 466 468 482 483 484 497 499 500 508 509 514 516 518 531 537 541 548 549 565 575 581 586 589 593 595 601 612 615 623 625 630 634 636 642 643 649 659 662 666 668 675 687 688 694 697 702 703 707 712 717 718 725 727 733 736 741 746 750 757 765 769 774 
142: 1 3 8 9 14 17 18 23 24 25 26 28 34 40 48 53 60 63 69 71 72 75 86 90 93 105 106 115 122 123 141 142 149 154 157 159 161 170 181 195 196 207 209 212 213 217 220 221 229 230 234 235 246 256 266 269 274 284 288 296 298 299 303 306 316 327 335 344 346 351 355 364 367 374 375 383 392 395 396 409 416 419 425 433 436 438 440 445 446 452 491 497 510 513 515 522 529 532 535 539 545 555 556 559 573 584 601 614 615 618 622 632 634 635 638 645 646 647 648 652 654 658 663 670 674 676 677 686 698 707 720 724 725 741 742 743 750 759 760 761 762 769 
159: 8 12 18 20 30 39 45 57 59 61 62 64 66 67 68 69 79 90 96 99 101 102 104 107 108 112 115 118 123 124 126 127 129 131 133 137 138 140 141 143 145 148 157 161 164 168 169 172 178 183 191 192 193 195 202 211 214 215 224 226 227 231 235 236 240 258 264 273 278 284 288 296 308 309 312 317 321 322 323 334 342 350 354 359 360 371 375 377 378 384 386 390 400 410 413 422 438 445 446 449 473 490 491 502 504 506 514 515 528 532 537 553 554 557 558 562 571 574 575 579 581 590 591 592 593 594 603 615 621 636 637 639 645 656 672 675 676 682 687 699 703 706 709 711 719 723 737 740 742 748 754 755 758 760 762 764 765 773 775 
149: 0 6 15 16 23 28 31 32 35 40 42 51 70 75 81 82 92 95 101 103 104 111 112 114 116 125 126 129 131 143 150 153 158 160 171 172 175 176 184 187 189 193 195 198 212 218 221 223 237 243 247 253 255 262 267 278 280 285 287 288 299 302 307 310 312 317 320 324 331 341 349 355 365 369 375 376 377 385 387 391 393 395 404 408 420 433 446 447 452 453 460 466 467 479 482 483 491 492 493 497 498 501 502 506 514 519 520 521 523 537 548 553 557 558 560 569 574 583 587 598 602 608 613 631 635 638 640 647 651 657 669 678 685 695 698 699 701 723 724 735 736 740 741 743 761 764 766 772 775 
163: 4 8 13 16 20 30 35 41 42 43 45 49 51 57 58 67 68 70 77 92 93 95 99 100 111 122 123 126 128 134 161 163 175 185 186 189 190 194 199 205 206 227 228 237 242 244 247 259 263 270 283 299 306 308 310 316 321 322 323 324 326 332 336 340 343 345 347 352 371 373 374 375 385 389 400 401 406 415 418 419 420 430 434 441 445 449 450 458 459 460 463 464 468 473 475 478 482 493 496 497 500 507 510 515 523 535 541 545 546 555 559 567 569 572 574 577 578 579 585 592 593 596 599 603 607 621 624 630 648 650 651 653 654 655 656 662 669 674 676 678 682 684 693 697 709 718 719 721 732 739 742 745 746 748 750 753 760 762 765 767 769 771 773 
160: 2 10 12 15 22 24 27 30 31 36 37 38 42 57 58 61 69 70 83 91 97 104 125 128 133 143 146 149 152 154 155 168 169 177 183 187 192 194 199 211 215 216 217 223 247 252 254 255 259 262 264 271 275 282 290 296 297 299 307 315 322 327 336 345 346 355 364 370 376 380 383 384 390 394 397 398 403 405 407 411 414 417 426 428 432 433 437 439 456 457 464 466 472 476 479 480 483 484 491 499 505 511 513 529 537 538 552 553 558 560 561 566 573 574 576 578 581 584 587 591 594 595 596 631 646 651 653 655 660 662 666 669 670 671 676 678 681 686 690 692 693 710 711 712 715 719 724 733 752 758 759 760 762 763 766 767 768 771 774 775 
158: 13 14 15 26 29 33 40 45 55 56 57 58 78 84 86 93 98 100 105 107 109 115 116 118 123 124 125 132 141 143 154 165 167 169 178 184 191 201 202 215 219 226 232 233 234 240 243 258 268 277 283 296 301 303 308 311 317 322 325 341 342 344 346 348 349 352 353 357 377 385 386 395 396 405 410 414 416 422 425 427 431 432 439 448 466 467 471 476 477 486 494 495 498 500 501 502 505 518 523 525 531 532 533 535 540 542 543 545 551 556 565 570 581 583 587 596 601 602 606 608 610 611 613 617 619 631 633 636 637 639 647 648 651 656 666 668 674 693 697 699 700 715 716 722 723 734 741 752 753 756 758 759 762 763 766 767 773 776 
137: 3 6 8 12 23 30 31 43 45 54 58 61 63 67 71 73 75 91 92 93 95 106 112 116 127 130 132 133 142 152 155 157 166 167 178 184 186 188 197 212 213 219 224 226 229 246 249 256 257 261 266 267 278 290 291 301 307 310 313 316 323 326 331 334 338 339 341 342 343 346 348 350 368 375 393 396 402 409 420 426 427 432 441 443 451 452 468 469 496 497 504 507 509 525 535 536 543 546 549 554 558 571 573 575 586 594 597 600 605 614 615 619 622 623 628 630 635 640 641 652 654 659 663 665 674 696 697 712 727 734 738 744 748 753 761 768 775 
155: 16 20 26 27 30 42 49 52 53 54 59 62 68 73 74 80 81 96 97 121 127 128 134 135 141 152 160 161 172 184 198 207 208 211 215 223 228 229 232 233 238 245 257 258 260 263 264 272 279 281 289 294 295 296 302 305 306 307 312 316 319 322 324 330 332 335 339 341 342 347 351 355 373 374 377 381 388 391 398 407 416 436 450 452 453 457 462 463 473 483 486 489 490 500 502 508 509 514 517 521 535 542 544 545 565 568 569 571 574 579 580 586 587 589 595 596 598 604 610 615 623 626 633 634 639 653 654 667 669 673 678 679 688 690 698 706 712 715 718 720 721 722 723 735 736 738 746 749 752 754 757 765 766 772 775 
153: 10 20 21 24 25 33 41 55 63 67 74 79 81 82 95 98 99 110 112 113 114 119 121 132 137 150 164 168 175 178 181 184 187 196 200 206 214 219 221 228 229 231 235 239 240 248 249 252 258 275 287 288 291 299 301 308 323 325 326 327 330 333 336 341 347 352 355 358 370 374 375 376 379 381 385 386 389 390 393 394 397 398 400 410 420 428 431 440 448 449 450 456 467 472 480 484 489 490 504 509 515 521 525 526 532 534 547 550 559 561 564 565 570 573 578 583 585 597 602 605 609 612 613 614 622 623 628 629 638 644 648 652 655 664 672 674 682 701 706 708 710 711 724 733 737 740 741 744 753 754 762 763 773 
160: 2 6 9 10 12 13 20 30 32 46 48 52 56 66 68 73 78 87 88 90 91 96 97 105 106 108 127 130 131 142 151 159 163 166 172 176 179 181 182 185 187 192 194 201 221 223 226 227 228 232 233 234 242 251 253 255 257 262 265 267 270 275 284 285 287 294 299 304 310 315 319 324 328 330 335 345 349 351 366 369 378 379 385 394 397 399 401 402 404 405 422 437 438 441 467 475 480 482 488 489 493 497 500 514 519 521 525 526 528 530 532 538 540 542 544 546 550 556 563 570 575 579 581 583 585 594 596 600 608 609 615 618 619 623 624 640 645 647 659 660 662 664 667 676 690 692 696 698 704 724 726 729 736 744 745 750 758 761 764 767 
152: 8 14 18 26 35 41 42 43 50 52 53 59 61 62 66 68 71 105 110 115 120 133 134 140 149 160 167 173 174 178 180 182 199 200 201 209 210 218 221 225 230 243 244 245 247 249 266 274 280 283 288 290 291 293 295 306 309 314 316 318 324 325 330 333 339 340 349 350 351 366 373 378 386 390 416 417 418 421 430 433 434 440 443 444 460 465 484 491 493 499 505 507 509 514 521 524 525 527 528 532 534 537 538 550 552 554 560 563 565 575 580 581 582 583 588 598 603 606 610 612 615 622 623 625 627 637 638 639 647 657 660 661 667 675 679 685 695 700 701 705 706 718 729 731 736 746 748 751 752 768 771 772 
163: 6 7 8 11 12 21 22 25 26 31 36 44 45 46 52 74 75 82 107 113 122 126 127 131 138 143 146 157 160 162 171 173 176 177 178 180 188 191 195 199 224 228 229 231 232 233 236 238 240 257 259 263 265 279 285 287 290 295 297 305 314 317 321 330 334 336 349 353 355 360 364 370 377 380 386 395 397 400 403 404 408 410 415 417 419 427 429 430 432 436 438 446 451 454 461 462 470 472 483 485 491 496 508 515 520 521 529 530 537 542 544 553 556 558 560 570 572 574 577 579 580 585 586 594 603 608 624 626 632 635 643 648 650 656 657 663 666 667 669 671 673 676 683 684 685 687 695 699 714 717 731 735 737 738 739 741 746 752 757 761 765 766 768 
160: 2 12 22 25 44 57 61 70 72 79 83 85 89 90 98 109 113 117 119 136 140 143 147 149 150 154 158 164 173 177 179 181 187 195 196 202 208 210 214 216 219 223 242 248 257 258 279 290 304 305 306 312 317 318 322 327 330 333 337 348 353 358 364 374 376 387 390 391 399 400 401 405 408 411 412 416 418 424 426 430 433 440 442 444 447 450 452 459 467 470 471 473 476 478 485 490 491 493 499 502 503 504 505 508 510 513 518 535 537 538 540 558 562 564 566 568 572 574 576 578 582 598 600 609 616 621 630 632 639 644 645 655 659 663 668 669 671 672 677 679 696 701 702 708 711 713 715 716 723 728 730 731 733 738 739 744 749 760 768 771 
160: 4 5 8 12 26 29 41 44 47 49 51 52 54 61 63 85 86 92 94 101 106 110 112 123 124 142 145 147 148 152 161 162 178 189 192 199 203 208 209 218 220 224 229 232 233 236 242 255 261 266 270 273 274 276 279 281 282 284 287 303 308 311 315 322 325 326 327 332 343 348 358 359 367 368 370 378 386 388 396 398 399 400 403 405 408 411 413 414 416 417 421 422 423 433 438 443 450 451 457 465 471 477 478 493 501 511 513 518 526 534 543 547 548 552 557 559 561 562 563 568 573 574 575 576 577 579 583 586 601 606 611 621 633 641 648 655 663 666 673 681 686 689 690 691 701 704 705 707 718 720 730 731 735 741 748 751 757 764 770 776 
147: 4 5 8 20 24 31 35 37 47 59 62 66 68 71 74 77 86 94 98 101 103 104 111 115 116 117 124 126 147 160 172 175 176 177 187 190 191 195 200 202 206 208 209 211 214 220 231 234 241 243 248 252 263 281 283 286 298 302 323 329 333 344 345 352 357 360 362 367 372 374 376 377 388 390 391 403 404 405 420 436 441 443 446 455 466 468 490 510 518 519 526 527 530 532 536 539 542 543 547 552 558 559 561 562 563 565 574 583 584 587 590 593 595 600 604 613 614 616 617 619 628 650 651 654 656 669 682 683 684 685 688 694 695 709 710 714 721 729 733 735 738 750 754 762 764 770 775 
130: 8 10 15 17 31 34 46 56 63 65 71 73 92 93 100 103 104 105 109 115 119 123 129 132 135 138 139 147 151 153 160 164 165 170 180 182 184 197 199 207 209 245 255 271 278 279 285 286 288 291 296 308 325 337 341 344 350 352 355 361 363 366 369 378 382 394 398 419 428 430 436 441 442 450 453 455 456 479 484 487 496 502 506 518 529 534 542 545 552 553 554 556 558 561 563 564 573 579 580 586 587 595 617 619 633 646 648 649 652 657 662 671 685 690 691 692 696 699 700 716 725 726 734 735 736 743 746 753 754 763 
148: 4 23 25 32 37 38 44 51 53 66 79 84 89 100 103 111 112 125 127 132 133 136 138 141 151 152 155 159 160 169 178 194 195 205 210 215 222 224 235 237 238 241 243 245 246 247 248 250 255 256 263 265 268 270 282 285 286 288 290 293 303 316 317 323 328 329 337 344 348 351 363 369 378 380 382 400 402 409 411 412 422 425 434 447 451 457 459 467 473 477 479 480 493 499 506 508 510 512 524 531 536 540 544 545 552 553 558 567 571 575 577 578 580 584 585 588 592 594 602 611 626 634 638 639 652 658 675 677 680 684 687 689 693 703 709 712 716 726 727 730 731 735 736 741 755 759 769 772 
151: 2 6 16 21 29 33 36 37 38 39 45 59 62 66 67 71 76 79 83 85 88 97 103 109 112 115 119 124 127 129 134 142 149 157 158 160 162 166 167 207 210 215 216 219 222 230 231 232 233 238 240 241 244 246 248 249 274 278 290 293 299 301 306 307 309 314 318 326 334 336 346 357 365 369 372 373 386 393 397 398 408 409 413 416 419 424 441 444 453 456 459 460 461 471 476 482 484 487 488 490 502 516 520 521 523 526 537 543 549 554 564 578 579 582 583 587 592 601 603 614 615 619 624 627 636 640 651 655 657 668 673 676 679 687 690 691 700 710 714 717 731 736 743 746 748 753 759 760 764 767 771 
171: 6 7 17 23 24 29 32 34 36 45 62 64 71 72 76 81 84 85 91 92 106 109 115 119 126 127 131 133 147 150 155 156 157 159 160 163 166 169 170 171 189 190 192 194 199 206 210 216 225 227 228 229 230 233 234 235 242 244 249 252 254 256 259 260 262 273 275 283 285 286 288 289 300 306 314 324 331 332 340 341 352 357 361 366 368 369 371 376 378 380 382 383 387 390 393 395 401 415 438 439 445 446 461 466 468 471 472 485 490 495 496 498 500 510 511 513 515 522 532 535 542 546 552 557 559 561 563 564 574 581 585 593 596 601 603 606 610 620 621 622 623 625 629 637 638 646 654 664 665 667 686 690 698 699 700 705 706 708 714 716 726 728 731 733 743 744 746 751 758 761 769 
151: 1 6 7 14 36 54 55 57 59 60 66 74 100 102 104 106 113 114 129 131 134 135 143 145 147 154 155 157 158 167 184 185 188 195 197 200 202 210 219 220 222 223 228 235 236 237 241 251 253 255 261 265 267 269 279 281 294 300 305 320 324 331 344 346 350 358 360 365 368 369 370 374 376 382 384 385 393 400 401 403 406 408 415 416 427 433 438 443 453 457 458 466 469 470 474 495 503 515 517 518 519 523 526 527 528 530 537 542 544 564 565 574 580 585 599 601 602 607 612 625 626 634 635 636 640 641 643 648 650 656 657 663 668 671 677 689 692 694 709 718 727 729 731 732 733 735 742 751 759 768 775 
155: 4 11 22 23 26 27 35 37 43 46 51 52 59 60 65 71 75 80 82 86 88 89 91 102 103 104 110 115 122 123 124 145 150 155 161 165 166 169 173 203 206 211 216 218 235 240 255 268 269 279 281 286 289 290 297 306 308 309 310 311 313 315 332 333 336 337 340 347 350 357 358 367 373 374 384 386 392 393 396 398 405 406 410 412 416 418 425 435 481 488 491 492 495 499 513 514 520 525 531 532 541 545 557 563 566 570 574 593 596 599 604 607 608 611 614 619 620 622 623 624 636 637 639 644 660 662 663 664 669 670 671 675 681 682 683 697 706 708 709 711 714 715 718 723 724 726 731 743 744 750 751 756 762 771 772 
151: 0 5 8 15 18 21 35 37 47 51 53 63 66 67 69 75 91 99 101 106 109 110 114 118 120 122 128 132 135 143 157 159 161 164 165 177 181 182 188 202 203 210 212 214 217 221 222 236 238 246 253 268 269 275 279 284 297 299 302 305 308 309 319 325 327 328 334 341 346 348 351 352 363 366 368 373 375 385 390 396 399 400 401 414 418 419 420 421 427 432 435 437 443 444 446 447 451 460 467 471 476 481 487 507 519 520 532 535 555 566 567 568 575 578 581 596 600 603 605 617 626 630 633 634 635 637 641 644 657 660 670 673 681 682 685 686 687 702 713 730 736 739 750 752 754 756 762 763 772 773 774 
179: 5 8 13 16 18 22 23 26 27 30 35 46 55 56 64 70 71 78 80 81 84 86 90 97 99 101 103 111 114 116 117 119 127 129 133 140 144 147 148 151 158 172 175 177 179 188 189 191 193 195 198 204 205 207 213 215 217 219 228 230 238 242 243 245 250 253 255 263 265 269 271 273 287 291 293 295 301 302 306 307 317 319 323 330 356 359 365 366 370 371 376 388 391 395 396 398 411 413 426 427 429 431 435 439 447 451 460 484 486 487 495 496 507 509 512 514 521 527 529 530 531 536 540 551 554 561 572 573 574 582 587 589 591 597 599 600 604 608 612 617 620 621 625 627 632 633 637 642 646 654 655 657 659 662 663 667 671 682 686 689 692 697 699 705 709 712 716 720 729 731 741 743 755 763 764 765 769 772 776 
140: 3 6 18 19 24 28 35 45 51 53 56 60 61 62 66 68 70 71 77 83 87 100 109 110 115 117 129 133 134 135 136 146 156 166 168 170 172 180 187 192 194 196 200 203 206 208 210 213 224 239 241 245 246 247 250 257 268 287 289 290 298 312 320 329 332 340 343 346 349 358 368 385 393 401 404 405 408 409 415 417 423 425 458 461 463 465 472 474 478 482 493 507 510 513 520 527 529 543 547 549 551 554 557 561 562 569 571 574 576 578 579 588 594 598 608 610 611 639 641 654 659 663 665 677 678 696 698 699 712 721 732 735 740 748 758 762 763 764 766 769 
158: 2 13 17 20 21 22 28 34 39 41 43 48 69 83 105 114 118 121 122 132 133 136 137 138 139 141 143 156 162 163 174 176 180 182 195 197 200 205 208 209 217 219 235 238 243 252 256 259 260 261 265 271 275 293 294 297 302 305 306 308 314 316 317 320 322 327 330 334 337 344 345 346 347 353 358 366 369 372 382 386 390 394 395 410 417 419 437 446 447 461 466 467 468 479 484 490 491 495 502 503 507 513 515 517 518 519 521 523 526 527 534 546 547 553 554 562 563 565 566 568 571 573 582 583 584 585 586 587 589 590 591 593 607 617 620 624 627 628 638 641 643 659 671 681 682 699 706 711 725 727 728 730 747 761 763 766 772 775 
139: 0 3 7 8 26 38 49 53 69 75 77 79 90 96 101 103 112 113 115 119 120 122 129 130 131 135 137 141 142 150 152 155 159 181 202 213 221 228 235 237 242 244 276 285 288 289 295 301 305 313 315 324 327 330 342 350 351 355 359 364 372 377 379 382 384 390 393 395 400 412 413 415 416 433 438 451 452 455 458 459 468 469 470 472 482 485 486 491 493 494 503 504 505 509 524 534 535 541 542 543 561 562 564 565 581 593 595 615 616 617 636 639 640 642 644 645 647 649 653 655 661 671 672 677 678 687 702 714 720 721 743 745 750 757 764 768 769 770 772 
169: 1 4 8 14 17 25 40 43 48 57 58 59 61 62 67 71 78 79 80 81 83 84 93 103 113 115 118 128 135 137 139 141 152 153 157 163 166 169 173 174 179 184 185 190 199 202 206 220 226 238 243 257 259 265 271 276 282 286 289 297 299 304 305 306 309 326 328 330 332 337 345 346 348 352 356 362 364 367 377 386 392 406 414 420 423 425 427 428 429 440 444 445 446 448 452 453 455 460 461 478 488 489 496 498 503 504 513 518 521 522 523 524 528 529 535 541 551 569 575 576 579 586 587 589 599 604 607 609 611 612 613 622 623 625 626 628 631 644 657 663 664 665 666 668 685 686 687 688 690 694 714 721 724 725 728 733 734 740 741 745 747 753 760 761 763 765 768 769 773 
155: 3 6 13 15 17 19 20 23 32 52 55 63 69 84 104 105 111 113 118 130 141 145 147 154 157 158 159 163 169 172 178 193 195 198 199 205 208 209 210 212 213 219 222 229 233 238 239 240 252 253 259 264 266 267 269 271 276 287 293 300 301 302 304 306 316 322 339 340 342 346 347 348 355 357 358 362 367 374 380 389 392 394 400 401 402 407 413 414 421 428 431 436 437 447 456 461 468 469 474 490 498 502 514 517 521 525 529 531 532 536 540 551 552 556 559 568 571 575 576 579 583 596 598 602 603 606 611 613 614 615 620 627 634 637 649 652 655 666 669 670 672 685 700 713 715 721 722 726 741 743 748 749 755 767 774 
143: 1 7 11 14 22 23 30 36 45 49 51 52 58 61 66 75 77 92 98 106 118 120 134 151 152 161 162 172 180 184 185 186 187 189 192 199 207 209 217 219 225 226 231 232 233 235 259 264 268 269 276 278 282 284 285 287 297 302 304 307 312 313 319 327 332 333 335 336 351 367 368 379 380 409 422 432 436 449 482 486 501 506 507 508 514 521 527 531 534 543 546 559 563 564 568 570 571 586 587 591 592 596 600 603 623 633 635 636 640 643 650 653 655 657 661 664 668 672 675 679 684 690 698 701 702 703 706 713 725 729 730 733 734 736 737 738 746 754 758 761 762 771 776 
179: 9 13 15 18 21 22 25 33 41 42 43 44 46 52 63 68 81 83 88 89 90 91 99 103 104 118 122 124 126 128 132 134 137 140 141 142 149 151 152 166 170 172 178 188 197 199 201 209 218 240 256 263 267 273 277 281 282 290 295 297 298 301 306 313 318 319 320 333 336 338 340 341 342 343 356 357 359 362 365 369 376 381 391 402 410 411 413 414 417 419 420 429 430 436 441 444 448 449 457 459 467 469 471 475 484 485 488 492 507 510 516 529 530 531 537 538 539 545 547 548 551 552 554 558 559 565 569 576 578 581 585 587 588 591 596 603 605 617 620 624 642 644 646 653 658 664 667 669 670 675 677 680 686 687 692 693 701 704 707 709 713 715 718 720 724 725 740 742 744 747 757 759 762 763 764 765 766 767 776 
158: 4 14 16 21 22 35 51 55 59 60 69 70 86 91 94 99 110 113 117 125 129 133 141 150 164 172 179 181 182 196 203 205 209 211 216 220 224 225 227 232 238 241 245 246 262 266 272 275 278 284 285 287 290 291 292 299 303 313 314 315 317 321 327 334 335 346 349 350 358 364 370 377 379 381 388 389 390 392 399 401 402 403 410 413 417 422 423 431 435 444 453 456 460 466 467 469 470 476 478 489 490 492 493 510 516 521 525 527 531 536 538 557 561 572 585 587 590 594 600 606 608 623 629 640 648 650 653 654 656 669 670 678 685 688 689 691 692 694 696 698 699 700 702 706 707 708 713 735 738 744 747 752 754 758 763 765 767 772 
174: 8 10 34 39 40 41 44 46 47 49 52 59 68 69 72 75 77 80 83 88 90 94 95 111 117 122 126 128 129 133 137 140 152 154 163 169 170 172 175 183 185 187 196 200 201 206 209 211 213 215 216 221 226 243 244 246 249 256 267 268 269 271 277 287 289 292 296 303 309 311 312 314 317 321 324 325 326 328 331 334 336 339 344 347 348 349 351 352 356 361 365 373 378 379 380 381 398 400 405 406 409 410 411 421 428 442 457 466 469 470 475 478 480 485 486 489 497 501 502 515 528 539 540 543 544 547 551 559 571 574 579 584 586 591 598 602 609 612 614 616 621 622 633 634 636 643 647 649 654 657 662 668 676 686 690 697 706 708 709 710 711 713 718 729 731 736 740 747 754 755 760 762 768 770 
162: 1 4 12 13 16 18 19 23 25 36 40 46 47 50 51 56 67 79 87 88 90 91 105 107 111 113 115 119 120 122 129 130 133 135 145 152 161 163 165 185 187 188 189 191 196 206 210 211 217 221 222 227 229 252 255 256 268 272 281 282 284 292 293 294 297 299 317 320 327 331 336 345 352 355 356 363 364 380 386 388 389 390 403 406 408 411 412 417 434 453 457 460 463 471 475 479 484 485 491 498 508 513 516 521 526 528 529 530 535 540 541 543 546 552 553 560 566 571 573 574 579 583 584 586 588 591 596 602 603 609 611 616 622 629 632 637 643 658 661 662 663 679 681 686 689 694 698 699 707 713 714 716 724 736 738 748 754 757 765 769 772 774 
183: 9 13 18 19 27 29 32 34 35 42 43 45 50 54 63 67 69 70 74 80 82 83 86 93 98 100 104 108 117 119 121 122 125 127 130 136 139 143 144 145 147 149 155 162 168 172 173 175 177 182 188 191 192 195 196 218 222 234 244 249 251 253 261 268 269 276 280 281 282 297 300 311 313 319 320 321 323 324 327 329 331 333 335 344 345 355 362 364 366 372 383 393 415 416 419 434 438 450 453 454 455 458 474 479 484 485 486 502 504 507 509 512 513 514 516 520 523 525 527 533 537 539 548 550 552 553 558 560 564 579 582 585 586 587 601 608 609 612 619 621 622 626 629 630 632 633 635 637 639 643 645 650 652 656 661 676 677 680 690 692 693 694 695 703 704 707 708 711 714 715 718 719 720 727 728 745 749 753 754 756 757 766 776 
157: 1 3 6 12 13 26 37 50 51 53 60 61 67 69 71 72 75 78 79 88 97 98 99 100 111 113 126 129 136 139 142 143 148 149 163 164 166 169 172 175 180 181 191 193 196 200 201 211 216 218 230 233 239 241 251 274 277 286 294 297 302 312 313 319 337 340 341 342 347 352 353 364 366 370 373 374 376 395 406 421 423 424 430 433 437 439 443 446 448 452 453 454 465 466 467 475 479 493 495 502 508 509 511 512 513 522 533 536 542 550 552 553 567 574 580 588 591 600 604 607 608 613 614 621 625 627 632 634 638 645 646 650 656 661 663 668 669 672 682 683 693 701 703 706 719 726 733 739 740 743 744 746 755 762 763 767 773 
145: 7 9 10 11 16 24 26 45 48 50 54 55 60 63 66 76 82 86 87 93 98 100 103 109 114 117 122 123 130 131 132 133 147 149 151 152 158 162 173 175 177 180 209 213 220 226 235 242 244 261 262 265 267 273 277 285 292 303 304 306 313 319 333 338 348 358 359 364 366 374 382 397 405 413 416 419 420 423 424 426 427 430 439 444 456 471 475 479 492 494 500 502 506 508 518 519 525 528 531 532 539 544 554 557 559 561 563 564 569 575 578 591 594 603 606 608 610 612 613 616 628 631 634 639 644 658 664 670 688 690 694 717 718 722 736 738 739 742 748 752 758 759 761 773 776 
160: 3 4 8 9 10 12 18 20 23 24 29 35 36 56 57 64 71 74 81 83 85 90 93 94 99 117 127 128 131 136 137 139 146 148 156 158 164 165 166 170 173 176 177 180 185 194 208 209 215 219 224 227 231 237 243 250 253 255 259 261 269 282 287 288 298 309 315 318 322 324 325 344 345 354 355 358 362 369 376 390 392 403 404 407 419 422 423 425 431 434 435 437 442 468 476 477 484 492 499 500 501 504 505 508 509 513 524 529 537 546 547 548 550 558 573 574 578 592 593 595 598 605 609 614 625 628 630 631 632 636 644 647 648 650 659 671 678 679 688 694 696 702 704 706 710 714 723 724 725 726 730 735 739 743 747 748 751 758 766 767 
168: 11 17 22 24 28 32 37 39 46 47 48 55 56 57 58 64 65 71 78 80 88 95 102 105 114 118 121 124 127 128 129 134 137 138 141 142 145 153 154 155 161 168 183 185 196 208 213 214 215 216 219 229 231 234 236 243 247 248 250 251 260 261 265 268 274 278 280 282 289 290 295 296 298 306 320 321 323 324 336 338 339 341 342 350 352 353 365 369 370 381 388 393 400 404 412 413 416 422 431 435 436 437 451 457 467 470 473 474 475 478 479 487 492 493 494 498 503 507 512 520 527 529 534 545 546 550 557 558 578 585 590 601 605 612 618 620 631 634 635 637 643 644 651 656 659 668 676 680 682 685 693 706 709 711 714 716 717 719 724 727 732 733 738 744 748 750 753 760 
147: 1 11 12 16 22 54 55 68 75 80 82 83 94 104 109 118 136 142 147 160 170 172 174 175 176 179 180 187 189 190 195 196 204 214 219 221 223 225 247 253 254 267 272 273 279 282 286 289 294 301 304 308 309 313 317 325 327 330 332 339 347 352 356 362 369 372 377 379 381 387 389 395 400 408 410 412 414 442 447 449 459 462 467 471 472 477 492 494 497 499 502 505 517 526 528 536 537 545 550 553 557 561 563 565 570 576 578 585 590 593 595 599 604 606 615 628 630 637 645 655 656 665 671 673 676 678 684 685 700 701 702 703 707 709 716 717 720 735 736 745 751 756 760 762 764 768 772 
151: 8 11 14 28 29 35 36 38 48 55 58 62 63 66 69 74 75 87 97 108 110 115 118 124 126 128 129 141 142 143 146 151 152 170 175 177 186 189 195 197 198 202 204 216 226 231 232 236 237 240 247 252 253 255 258 259 262 266 276 277 279 280 285 288 299 300 311 315 316 317 326 327 332 334 339 345 349 354 364 372 375 383 384 395 396 406 420 421 431 432 442 449 451 453 460 464 466 469 472 480 485 488 490 499 502 513 525 543 545 547 557 565 569 574 576 577 578 584 589 590 592 595 600 603 609 624 625 641 644 652 660 664 671 672 677 683 684 688 691 693 697 701 703 707 715 724 744 745 750 752 764 
143: 9 10 12 16 25 27 30 37 40 41 43 45 55 57 64 67 69 77 81 82 83 86 90 93 97 101 103 104 107 113 117 118 119 121 125 130 131 134 135 136 140 141 143 145 151 157 162 173 188 212 224 226 227 238 241 254 271 288 298 304 308 311 312 329 332 334 340 342 350 360 361 364 369 372 384 386 391 406 410 412 413 414 416 431 432 442 451 452 465 471 473 479 482 489 491 492 494 502 508 513 519 521 528 533 557 562 563 576 583 592 595 602 610 611 622 623 635 636 643 652 655 660 662 668 675 678 680 699 711 713 716 717 721 730 731 735 737 741 743 760 761 762 767 
163: 12 22 32 33 39 43 46 47 49 53 58 59 61 67 75 78 84 86 94 109 111 112 114 121 134 136 140 150 151 153 155 165 166 171 172 176 178 180 182 184 186 193 206 231 233 235 240 255 259 261 262 263 265 268 270 278 286 288 291 294 297 298 300 313 315 322 332 334 337 339 344 345 350 353 357 360 365 385 391 404 406 409 410 411 416 419 427 429 442 443 449 453 456 464 465 466 469 477 478 482 486 488 494 498 500 501 502 507 514 518 519 522 527 529 533 535 537 540 545 550 558 574 577 579 585 586 589 590 594 598 603 604 605 610 624 625 632 635 655 656 666 670 677 682 684 685 695 702 703 707 716 725 729 731 749 753 756 757 759 766 768 771 773 
156: 6 12 13 23 37 39 41 46 52 58 64 77 84 85 93 94 100 109 111 116 117 126 133 137 138 148 151 153 158 160 165 166 167 172 175 181 203 215 230 233 235 236 239 240 245 252 255 257 261 262 268 271 273 274 275 277 279 281 292 296 298 315 316 324 325 326 328 335 341 347 357 360 362 365 378 380 382 393 396 399 406 414 433 439 446 447 449 452 454 476 481 483 484 485 495 497 499 500 501 504 508 512 513 516 530 533 542 543 546 555 557 558 566 572 575 579 581 585 590 603 605 607 610 611 617 623 631 649 650 653 655 656 659 662 670 672 682 684 689 703 707 713 717 720 722 727 730 738 740 744 746 750 751 752 757 766 
156: 3 18 23 24 25 32 45 46 48 51 53 54 56 59 60 64 68 70 74 75 78 84 86 87 94 115 121 122 123 125 126 127 129 134 136 151 159 161 164 175 177 183 185 186 190 194 203 205 207 211 216 218 219 223 227 230 235 237 243 244 247 248 252 269 271 282 287 294 295 299 300 305 308 309 311 321 331 338 339 343 355 359 360 366 368 374 375 380 386 402 404 405 408 413 424 428 434 441 444 460 464 474 478 479 487 492 503 505 511 525 533 535 543 550 551 554 566 568 569 571 572 573 578 585 598 601 608 609 617 632 636 643 662 669 678 679 683 684 694 701 702 705 707 709 714 717 720 721 735 740 743 746 750 759 769 770 
147: 4 9 11 15 16 18 40 47 56 59 65 69 75 78 80 81 86 96 112 115 123 132 134 149 150 158 161 164 172 173 175 180 181 184 194 198 212 215 217 218 221 223 224 228 231 236 243 246 248 252 254 258 276 277 280 281 282 284 288 289 290 292 293 298 307 321 331 332 335 341 342 344 347 349 359 360 369 376 383 391 399 401 406 410 413 422 429 430 432 440 453 455 457 460 463 471 472 474 482 498 500 525 527 532 544 546 548 552 561 562 563 565 575 584 586 597 603 604 607 608 618 622 628 633 645 647 657 664 681 685 687 688 692 711 712 713 715 720 725 729 730 734 745 746 751 766 776 
138: 3 7 8 11 12 16 17 18 20 26 29 30 31 34 38 42 46 51 74 85 91 108 109 128 130 137 143 151 160 177 179 181 191 194 198 208 210 218 231 236 239 243 247 248 256 266 267 276 278 279 296 297 300 302 303 308 314 315 320 325 333 336 340 342 350 356 360 367 375 377 379 387 406 413 419 424 425 427 448 457 480 484 487 495 504 509 511 512 513 522 523 527 530 536 537 540 554 556 557 570 573 583 584 585 586 590 609 612 621 629 634 638 646 653 654 657 658 663 678 681 686 688 689 694 697 702 707 710 725 729 730 731 750 751 757 758 766 775 
155: 1 2 6 7 13 21 28 32 35 36 37 38 43 49 59 61 62 71 76 77 80 81 91 98 103 107 128 136 142 147 150 153 156 162 169 174 175 179 181 189 199 207 212 223 229 232 237 239 241 242 245 248 249 254 262 264 272 273 274 277 281 285 288 296 299 300 302 309 321 337 347 355 358 360 362 364 370 375 378 392 396 398 400 410 414 421 423 430 431 436 443 446 454 455 461 465 469 472 477 482 494 499 508 516 524 526 527 528 530 533 539 540 542 549 552 555 561 568 572 593 596 597 598 600 604 616 620 636 637 652 659 661 666 667 668 679 680 683 687 691 693 697 701 702 704 713 716 721 723 726 731 742 754 767 769 
166: 0 2 5 10 17 36 40 42 53 55 56 60 72 81 85 86 94 108 117 119 122 128 142 146 154 155 162 169 171 175 178 179 183 187 192 200 201 206 208 213 215 219 221 227 229 230 241 242 243 247 254 257 258 269 271 280 283 285 300 302 308 313 314 317 320 325 335 339 344 346 347 355 356 358 363 364 375 378 379 384 385 386 401 405 414 421 426 427 437 440 441 442 444 449 454 462 463 472 475 477 478 479 481 483 485 487 497 503 504 508 516 517 521 522 526 528 529 531 538 551 556 557 560 563 564 567 568 583 587 588 592 594 595 597 598 599 600 607 622 629 635 637 641 644 653 654 664 665 667 676 678 683 695 696 716 720 721 723 727 733 734 745 749 751 764 773 
165: 0 1 12 18 19 21 22 24 25 27 32 36 43 46 47 60 62 67 69 74 79 83 86 88 97 99 108 115 116 119 123 131 137 138 151 152 154 155 159 160 169 171 172 173 181 182 186 187 193 195 198 199 201 203 204 206 207 219 221 222 227 237 239 241 250 255 258 260 264 265 271 274 278 284 287 297 301 311 315 321 322 324 326 327 329 330 334 337 339 353 358 361 362 370 377 382 390 402 405 406 410 416 424 430 434 436 437 443 444 446 447 452 453 463 471 481 487 496 512 524 530 535 545 551 566 573 574 580 583 585 590 591 599 600 613 616 618 621 622 626 636 638 639 644 649 663 665 669 673 679 691 696 707 710 715 716 731 739 747 748 757 764 766 769 771 
147: 0 2 9 11 19 20 23 25 26 30 36 52 59 61 99 100 111 113 115 126 132 138 140 154 156 161 164 177 180 184 202 204 213 215 221 224 231 234 236 240 244 249 256 264 265 268 269 273 275 280 282 288 290 295 301 310 316 319 327 329 351 354 355 356 363 371 378 382 389 393 395 398 405 408 410 413 415 416 419 422 424 426 444 451 459 466 474 478 479 485 489 490 491 492 495 504 513 515 525 551 554 556 568 582 589 591 592 595 596 597 605 607 616 619 621 623 624 633 639 645 652 660 663 664 665 668 669 670 674 685 691 700 701 704 709 717 723 728 729 736 755 757 763 765 767 770 771 
167: 1 6 7 9 17 25 26 32 33 35 36 38 39 46 49 50 52 59 65 68 80 83 86 96 104 112 118 121 122 131 132 147 152 153 156 163 179 185 196 209 210 218 219 225 230 234 241 247 251 255 257 270 278 279 288 289 293 299 300 301 306 309 311 317 321 327 328 340 344 347 354 357 365 369 377 382 383 385 386 388 390 393 394 396 398 399 405 408 412 426 429 431 441 445 447 448 471 473 478 479 480 485 487 488 499 501 504 515 516 519 520 526 528 535 536 537 539 541 546 548 561 567 575 583 593 594 595 601 602 604 607 609 610 612 620 626 634 635 636 638 641 643 651 655 662 665 667 670 672 680 684 691 697 700 702 705 709 719 722 723 730 731 758 767 772 773 776 
156: 3 5 6 24 26 31 38 43 44 47 53 65 66 71 72 85 94 104 106 110 117 121 124 127 128 129 130 135 141 143 149 157 160 161 164 165 170 175 179 180 189 192 203 207 208 210 212 220 227 231 232 237 238 245 246 261 264 269 279 281 304 307 311 315 318 319 331 343 356 358 366 367 368 370 379 395 406 411 431 433 435 445 447 448 455 463 469 485 489 490 496 499 501 503 510 512 516 524 525 526 531 533 543 569 582 598 600 601 605 609 610 619 625 626 627 637 639 642 643 647 650 651 653 658 662 663 667 673 676 677 680 681 683 689 694 696 700 704 705 706 716 721 725 731 733 735 749 751 752 759 760 761 767 771 773 774 
161: 8 11 12 14 16 24 31 36 39 44 50 52 55 56 65 75 77 78 79 81 94 97 98 99 100 104 106 109 113 117 119 120 124 129 130 146 147 161 162 172 175 179 181 187 193 196 199 202 206 215 220 224 226 231 234 249 252 260 284 286 297 300 302 303 306 311 312 316 317 322 324 327 331 334 346 356 359 365 374 377 378 384 390 394 400 401 405 409 418 422 428 429 434 470 476 477 478 479 482 484 490 491 499 501 503 504 505 510 515 522 531 532 534 542 546 548 556 568 570 573 583 584 588 596 597 605 633 638 642 645 651 652 653 656 661 662 663 668 671 675 677 680 681 684 686 694 696 699 705 706 710 718 720 725 736 741 749 752 761 763 770 
167: 2 9 10 22 26 32 41 48 49 51 55 56 63 64 71 74 75 76 79 80 87 88 90 95 99 107 109 110 115 117 119 120 128 132 135 136 145 149 152 153 154 162 163 170 183 192 193 194 196 201 202 203 206 216 218 229 251 253 256 260 262 269 282 285 297 299 304 308 314 316 322 324 326 331 342 351 357 359 362 364 366 368 382 389 391 392 397 398 401 406 415 417 418 421 433 438 441 447 452 458 462 469 472 473 479 481 490 494 508 511 512 515 517 520 521 524 525 532 538 549 555 558 561 574 580 585 591 599 602 603 606 607 608 614 616 628 629 632 634 637 655 670 672 676 682 684 695 698 700 703 712 714 719 722 724 729 732 733 735 739 740 742 749 755 764 767 770 
167: 8 9 32 33 40 47 51 53 59 62 76 77 92 106 107 109 113 116 121 125 127 129 140 142 147 149 155 156 168 175 177 185 188 189 190 191 204 211 214 220 226 227 232 235 239 240 241 248 251 252 253 267 268 269 272 276 287 302 307 312 317 322 323 329 336 343 348 360 364 371 373 374 376 382 383 384 388 392 395 401 402 404 405 407 419 425 429 431 441 450 452 455 462 487 488 490 492 504 509 511 526 532 536 538 540 544 547 557 566 567 568 569 570 571 591 599 606 607 610 612 613 623 625 628 630 631 632 634 637 640 642 654 656 657 658 659 662 664 665 668 669 672 673 674 679 680 686 687 699 701 708 712 714 721 722 725 728 731 739 740 741 742 752 753 761 763 765 
140: 5 8 9 13 15 20 27 35 42 45 47 54 57 58 61 67 79 81 83 87 95 108 110 113 114 136 137 138 142 152 153 157 161 167 171 178 182 184 185 187 189 200 202 206 207 210 235 244 245 247 262 266 281 282 283 285 287 298 305 316 326 335 345 346 353 358 376 379 383 384 397 425 426 428 429 436 446 448 466 475 478 481 488 498 503 505 508 511 519 524 528 533 542 549 551 555 560 562 564 566 584 586 588 597 600 602 603 608 609 611 617 618 620 622 642 648 653 658 659 662 663 668 674 675 679 688 693 709 713 714 718 730 735 736 744 749 762 768 772 775 
171: 6 12 13 16 20 26 39 42 54 55 59 66 67 71 79 87 90 91 92 93 96 103 104 106 111 122 124 125 127 129 131 139 144 156 160 161 164 168 170 173 182 183 189 191 195 198 199 202 204 208 216 227 231 234 240 270 273 283 284 288 293 297 299 322 325 326 328 329 340 341 342 344 348 354 363 364 368 369 371 372 376 382 383 388 389 406 407 408 421 426 431 433 438 439 440 443 446 449 452 453 455 456 457 462 464 466 473 476 481 482 491 501 507 520 527 540 548 549 559 561 563 565 569 570 572 590 603 604 605 608 616 621 624 625 629 637 647 651 665 667 668 671 679 681 682 683 684 685 686 688 693 702 706 710 723 724 728 730 731 736 737 745 751 756 758 761 763 771 773 774 775 
135: 5 11 31 34 46 48 49 51 64 72 75 77 86 91 94 98 100 105 106 113 116 122 136 137 140 148 156 162 163 169 176 189 197 200 214 216 227 231 243 247 248 249 250 251 252 254 263 275 285 292 297 299 308 311 315 325 326 329 336 340 343 353 358 359 365 367 379 392 394 404 438 440 441 443 444 445 448 451 453 456 457 458 468 469 475 482 484 491 495 497 506 513 515 523 525 532 549 550 561 569 586 597 599 600 605 621 622 627 629 630 631 637 638 639 646 649 652 655 671 683 689 690 692 697 699 712 722 732 738 745 747 756 759 763 771 
156: 1 5 12 13 16 28 33 47 53 60 65 71 75 81 82 84 87 92 100 103 110 114 122 128 130 133 138 140 147 152 155 158 160 162 164 171 179 183 187 188 190 197 198 200 220 225 227 231 232 237 241 243 261 262 263 266 271 275 276 282 293 300 302 304 307 310 312 319 321 322 334 337 339 351 356 367 370 377 379 380 384 387 399 400 401 410 416 419 422 432 436 437 438 451 455 463 465 466 467 483 491 492 501 502 515 516 522 525 535 538 541 546 556 558 563 564 569 572 577 579 586 590 594 595 599 607 614 620 622 637 653 672 673 677 678 681 684 687 690 691 693 696 698 699 703 707 713 718 729 736 745 746 769 770 773 774 
175: 1 7 19 22 28 31 36 37 38 40 41 43 49 61 64 66 68 73 75 90 103 107 113 119 120 121 127 130 133 137 139 145 148 152 162 167 171 175 176 178 183 194 202 203 216 227 237 243 248 251 257 261 265 268 271 272 276 283 292 294 298 299 305 306 315 317 323 331 332 337 341 344 345 348 350 360 363 373 374 375 376 377 379 384 390 398 401 404 405 411 416 417 425 426 428 429 436 437 438 441 446 452 454 455 461 462 467 468 469 481 487 489 495 498 503 510 512 526 528 529 533 536 540 549 552 560 561 564 570 571 575 582 597 599 601 607 626 629 633 636 637 639 642 644 647 649 653 662 666 675 680 685 687 688 694 697 699 702 704 706 710 721 722 724 735 736 742 744 750 752 756 759 762 769 776 
171: 5 7 15 21 24 25 45 48 53 54 62 67 68 73 75 87 102 111 119 121 123 132 136 140 145 149 150 152 153 154 155 164 169 175 178 179 180 182 183 184 186 187 194 199 203 216 218 223 224 225 226 229 231 233 244 252 256 257 261 266 270 275 276 277 278 282 285 289 291 295 307 309 312 318 319 321 329 333 356 360 367 373 384 389 390 400 408 415 416 430 431 433 442 445 449 450 456 463 470 473 479 484 487 488 489 490 492 495 496 501 503 512 517 521 530 531 533 537 542 554 560 562 565 566 567 580 582 587 595 596 603 604 606 608 618 623 628 633 650 659 660 662 668 670 673 677 681 683 684 685 689 698 701 702 706 708 714 719 720 730 732 738 750 754 757 760 761 763 764 769 772 
159: 12 19 25 33 35 39 44 49 60 62 85 88 89 92 93 104 112 120 124 128 130 132 146 147 156 158 159 161 170 178 184 185 186 188 199 213 222 231 232 241 243 250 251 262 268 284 293 294 316 320 324 333 336 341 345 350 356 360 366 367 368 377 384 392 394 395 401 405 409 412 416 418 426 428 435 438 442 457 458 470 471 475 477 483 487 493 499 500 502 504 505 507 519 520 522 528 536 544 548 549 552 559 561 566 572 577 579 590 594 596 599 600 601 605 612 613 615 633 637 640 642 645 646 647 649 652 654 656 658 663 667 672 673 681 684 688 695 696 698 702 704 709 712 715 728 729 731 735 736 741 749 755 760 762 763 764 768 774 775 
161: 0 2 4 5 12 13 15 16 20 23 32 35 44 46 48 49 55 59 61 62 72 73 76 77 81 92 93 109 120 122 123 127 128 130 131 133 153 154 160 170 174 180 181 187 192 194 195 196 202 207 216 220 227 238 240 243 247 251 252 255 259 260 264 267 270 271 273 275 276 280 281 283 285 287 289 291 293 295 297 302 303 307 316 321 327 331 333 338 347 357 361 362 375 378 380 384 394 395 398 412 416 422 427 445 458 459 472 496 497 502 504 509 523 526 543 553 560 561 566 567 577 578 589 600 601 604 605 606 612 624 628 630 635 643 654 655 662 669 677 679 682 683 687 693 695 699 706 709 724 726 730 734 742 746 747 748 749 761 763 766 771 
160: 1 4 10 13 20 30 36 40 46 47 55 57 59 66 67 70 87 94 95 100 101 111 119 121 125 132 139 140 142 146 151 160 178 183 184 187 192 195 205 207 211 214 235 238 240 243 245 246 248 263 268 270 271 292 299 301 309 310 313 325 326 339 340 341 343 346 347 383 387 391 394 399 401 405 406 435 437 439 440 443 444 446 451 454 465 469 478 482 486 488 491 499 500 502 506 510 514 526 528 530 536 539 544 548 550 559 562 566 568 569 572 574 576 579 582 583 589 590 593 594 596 599 601 611 613 614 615 617 622 626 632 636 642 645 646 651 656 663 665 672 673 675 676 681 685 686 690 694 698 702 706 710 713 721 724 728 730 734 741 742 
137: 9 18 20 29 30 38 49 54 60 62 64 67 71 76 86 96 107 114 125 134 142 160 164 165 166 175 176 178 186 188 210 224 227 228 230 233 236 237 238 240 241 242 243 252 253 257 265 267 269 273 285 290 292 296 297 299 321 325 327 333 343 345 362 374 379 380 382 385 390 397 408 415 430 437 440 443 445 450 451 452 456 486 489 491 493 500 509 513 519 527 530 537 540 542 543 544 546 558 559 560 574 580 582 583 584 590 597 600 601 606 607 610 613 623 628 634 635 646 654 661 668 671 675 693 695 703 709 710 712 715 726 741 755 756 760 761 762 
165: 24 31 32 42 44 51 52 53 60 62 64 76 81 82 83 98 101 104 105 107 109 111 118 120 127 128 132 133 134 136 138 143 150 152 153 154 159 161 165 178 187 196 201 202 219 231 232 244 248 249 252 255 257 264 270 278 288 290 298 307 308 310 313 320 321 322 323 331 334 335 346 347 350 354 358 363 365 367 372 378 388 394 401 406 411 414 416 430 431 435 437 456 457 461 465 466 478 485 487 491 500 501 504 508 510 511 513 517 519 522 525 533 546 552 555 559 561 569 573 576 588 592 599 601 608 613 614 621 624 629 631 643 644 651 656 665 666 668 675 686 687 691 693 694 698 699 700 704 707 712 718 723 725 726 731 741 742 745 748 762 768 771 772 774 776 
163: 0 14 26 29 33 34 35 37 51 56 58 61 64 65 67 70 71 75 76 86 100 101 104 111 112 113 117 127 137 138 140 143 145 148 155 157 160 167 169 172 177 182 189 192 199 205 207 208 217 218 224 226 227 229 232 243 254 255 260 263 268 271 274 275 276 291 295 296 299 307 308 313 315 320 324 325 340 345 364 367 373 376 391 393 406 407 408 410 413 421 428 437 445 447 449 451 453 454 458 459 464 474 476 479 484 486 489 494 498 499 508 513 522 524 526 544 549 553 554 562 574 582 587 598 605 611 612 619 621 627 631 639 643 653 655 664 666 672 677 685 686 687 689 690 692 694 703 709 710 711 719 723 725 732 733 734 741 744 748 752 757 761 762 
144: 0 2 8 17 20 27 34 35 36 38 42 44 45 51 57 62 63 65 71 76 82 88 93 96 97 99 102 127 136 140 143 148 153 156 170 174 176 177 180 182 189 197 208 212 213 216 224 229 232 235 240 264 266 269 270 272 275 276 281 291 296 309 325 332 333 335 347 348 352 357 365 366 384 391 395 398 400 409 412 417 418 433 436 443 457 460 470 475 477 487 492 495 502 505 511 512 522 526 531 537 540 549 554 564 565 566 570 572 590 591 598 602 603 605 606 609 611 613 621 622 627 640 647 648 652 654 655 659 680 693 694 697 700 716 721 722 726 727 739 740 745 753 765 769 
151: 0 1 6 7 8 17 21 26 30 45 48 56 59 63 65 72 82 83 84 91 98 109 112 116 118 135 139 142 153 156 162 163 165 169 172 174 178 180 183 193 196 198 205 215 225 228 230 232 242 246 248 250 255 277 281 282 298 299 308 316 319 321 325 330 338 342 348 349 353 358 365 373 378 387 390 394 399 401 405 407 424 425 430 431 433 441 446 447 450 452 455 464 473 480 481 484 486 487 494 503 513 522 524 540 542 544 545 551 557 559 560 582 586 590 591 594 595 602 609 613 620 622 636 655 659 661 663 671 678 680 681 686 689 691 695 696 704 707 713 719 721 737 740 753 754 758 759 764 769 773 775 
173: 11 13 16 17 18 25 30 31 34 40 49 63 74 77 80 83 85 96 97 98 100 102 106 110 113 116 118 125 135 143 161 166 169 170 172 176 181 182 185 188 192 193 194 196 202 203 208 211 213 215 234 244 247 251 256 258 259 267 281 293 294 300 306 314 315 320 322 326 327 341 342 345 350 352 354 362 373 375 376 377 379 381 389 391 392 396 401 407 415 416 420 427 434 435 436 460 461 464 468 474 477 486 488 491 498 505 509 512 520 521 524 525 528 538 546 547 551 552 553 556 557 560 561 562 563 565 574 575 577 583 585 590 593 597 609 611 619 621 626 639 650 653 669 675 678 679 685 687 689 690 697 698 699 700 705 706 707 716 717 722 725 730 732 735 739 741 746 756 758 768 770 773 776 
157: 1 3 12 13 15 16 18 20 24 34 54 56 58 64 79 81 82 85 90 96 107 108 116 119 121 124 127 129 135 142 143 146 147 159 175 187 189 201 202 215 220 223 225 226 230 232 238 239 247 253 264 265 276 279 289 291 296 298 309 313 317 323 324 329 331 335 337 339 360 365 370 375 380 381 384 386 390 393 395 401 405 411 419 425 436 437 443 453 456 462 472 483 485 487 494 498 510 520 526 541 542 546 551 558 559 561 568 570 574 577 581 584 588 591 600 601 602 604 605 617 622 625 632 638 640 649 655 657 660 662 670 674 676 681 684 687 696 699 702 706 707 715 721 723 724 729 732 735 736 741 747 752 753 761 763 765 772 
150: 2 11 17 18 19 21 23 33 46 50 51 57 67 72 73 81 98 100 103 111 118 121 122 128 131 133 134 135 142 152 162 185 186 189 193 195 198 200 201 214 215 220 224 225 228 246 249 257 265 274 279 290 298 300 301 306 307 322 326 329 332 343 344 349 354 363 364 368 370 381 384 386 393 398 399 401 402 407 413 414 416 417 429 434 437 438 443 450 455 456 457 462 463 471 482 483 488 491 495 501 505 507 514 516 518 537 540 548 550 558 561 570 576 577 578 583 589 591 596 597 606 619 621 623 644 645 649 652 661 665 667 669 671 683 705 708 715 718 719 721 723 737 741 742 757 762 763 764 770 775 
170: 1 7 15 17 27 31 36 51 57 68 85 99 112 117 118 119 121 129 135 136 144 147 154 162 165 166 172 173 174 176 178 179 191 193 198 199 202 203 205 207 209 210 212 215 220 225 228 229 235 243 245 252 255 261 265 266 268 273 277 282 291 293 298 302 307 318 329 332 334 337 340 341 345 350 351 364 373 377 378 386 389 393 394 396 399 404 414 416 419 423 427 431 432 433 444 448 454 459 475 476 477 488 497 504 509 515 517 519 520 521 523 529 532 535 540 547 548 557 559 565 566 570 573 579 583 592 594 596 606 614 615 616 617 620 624 626 628 629 645 648 652 654 656 657 658 675 680 681 684 693 696 700 702 706 710 717 718 721 722 729 735 737 742 747 750 753 755 767 769 776 
145: 7 10 18 29 34 35 39 54 65 67 68 74 76 78 79 94 101 102 104 108 117 122 124 147 148 155 157 159 173 175 180 181 182 188 189 203 210 223 224 231 232 236 241 250 251 256 259 262 283 293 302 316 323 326 327 334 337 338 344 345 351 355 360 371 372 381 384 389 398 400 403 406 407 410 411 413 415 417 418 419 422 425 428 433 440 447 451 455 468 471 472 473 474 486 489 496 503 508 509 512 515 516 517 523 530 539 541 552 555 567 568 569 570 575 578 595 597 601 603 611 617 618 623 642 645 649 654 672 673 678 679 688 693 696 701 705 708 717 719 723 733 753 763 765 766 
145: 12 13 19 20 26 28 35 36 50 52 55 56 66 74 88 89 99 113 115 126 130 136 140 148 153 162 165 167 177 184 185 193 195 200 213 214 219 226 228 232 236 244 255 256 263 264 266 274 277 278 285 291 292 296 299 304 305 307 309 313 315 316 322 325 336 343 349 358 361 367 369 370 374 386 387 389 393 395 397 408 414 431 435 438 439 441 442 443 452 453 458 460 470 473 474 475 479 486 492 497 499 505 508 510 520 521 524 530 534 538 540 551 564 565 573 588 595 597 607 611 615 616 623 628 642 646 649 660 673 674 687 692 698 702 705 708 709 716 728 733 741 763 765 766 770 
141: 0 3 5 8 9 10 14 15 16 18 26 36 39 50 60 65 69 87 89 92 93 96 99 100 102 105 109 112 114 124 130 135 138 143 152 156 157 163 171 182 184 205 219 221 226 227 240 246 248 249 253 261 265 267 278 283 286 293 299 300 320 326 336 345 349 357 368 370 371 372 374 377 378 383 385 393 395 415 420 427 434 436 440 442 447 448 451 457 461 467 468 478 490 497 499 504 522 529 533 539 540 552 553 557 564 575 578 579 584 586 597 607 625 627 631 640 644 649 650 656 667 670 673 679 690 697 701 703 707 709 710 723 732 739 744 747 749 750 760 765 773 
144: 0 4 7 11 12 16 24 42 44 52 53 65 67 74 80 95 101 103 104 106 108 117 119 121 127 133 135 137 148 154 172 177 181 190 191 192 197 199 200 205 209 211 216 222 224 225 226 235 237 239 247 248 251 255 262 264 265 269 290 292 293 299 302 315 322 324 325 338 350 360 361 362 363 366 372 375 378 385 386 390 395 398 413 417 418 422 424 434 435 438 439 441 442 455 465 466 471 472 474 478 501 508 512 519 522 523 528 529 533 534 536 543 555 564 567 571 576 583 587 588 597 605 612 618 619 639 641 665 670 676 684 693 698 703 707 708 715 729 743 745 746 749 757 769 
156: 0 11 15 19 22 24 34 40 48 69 72 75 77 86 87 105 109 120 125 130 137 139 144 152 163 164 166 171 176 182 183 187 188 189 197 199 202 209 212 215 224 231 234 248 250 252 253 254 260 265 266 269 278 283 286 288 293 296 300 304 306 310 311 323 326 329 334 340 369 370 371 373 376 380 384 391 393 400 401 404 405 408 412 415 416 420 431 432 434 436 441 442 452 453 461 467 471 475 476 500 505 511 514 518 520 524 528 537 542 545 561 564 565 570 591 594 599 602 604 608 611 616 620 628 632 635 637 644 648 649 653 654 678 679 682 685 691 693 699 702 708 710 711 712 715 719 723 725 730 732 733 738 741 744 758 773 
147: 7 9 14 16 24 28 32 41 65 69 71 78 93 98 104 136 142 145 150 152 158 170 172 175 177 182 184 191 194 199 207 209 212 213 214 215 219 227 237 238 246 254 257 272 273 274 278 282 293 301 308 311 320 322 324 330 332 334 337 345 359 377 381 385 389 391 394 402 405 423 424 428 431 433 457 458 460 462 470 472 475 476 481 488 492 501 520 521 522 526 534 535 544 551 555 558 560 561 563 564 567 575 585 586 592 598 604 606 627 636 639 643 646 647 650 651 655 657 662 666 670 682 688 689 692 693 695 697 700 701 707 709 715 718 720 726 727 732 733 743 745 750 756 762 764 768 775 
142: 9 18 20 21 29 32 46 61 66 83 89 96 103 105 107 121 124 129 130 139 140 146 153 161 174 176 186 188 189 191 193 194 205 209 216 219 224 238 256 262 265 268 269 273 275 276 280 283 291 292 299 311 312 320 321 323 324 325 327 328 330 340 342 349 364 365 368 375 378 379 385 388 389 391 393 395 396 399 403 407 416 422 431 434 436 441 443 452 456 463 474 481 485 498 514 520 522 527 528 529 531 532 557 559 572 575 577 578 588 591 593 598 608 613 623 637 639 640 642 645 653 659 660 670 674 679 681 682 693 698 709 715 731 733 734 738 740 745 753 756 761 769 
144: 5 7 9 15 32 34 38 41 42 47 54 57 63 66 77 81 90 96 99 105 128 130 131 134 135 136 139 140 144 155 156 157 167 176 177 184 185 196 201 211 227 232 233 234 242 243 244 252 254 255 260 272 278 280 283 293 294 297 300 308 313 314 317 330 332 335 340 342 346 352 356 357 360 364 368 372 380 382 384 389 408 418 426 431 440 441 448 449 451 453 458 474 479 480 482 484 489 492 499 500 508 553 571 574 581 594 602 619 626 633 637 639 646 650 652 653 664 666 667 673 682 686 693 695 699 714 721 726 729 730 732 739 740 743 744 745 746 749 754 758 761 765 767 776 
146: 0 1 7 11 14 21 26 38 39 44 46 48 49 55 58 65 66 77 81 83 99 103 106 108 126 128 136 137 153 154 160 164 176 182 184 202 204 206 209 216 227 228 229 232 250 254 263 264 266 267 268 278 280 281 288 295 309 310 312 313 317 319 322 334 342 360 366 367 368 370 380 394 399 407 411 413 418 419 422 423 426 427 428 438 443 447 451 455 459 474 475 485 486 490 493 496 504 519 520 533 536 537 549 565 569 586 587 588 590 594 597 603 607 610 612 617 618 621 630 636 643 652 654 659 660 663 672 678 682 687 693 695 699 712 719 732 740 744 747 748 750 753 763 768 769 775 
148: 4 6 9 11 20 24 25 36 43 45 51 53 59 63 65 66 67 74 84 85 86 89 92 102 113 133 136 144 149 150 152 165 169 184 193 201 205 210 222 237 246 247 249 252 257 270 277 286 287 289 297 305 319 324 326 331 335 336 349 358 363 370 371 377 386 393 400 403 413 415 422 428 432 441 443 444 448 454 457 459 460 461 463 470 477 480 481 482 489 491 492 494 495 496 504 506 507 509 521 539 546 553 554 558 560 561 565 566 578 581 584 589 594 595 605 608 610 612 614 618 620 626 627 628 630 632 633 635 639 643 650 653 672 688 693 707 717 722 737 738 740 743 744 746 751 760 762 769 
169: 8 9 13 16 18 19 22 31 32 40 51 57 62 64 66 67 68 71 86 93 100 101 103 105 110 111 113 117 121 124 137 147 152 158 181 184 200 201 202 203 206 211 215 216 225 230 231 233 235 243 250 256 258 261 265 272 273 278 280 284 294 299 301 303 304 330 331 332 334 337 339 340 348 349 350 355 356 359 362 365 383 388 390 393 399 404 408 420 424 437 438 441 451 452 458 460 469 473 484 490 495 499 508 509 511 512 517 518 529 530 533 536 539 540 547 548 570 584 586 597 603 604 605 606 608 609 615 619 628 629 631 632 635 637 639 646 653 657 667 668 670 677 678 679 680 683 684 689 690 691 697 700 703 706 707 722 725 726 737 744 745 750 751 753 758 770 771 773 776 
165: 3 10 12 15 20 22 25 30 35 46 51 55 58 60 66 77 80 83 87 93 99 105 113 125 126 131 135 138 139 141 142 144 145 147 149 153 154 155 156 160 161 164 187 189 191 221 222 229 236 243 246 249 250 252 255 258 259 270 274 279 283 286 293 294 296 298 299 306 311 316 317 318 319 321 323 324 337 339 343 348 349 360 366 372 373 374 376 379 380 383 388 400 406 409 416 420 421 422 423 432 436 451 453 456 458 472 474 475 481 482 483 489 492 503 506 513 514 521 522 523 526 527 536 537 539 552 575 578 588 603 604 611 612 613 622 624 625 626 627 628 632 633 637 647 661 665 678 679 686 698 703 708 711 715 719 723 728 730 731 733 736 750 758 762 764 
154: 2 5 6 30 37 45 54 58 60 62 63 75 81 83 90 94 103 107 111 112 119 121 125 134 144 148 150 151 153 161 164 165 180 189 194 200 201 204 207 208 209 210 221 226 246 248 249 251 252 260 269 271 273 274 275 279 287 289 292 293 328 330 333 336 341 356 371 372 373 374 388 389 390 391 395 403 411 417 420 421 424 430 432 435 436 437 439 444 448 456 463 464 465 466 477 480 485 488 492 498 503 505 506 517 524 533 550 557 575 578 579 580 584 589 593 596 599 602 607 612 614 616 617 619 628 633 649 655 661 665 666 668 670 675 677 686 690 693 696 702 710 711 720 721 722 726 737 738 747 753 755 765 768 772 
139: 7 10 14 15 17 32 37 47 49 50 53 64 65 75 85 88 89 109 124 130 136 137 147 150 154 157 171 172 177 181 189 199 210 212 215 217 228 230 234 235 244 248 259 264 268 273 292 294 296 297 300 304 305 306 314 321 324 325 330 340 356 358 375 381 385 390 392 397 398 402 407 415 416 428 429 435 440 450 451 459 460 462 478 487 488 492 493 504 505 517 521 524 525 541 544 546 549 570 579 592 595 596 600 601 605 607 608 620 624 628 629 633 637 638 644 645 646 682 684 686 703 705 707 708 715 718 720 722 725 731 735 741 745 748 759 766 767 769 771 
172: 4 5 10 14 17 19 31 33 43 45 46 50 54 55 65 66 74 77 79 84 93 101 103 106 115 116 119 123 124 126 127 132 137 143 145 150 153 154 155 159 163 168 174 181 187 191 195 198 201 210 228 234 245 247 250 254 258 267 272 275 277 278 283 287 291 292 295 298 300 304 309 311 312 318 322 324 340 361 366 370 374 376 381 382 388 398 405 411 414 415 417 433 436 437 439 440 452 459 469 472 476 483 486 492 496 501 505 507 508 509 511 522 529 533 537 541 543 545 546 547 553 555 559 567 569 570 581 583 585 593 596 598 599 600 610 618 624 628 633 634 637 639 650 651 658 659 660 670 677 679 685 688 693 701 705 718 720 722 726 727 734 736 737 741 743 745 746 752 754 761 765 766 
150: 8 10 14 15 20 30 33 35 37 41 60 63 69 73 77 78 79 88 96 101 112 115 116 124 147 153 160 161 165 168 172 173 177 182 185 197 200 204 208 209 216 229 234 237 245 248 253 254 257 261 262 274 280 290 297 305 320 326 330 338 340 342 344 345 352 355 358 359 360 361 365 369 371 375 380 389 397 400 401 409 410 411 422 439 441 445 446 447 451 453 455 457 466 481 497 502 505 506 509 511 513 523 527 544 546 552 564 568 569 578 581 590 593 599 601 607 609 610 621 622 624 636 643 654 660 663 666 668 670 676 685 686 689 693 695 696 709 714 716 721 724 730 734 736 744 750 752 753 763 765 
142: 1 2 4 7 17 19 21 22 29 30 35 38 40 45 57 71 74 75 76 79 84 93 97 99 100 104 106 120 135 141 142 145 171 182 192 195 207 212 213 216 228 230 255 257 258 262 268 274 278 279 282 290 293 298 299 303 308 309 318 320 322 323 327 328 335 336 383 385 388 392 396 402 414 416 417 421 445 455 458 459 463 464 466 474 480 481 484 486 491 495 498 499 508 518 532 542 558 560 562 567 569 573 578 585 601 606 607 616 627 635 641 643 652 653 657 658 661 665 675 676 695 700 703 709 710 714 716 722 723 728 730 731 732 734 737 741 744 745 749 760 765 769 
160: 16 17 18 20 21 25 27 29 36 44 45 68 72 74 82 95 98 99 103 111 113 116 121 125 126 131 134 135 136 137 139 140 141 144 145 147 149 150 156 159 163 168 171 175 179 186 187 194 195 196 201 204 207 220 225 227 228 232 236 239 243 249 260 261 263 266 270 276 278 282 285 288 291 294 297 298 299 308 326 329 331 339 347 348 363 364 365 367 378 396 403 412 420 422 432 433 438 443 448 474 482 489 490 493 496 523 525 526 531 546 548 554 558 561 562 577 578 583 590 600 609 610 620 621 624 628 629 633 636 640 662 667 668 675 677 678 681 683 687 688 700 707 711 712 714 716 717 721 728 736 737 738 744 747 748 757 766 767 770 773 
148: 6 11 29 36 38 39 47 57 59 62 67 73 75 79 94 95 96 99 102 103 104 107 108 114 116 118 150 157 158 172 174 185 197 204 205 209 215 220 222 229 231 234 238 239 244 249 254 255 258 260 267 287 289 312 313 320 325 328 332 348 349 350 351 353 363 364 376 385 390 392 395 405 411 412 423 424 431 439 451 452 456 460 463 468 474 475 476 479 483 484 488 489 491 497 498 500 505 517 520 523 534 554 563 565 567 576 580 581 588 589 591 593 604 606 607 610 617 620 628 629 634 636 653 654 655 657 663 666 673 692 698 718 729 734 735 736 737 738 742 749 751 752 755 762 764 768 771 776 
161: 10 12 15 18 23 27 29 40 47 61 64 68 74 85 87 88 89 92 96 98 101 103 106 120 122 123 125 127 128 133 134 138 143 146 153 156 162 163 166 169 170 176 192 193 194 195 198 200 214 215 219 225 239 244 248 254 260 263 266 270 273 279 282 285 287 289 300 301 310 313 319 327 328 330 334 339 343 346 365 372 377 382 383 390 391 395 416 420 429 438 445 452 453 464 466 476 487 501 507 512 513 516 520 521 522 537 551 556 567 568 571 572 579 590 593 595 596 598 601 603 604 607 609 612 615 617 620 624 631 640 647 659 666 673 676 678 680 684 687 688 693 695 696 698 720 724 729 731 739 741 743 746 751 752 756 757 761 763 771 773 775 
164: 4 8 9 13 15 17 20 21 24 27 28 32 39 51 52 60 64 65 66 70 71 74 76 83 94 99 101 110 113 117 118 124 126 128 136 137 139 141 147 154 156 157 159 164 166 176 178 180 184 192 196 199 215 225 228 239 242 250 252 261 264 267 271 272 273 274 275 277 281 288 295 303 307 317 318 328 329 331 335 336 341 344 345 349 358 361 364 366 373 374 386 388 393 394 403 416 427 429 430 433 436 439 441 446 449 451 463 467 472 477 488 489 492 496 504 505 511 513 521 532 534 538 543 556 558 564 568 570 577 585 592 596 608 609 613 624 625 626 628 629 633 637 638 646 653 657 666 670 675 677 688 700 701 715 724 726 728 730 742 745 751 766 769 774 
165: 4 6 18 26 32 33 38 43 45 48 55 56 60 66 69 75 80 94 96 97 101 115 124 129 141 142 143 154 159 169 178 182 186 188 190 198 201 220 222 225 229 230 233 241 247 251 253 268 274 275 277 278 300 308 311 323 332 337 341 343 344 345 349 350 354 358 364 367 368 379 385 386 388 389 410 418 419 421 422 429 431 439 440 443 444 447 450 452 453 457 459 461 470 475 476 482 490 496 497 504 505 509 525 531 532 534 536 539 540 546 548 550 553 555 558 559 561 569 573 584 590 592 596 599 600 602 609 622 629 633 635 636 639 640 643 644 647 648 650 672 682 685 695 705 706 711 728 730 731 733 734 736 737 739 744 745 746 747 755 759 760 761 765 768 771 
131: 4 7 8 30 31 46 47 49 65 67 72 75 80 82 87 98 99 103 105 115 125 136 139 140 142 147 152 161 162 163 165 171 177 179 183 185 192 199 205 209 211 215 221 224 227 229 230 234 246 247 251 260 269 275 280 297 303 304 310 314 323 326 343 349 352 356 360 366 368 372 374 386 391 395 397 403 406 425 428 429 441 442 447 467 469 476 481 482 492 497 498 499 503 506 521 534 542 546 556 558 565 589 598 601 609 610 611 612 633 636 643 646 650 656 659 660 677 703 705 707 713 714 732 734 736 752 765 767 768 770 773 
159: 3 6 13 18 22 24 37 38 43 45 46 49 71 75 77 87 92 94 95 96 100 102 103 107 113 114 121 127 129 132 134 135 138 143 146 155 156 158 159 165 170 173 182 183 184 186 189 190 192 196 207 213 214 215 216 218 223 228 232 247 249 251 256 261 267 268 271 280 285 294 308 320 324 334 339 343 350 353 360 364 367 369 373 377 381 392 399 403 407 409 410 411 421 428 435 442 446 449 453 464 466 473 500 504 505 520 522 528 534 540 545 551 559 560 562 570 583 585 588 595 596 605 607 610 621 622 625 631 633 634 635 636 643 649 653 659 671 676 683 687 692 694 700 710 712 713 714 720 723 726 738 741 750 751 753 758 760 767 775 
140: 9 11 12 15 16 18 48 55 70 72 73 77 78 81 89 96 98 99 101 108 119 120 121 125 128 131 132 143 155 165 169 171 175 183 189 190 201 203 210 215 218 219 220 233 234 266 271 275 277 282 285 293 294 302 306 321 324 327 328 330 333 336 339 346 351 353 360 369 371 373 390 391 399 411 413 427 429 441 449 453 457 460 466 471 476 483 488 489 492 493 495 498 515 520 525 530 531 536 537 539 548 549 554 564 568 569 583 588 606 609 621 623 632 639 640 641 642 645 647 658 666 680 690 699 707 708 711 715 717 722 725 733 742 753 757 761 764 768 770 772 
138: 8 9 12 13 16 19 23 24 29 30 45 47 54 56 65 70 76 79 91 102 108 116 118 126 128 141 145 146 154 156 171 173 174 183 185 186 187 189 192 203 216 221 232 235 239 246 257 264 270 286 296 316 317 326 327 328 329 332 337 338 357 359 361 363 379 382 383 384 392 398 401 408 410 431 439 443 444 445 463 466 469 472 475 476 482 485 486 488 493 498 501 507 529 536 541 544 552 558 560 573 576 577 584 591 592 597 601 602 603 604 605 607 611 612 619 632 644 646 660 663 669 673 679 682 698 704 706 718 726 734 739 745 750 752 756 762 767 771 
141: 6 8 13 26 32 45 48 51 65 67 76 89 94 99 100 103 105 111 112 117 126 127 150 153 159 161 165 174 180 185 186 196 197 201 210 214 222 223 227 228 232 235 240 243 261 263 269 276 280 286 288 298 300 302 314 316 317 320 321 325 326 335 339 341 364 366 369 370 375 380 381 394 399 406 407 428 449 450 452 460 463 464 466 472 474 488 495 497 499 502 510 513 523 531 540 548 549 557 559 560 568 570 571 576 586 588 592 594 595 597 598 611 615 617 627 630 636 639 643 650 653 665 672 676 677 697 701 715 718 719 721 723 724 727 728 738 744 746 748 763 769 
136: 3 6 16 24 25 33 44 48 50 53 55 56 61 74 81 84 92 105 107 109 117 122 123 129 137 148 153 156 165 170 171 173 175 179 188 189 198 208 213 214 217 219 220 221 228 240 245 248 249 266 268 273 275 289 302 304 316 331 340 347 349 352 356 360 363 372 374 375 392 395 400 404 405 409 411 415 416 418 423 427 429 433 439 450 451 456 457 461 463 465 471 472 483 484 485 489 502 503 506 516 533 534 537 554 558 559 564 578 582 599 612 614 620 621 622 636 638 641 654 656 658 660 668 669 674 692 697 703 708 723 726 747 754 767 768 773 
166: 0 2 5 21 25 35 39 40 57 62 64 73 74 77 81 85 93 100 102 107 112 113 114 129 130 135 140 141 143 145 147 152 154 168 173 174 175 176 177 181 188 190 193 195 203 212 213 215 217 218 219 223 236 238 250 258 261 269 271 279 285 291 292 300 305 306 307 312 313 316 322 325 327 328 337 338 344 351 353 356 362 365 371 376 377 385 388 396 409 413 429 431 441 451 455 457 461 464 465 468 480 487 490 495 496 503 506 515 517 524 525 533 535 538 540 547 551 555 559 561 564 566 574 581 583 588 592 594 618 621 626 627 629 632 644 646 650 655 666 669 670 676 684 688 690 696 698 701 703 706 716 719 720 723 731 747 749 752 757 760 765 767 769 772 775 776 
161: 0 1 6 7 10 17 23 34 44 49 50 57 62 63 65 66 75 78 86 87 99 101 104 116 117 118 120 126 132 142 150 159 166 168 169 172 175 179 180 184 186 187 193 196 203 207 208 212 220 221 225 231 239 243 244 246 249 254 255 261 263 269 272 277 281 290 291 296 300 304 313 317 323 328 338 340 344 345 355 356 362 365 371 372 374 375 377 380 382 385 389 400 401 404 406 410 417 423 430 442 443 444 446 458 459 464 468 473 480 481 483 489 494 496 498 519 523 525 528 540 545 551 564 566 569 579 587 618 628 631 640 654 655 663 666 683 684 685 686 687 690 694 699 702 704 710 713 716 718 720 728 731 735 743 744 748 750 754 755 769 775 
141: 2 5 10 11 17 20 27 29 32 41 51 59 63 64 73 80 82 84 94 110 127 134 138 141 145 146 152 157 160 161 162 174 178 181 182 185 196 197 202 207 213 220 221 230 236 243 246 247 251 261 263 266 269 282 288 294 297 304 313 322 325 345 353 355 357 358 364 373 375 384 385 389 402 403 408 418 423 425 432 439 447 449 453 456 461 462 465 466 478 479 488 489 495 498 511 515 519 523 528 535 546 547 552 555 556 575 596 602 606 608 620 622 628 629 639 641 643 648 649 656 667 671 675 691 696 702 710 713 726 729 731 734 735 750 756 758 760 763 769 770 773 
150: 0 2 3 4 19 25 27 33 46 59 64 67 75 77 86 87 89 90 104 107 111 115 120 132 150 151 152 155 158 162 164 165 172 185 191 192 202 215 219 224 225 230 231 235 237 238 239 242 244 245 246 250 252 268 269 271 277 278 286 301 332 336 338 342 346 353 355 369 396 399 402 405 407 408 429 431 440 443 445 447 450 455 463 469 470 478 480 484 487 489 491 507 515 517 518 519 520 526 528 536 538 548 551 552 553 559 571 573 582 585 587 590 593 599 601 612 613 616 617 622 628 630 631 642 643 648 653 658 671 673 676 682 693 696 703 707 714 718 720 728 733 752 753 755 760 764 766 769 770 774 
150: 2 4 20 29 33 36 38 42 44 54 58 66 68 78 80 89 91 92 98 104 110 119 124 127 138 140 141 157 159 171 179 196 202 207 225 228 229 231 232 233 238 254 261 265 267 271 275 281 287 291 293 294 295 300 302 303 321 324 329 331 335 339 341 342 344 366 369 370 378 385 386 392 403 404 410 420 435 440 450 456 461 471 475 480 483 485 495 503 504 505 508 520 526 527 539 548 552 553 555 557 563 567 568 571 573 575 576 580 581 583 590 591 607 616 620 621 627 643 644 649 653 654 655 660 665 678 681 683 690 691 695 698 702 706 707 712 714 717 718 719 722 724 728 730 743 744 747 749 750 770 
153: 4 5 10 12 20 21 22 34 36 43 51 60 62 71 78 84 90 91 93 99 102 108 127 130 132 136 138 142 144 155 156 159 160 161 187 190 193 206 217 220 222 229 231 232 235 242 254 255 260 264 268 274 278 282 283 284 293 305 307 309 312 316 319 326 329 334 336 338 343 344 362 368 371 377 381 389 390 399 414 416 421 423 427 434 439 452 477 481 491 496 497 508 509 510 517 520 521 524 532 538 540 542 545 548 552 554 561 571 572 576 584 587 592 594 595 600 604 607 610 611 616 618 621 624 633 634 639 647 650 655 656 661 670 674 680 681 684 692 706 711 719 720 722 724 725 731 747 752 753 760 761 762 775 
165: 0 2 5 9 11 16 17 21 24 29 30 32 34 46 50 55 56 57 60 63 66 75 77 84 90 93 98 106 109 119 132 138 141 156 165 167 179 193 194 197 201 205 209 213 216 223 224 230 232 243 245 263 264 267 270 281 286 292 294 303 306 307 315 316 317 320 325 326 337 362 372 378 379 384 396 410 415 419 422 429 443 449 451 453 459 460 461 467 470 472 476 477 478 482 484 489 491 496 497 504 507 510 511 515 517 520 521 525 526 527 537 539 541 551 552 556 562 564 567 574 578 581 585 586 587 589 592 594 597 604 606 610 627 628 630 633 637 640 642 643 650 652 660 661 663 681 687 691 695 700 701 709 718 728 729 730 734 747 750 752 759 762 763 765 773 
124: 6 10 12 17 22 57 62 64 67 72 73 76 91 97 105 111 113 127 129 144 145 150 153 161 165 177 181 182 200 203 215 221 227 244 245 249 254 273 274 281 282 284 285 287 288 295 308 313 323 325 329 331 342 346 352 375 378 380 387 393 399 405 407 415 416 422 428 432 434 437 442 449 453 458 459 463 466 468 471 476 480 481 490 496 501 525 532 553 556 557 573 577 586 590 596 597 599 608 613 632 637 642 670 676 678 680 684 686 698 702 703 709 716 720 725 733 738 740 744 747 755 771 773 774 
146: 2 3 5 8 9 22 25 26 30 40 51 56 60 67 71 98 105 109 113 118 123 125 127 130 132 141 143 148 150 160 161 168 175 181 182 185 190 191 195 211 213 223 227 242 245 246 247 249 255 258 262 266 277 282 290 298 306 307 308 312 324 332 333 334 335 337 339 343 349 353 368 379 386 388 390 398 399 400 401 406 408 420 421 427 428 430 432 435 438 440 448 449 455 456 457 463 473 476 481 482 485 503 509 517 538 540 555 556 562 571 572 573 574 580 590 594 596 602 604 611 622 626 635 647 656 673 674 677 680 690 696 699 701 709 716 718 721 724 725 733 736 744 756 766 768 776 
