# Data generated from a SDPTSP-E instance solved in two phases
# nbTasks=362, nbWorkers=236
# Random number generator seed = 0
Type = 1
Jobs = 362
 364 431
 374 488
 376 490
 379 496
 380 441
 382 410
 389 505
 394 500
 396 494
 398 427
 407 485
 408 496
 411 520
 415 533
 431 501
 438 522
 443 527
 447 560
 449 562
 451 509
 453 490
 453 503
 468 492
 475 541
 475 591
 480 530
 480 581
 482 509
 482 582
 486 564
 489 586
 494 534
 504 563
 505 556
 506 614
 511 626
 512 554
 512 581
 516 563
 517 575
 521 636
 523 562
 525 559
 528 571
 528 575
 529 555
 533 594
 533 652
 535 618
 547 593
 547 600
 547 657
 550 623
 554 583
 561 628
 564 611
 571 651
 574 649
 576 649
 576 675
 583 681
 584 644
 586 700
 599 691
 599 691
 599 713
 611 717
 612 633
 618 725
 618 732
 624 740
 625 691
 627 745
 628 700
 628 728
 629 716
 630 732
 634 719
 637 666
 638 673
 640 673
 642 692
 643 738
 648 687
 653 701
 654 773
 657 768
 660 749
 663 707
 669 788
 673 746
 674 731
 675 740
 675 792
 678 727
 681 781
 682 794
 683 802
 685 744
 688 803
 693 805
 693 811
 701 811
 707 823
 714 781
 716 776
 717 806
 718 745
 719 802
 721 798
 727 745
 734 816
 734 828
 739 776
 739 780
 739 787
 740 837
 741 825
 746 863
 754 866
 755 821
 756 800
 756 835
 756 865
 757 831
 758 786
 760 814
 761 800
 766 799
 768 837
 770 792
 773 838
 774 843
 779 859
 780 874
 782 838
 790 906
 791 859
 793 847
 803 888
 803 894
 804 887
 813 906
 816 931
 821 847
 822 861
 825 933
 826 925
 830 922
 833 883
 838 944
 841 903
 842 868
 842 938
 843 893
 845 869
 845 881
 846 958
 848 867
 850 956
 853 909
 855 950
 858 917
 861 908
 865 956
 879 954
 880 955
 895 950
 908 957
 916 993
 930 980
 930 1008
 931 1019
 935 1047
 945 991
 952 993
 962 1066
 970 994
 972 1061
 983 1039
 987 1058
 997 1106
 1004 1118
 1005 1116
 1006 1041
 1007 1066
 1013 1092
 1013 1128
 1014 1131
 1021 1083
 1023 1095
 1030 1120
 1032 1120
 1034 1101
 1047 1105
 1047 1121
 1048 1114
 1050 1123
 1050 1149
 1052 1138
 1053 1111
 1056 1123
 1061 1076
 1062 1082
 1063 1112
 1065 1149
 1072 1103
 1072 1132
 1072 1183
 1072 1188
 1073 1158
 1076 1144
 1091 1175
 1092 1211
 1094 1114
 1107 1197
 1110 1181
 1114 1229
 1118 1155
 1118 1183
 1123 1215
 1123 1234
 1127 1161
 1130 1190
 1132 1234
 1135 1189
 1144 1174
 1148 1265
 1150 1257
 1171 1267
 1175 1260
 1177 1218
 1186 1252
 1187 1264
 1188 1273
 1205 1302
 1208 1306
 1211 1283
 1212 1245
 1223 1300
 1224 1278
 1226 1250
 1234 1326
 1247 1284
 1250 1314
 1251 1287
 1251 1333
 1257 1350
 1260 1373
 1261 1330
 1264 1318
 1264 1383
 1267 1380
 1275 1391
 1278 1319
 1280 1316
 1287 1367
 1292 1385
 1301 1339
 1301 1419
 1310 1387
 1314 1428
 1317 1373
 1319 1414
 1326 1422
 1328 1390
 1334 1433
 1350 1405
 1350 1466
 1353 1376
 1353 1396
 1353 1417
 1355 1418
 1356 1432
 1363 1409
 1366 1413
 1367 1441
 1398 1416
 1425 1529
 1433 1509
 1433 1550
 1444 1509
 1444 1531
 1444 1532
 1451 1512
 1452 1520
 1461 1517
 1467 1527
 1479 1522
 1480 1536
 1482 1521
 1489 1514
 1491 1608
 1495 1537
 1509 1524
 1509 1537
 1509 1624
 1510 1617
 1518 1569
 1519 1621
 1527 1578
 1535 1560
 1535 1566
 1539 1557
 1545 1627
 1545 1643
 1546 1563
 1550 1668
 1572 1628
 1575 1621
 1575 1686
 1576 1627
 1579 1692
 1580 1659
 1584 1703
 1585 1658
 1590 1652
 1593 1621
 1593 1660
 1600 1650
 1607 1683
 1613 1724
 1615 1691
 1626 1741
 1626 1742
 1629 1686
 1632 1719
 1633 1705
 1634 1658
 1637 1738
 1639 1728
 1643 1677
 1644 1709
 1644 1724
 1644 1728
 1657 1776
 1675 1772
 1677 1790
 1678 1736
 1678 1797
 1686 1803
 1695 1797
 1696 1770
 1704 1776
 1709 1741
 1724 1785
 1729 1789
 1729 1815
 1746 1791
 1758 1873
 1764 1783
 1782 1877
 1794 1902
 1802 1857
 1813 1914
 1821 1890
 1822 1918
 1829 1896
 1830 1856
 1834 1917
 1845 1887
 1874 1902
Qualifications = 236
 122: 96 13 60 109 88 97 70 20 84 117 28 129 100 116 3 53 104 95 99 120 18 94 26 0 101 22 108 89 103 72 29 21 24 115 85 79 102 57 59 14 93 51 11 4 9 48 64 27 6 90 42 98 66 56 61 105 49 121 50 35 10 45 41 58 32 1 38 31 52 91 55 130 33 112 69 126 62 114 81 131 43 87 23 17 86 82 44 37 111 16 124 25 2 80 40 46 127 107 8 76 7 15 67 75 68 92 30 36 125 34 128 83 19 77 71 113 74 39 54 5 106 63 
 113: 121 3 55 10 124 59 128 12 102 79 76 43 47 75 87 98 35 74 51 1 50 126 131 36 114 95 26 30 64 27 83 66 17 81 96 92 82 65 94 53 113 7 41 37 72 110 111 21 11 85 106 107 77 109 24 71 129 60 44 84 122 103 108 125 57 115 130 73 49 9 105 89 120 39 40 91 33 101 78 90 13 34 32 25 97 70 19 63 104 0 4 112 116 20 14 16 100 62 135 31 2 52 80 61 86 38 5 127 56 46 23 45 29 
 106: 102 33 120 51 10 6 67 130 89 19 49 24 56 75 83 39 70 3 106 115 43 111 57 86 103 112 109 50 54 82 55 36 26 12 63 107 78 59 58 101 34 35 91 66 90 48 80 38 110 77 98 72 44 62 128 8 0 76 94 64 4 5 129 113 92 21 71 20 131 125 84 45 28 99 65 30 41 124 122 97 1 60 40 7 53 127 46 68 74 17 81 104 14 2 73 9 22 15 42 96 61 117 23 85 47 27 
 109: 30 86 14 94 114 87 36 41 106 65 122 49 54 110 15 102 96 98 77 12 51 56 90 116 1 92 50 125 38 43 7 21 97 109 2 93 20 6 25 60 9 48 115 135 58 73 128 120 42 76 19 8 107 17 3 4 16 59 55 131 46 13 95 105 111 99 79 53 0 34 113 10 67 84 64 61 104 75 72 124 80 71 112 45 62 22 100 23 89 101 108 52 85 83 44 78 74 57 130 129 66 63 26 5 121 91 39 28 11 
 99: 12 74 128 49 17 78 102 64 14 7 90 115 113 35 59 84 103 18 28 72 26 112 106 52 131 88 43 58 97 4 2 95 135 63 87 13 96 21 6 30 44 125 110 47 16 98 126 62 122 85 75 55 93 5 65 42 105 61 34 29 129 130 91 3 121 31 114 39 109 77 57 50 46 48 80 60 20 40 25 9 116 22 11 120 69 108 76 8 124 23 127 81 94 70 68 36 19 101 24 
 114: 112 127 48 1 59 84 42 95 98 55 52 9 4 27 68 49 41 105 26 70 104 67 77 16 22 47 40 2 60 30 131 62 53 3 8 82 93 74 18 36 101 117 85 79 102 63 34 114 43 61 108 11 13 128 97 25 94 86 7 100 115 129 39 106 44 0 51 92 32 116 66 126 135 99 109 64 103 78 124 17 91 122 20 6 58 107 12 14 72 120 21 83 65 45 90 15 5 80 24 110 23 37 46 50 33 121 73 38 96 10 56 69 88 125 
 101: 71 111 20 81 60 10 74 90 29 88 38 120 75 19 95 110 128 99 45 77 21 86 131 107 40 108 62 43 22 39 24 28 72 83 46 94 63 78 125 25 104 70 124 61 126 76 92 115 0 121 122 112 100 103 12 135 98 82 85 47 2 80 117 66 96 37 4 3 26 23 49 102 41 36 79 27 13 101 69 59 97 8 14 54 34 73 68 91 53 109 105 64 16 30 116 17 89 18 32 130 48 
 103: 63 25 121 53 106 107 34 112 72 3 64 65 16 70 51 92 88 90 126 26 73 46 108 125 48 104 20 89 79 31 14 135 94 124 81 15 114 61 54 110 67 82 120 69 38 95 36 28 47 7 83 39 71 40 9 66 116 8 78 52 98 43 113 29 4 100 23 22 127 50 56 99 32 109 0 111 131 76 18 30 58 101 42 91 105 129 96 97 128 6 122 59 13 24 35 44 74 5 49 103 85 41 87 
 126: 70 44 131 101 23 69 115 100 72 66 80 52 96 18 14 62 73 45 5 102 13 87 26 29 106 16 34 65 61 117 20 15 122 60 33 11 37 89 63 105 1 59 17 126 77 71 2 97 128 83 28 53 116 94 36 30 127 99 27 91 114 46 107 25 50 86 12 32 3 93 7 21 40 57 88 109 4 98 58 47 135 43 51 113 79 41 130 103 10 92 85 125 64 129 49 68 54 120 108 78 75 31 22 82 9 38 8 81 42 19 124 111 56 67 76 24 84 121 110 112 95 35 6 39 90 55 
 98: 61 22 24 17 36 122 112 60 0 79 100 42 11 3 111 55 10 80 75 51 121 124 43 98 29 4 40 34 27 45 120 14 76 84 81 91 86 116 69 18 106 83 96 33 104 23 103 128 93 7 87 107 126 88 21 20 53 77 71 73 19 110 48 99 78 108 74 57 130 25 41 39 101 56 68 15 127 66 114 35 37 16 6 26 5 129 30 109 131 97 54 82 46 28 64 67 8 85 
 109: 24 108 109 93 20 99 71 68 135 6 96 40 89 130 32 90 5 57 14 28 72 111 45 10 54 1 33 7 0 58 49 80 35 88 16 127 81 12 15 37 61 25 87 48 107 104 43 86 103 55 67 34 112 59 66 92 50 19 47 125 120 117 79 44 76 114 64 60 26 74 23 51 65 22 73 3 9 116 31 102 131 30 21 42 27 75 53 70 38 77 129 98 29 128 69 121 106 8 84 85 110 83 62 115 113 97 94 56 36 
 124: 99 130 114 49 44 69 23 48 81 59 93 115 65 94 91 102 85 96 11 84 34 66 64 4 2 3 80 35 58 109 127 5 28 55 16 31 39 82 51 71 78 104 88 43 26 120 87 100 20 22 36 8 124 89 62 105 17 112 110 13 90 103 52 15 56 79 60 6 74 117 33 12 9 76 54 27 30 14 125 47 77 45 75 111 70 32 101 67 46 73 19 122 86 107 113 92 29 63 83 72 106 41 129 25 116 24 18 40 98 126 57 21 10 61 97 0 135 50 95 131 108 42 7 38 
 103: 129 24 108 80 93 60 3 52 120 31 26 90 9 50 23 53 112 70 43 101 1 0 56 51 79 95 33 29 117 92 102 113 40 109 59 73 65 97 104 85 110 7 82 128 83 14 135 91 69 67 10 8 122 5 74 20 98 22 105 17 96 87 15 44 30 49 121 89 45 63 58 76 84 81 94 131 66 38 2 116 115 99 54 32 39 61 46 68 11 57 64 18 106 78 35 72 125 86 36 111 13 34 103 
 105: 99 21 39 34 64 45 93 38 108 13 116 128 117 15 35 102 75 40 109 107 120 66 84 26 88 10 8 49 36 37 3 94 30 58 32 114 52 91 100 72 11 24 48 77 59 46 87 89 112 28 110 9 105 83 80 57 43 90 27 54 96 115 25 7 20 67 50 60 126 74 76 29 5 61 6 62 127 53 81 124 113 71 4 17 86 98 65 19 44 92 51 14 31 130 78 103 85 122 104 129 16 70 18 23 33 
 99: 79 108 15 40 106 92 110 99 1 7 8 28 58 86 88 59 43 107 76 89 103 30 53 44 38 100 4 66 63 70 83 98 95 126 128 71 42 20 81 54 23 131 115 116 97 122 73 39 94 121 130 124 27 51 0 26 47 112 104 87 5 55 35 113 49 3 96 117 25 19 11 18 67 111 114 36 61 33 6 129 2 50 68 65 77 9 102 57 45 34 127 46 16 75 10 78 105 93 69 
 107: 56 80 49 29 8 75 5 90 105 41 135 20 72 74 53 37 39 47 115 23 83 26 91 122 12 18 16 89 62 10 79 33 15 121 48 44 107 17 95 78 43 76 13 94 96 128 114 92 109 54 60 67 126 102 3 65 52 14 64 36 81 35 103 11 61 45 68 98 112 104 71 31 88 58 46 70 7 110 0 99 106 59 57 69 108 55 87 84 2 124 73 21 117 129 22 4 51 34 120 40 82 24 27 125 97 38 30 
 129: 49 6 32 104 90 51 108 83 15 78 57 12 8 67 120 62 47 64 48 41 130 59 33 11 2 98 88 80 45 36 124 127 84 46 58 65 16 99 103 68 10 37 24 66 135 69 56 122 113 129 38 61 81 85 77 109 91 7 43 95 9 27 35 54 102 82 21 13 53 105 107 23 94 74 73 92 106 125 26 86 22 79 39 30 70 117 126 76 28 40 31 71 72 44 17 101 1 0 114 110 111 63 87 96 121 93 75 29 14 50 55 42 20 52 4 112 3 18 100 5 131 89 34 25 97 115 60 116 128 
 112: 50 105 85 121 112 22 122 34 6 74 70 42 39 79 55 87 62 1 107 109 127 43 67 129 72 51 28 4 86 46 111 106 15 8 63 120 17 104 95 57 94 47 100 92 45 14 30 77 10 49 21 101 52 44 113 68 97 56 110 24 84 0 38 19 91 102 65 58 9 128 31 40 53 82 3 69 29 71 37 23 117 115 88 59 5 11 25 98 54 18 108 60 20 48 89 93 99 75 73 78 66 27 135 2 83 81 80 41 90 13 16 103 
 103: 1 130 69 32 108 29 53 109 19 124 4 85 103 35 0 22 13 49 128 80 24 12 111 5 99 14 104 57 43 73 17 83 18 30 58 115 37 54 34 96 59 61 90 72 74 102 91 6 15 106 94 50 20 33 42 26 82 44 21 129 31 16 107 62 51 23 46 71 9 8 27 127 10 122 38 36 105 114 2 7 86 125 135 60 93 84 131 68 64 41 45 126 48 121 56 79 88 28 89 67 101 40 65 
 125: 70 55 27 26 1 51 5 2 81 102 129 41 121 57 63 80 101 109 56 99 9 20 65 83 79 48 31 28 105 104 12 97 113 95 86 39 76 96 128 116 72 52 125 54 130 10 68 93 42 43 74 13 6 35 49 40 36 38 120 33 91 29 4 66 115 58 50 122 3 77 78 88 90 106 124 114 8 75 126 44 22 117 37 16 107 61 17 85 100 53 135 30 73 19 47 62 69 34 60 87 25 32 21 46 131 84 15 45 71 18 94 24 23 110 92 59 108 111 11 64 67 103 0 112 98 
 113: 103 65 110 10 135 36 81 1 88 85 112 114 29 49 32 53 92 55 73 101 90 98 27 28 60 59 62 107 57 94 15 52 76 13 31 46 74 96 97 86 54 3 41 127 21 71 26 51 35 117 102 77 80 14 64 17 50 4 5 91 66 129 39 83 23 33 19 84 122 30 16 45 67 44 121 109 72 61 87 58 12 24 68 48 38 63 99 11 89 75 79 6 95 34 93 120 18 25 100 47 125 2 0 108 43 105 131 111 126 124 56 70 116 
 111: 53 40 52 103 110 22 11 129 26 94 31 95 96 108 25 125 24 76 91 23 57 97 81 28 18 39 116 72 99 36 29 121 32 14 70 93 3 106 120 74 113 51 69 67 83 62 79 17 56 34 65 35 87 4 111 131 59 33 66 105 63 117 12 37 19 80 98 64 50 38 130 7 84 20 75 126 44 5 6 101 13 46 68 0 58 21 78 9 135 92 102 89 82 73 124 41 85 15 128 77 61 54 30 60 107 86 45 114 27 112 16 
 108: 2 126 24 13 96 89 30 91 5 29 92 110 130 121 17 44 99 87 120 42 47 3 117 82 108 10 104 131 135 1 100 74 57 8 97 38 46 70 27 83 67 66 22 85 0 75 62 16 95 114 49 61 103 113 41 20 43 55 37 18 76 32 79 15 28 72 128 102 58 36 31 84 6 63 86 40 93 73 25 52 122 60 39 51 35 94 77 34 116 98 48 105 80 45 111 81 19 69 12 115 125 68 11 23 50 124 21 64 
 123: 94 127 45 97 100 128 24 54 116 102 79 30 120 59 84 29 53 101 4 65 122 17 130 33 19 5 81 70 77 22 12 93 80 71 44 89 42 50 76 51 9 69 13 43 0 28 31 34 56 7 15 23 109 60 108 117 27 96 121 85 91 82 115 3 98 126 16 112 135 18 90 35 87 21 111 55 88 66 124 11 2 105 73 46 78 74 114 61 20 131 110 103 86 72 49 75 63 32 129 68 10 64 125 26 38 106 37 52 39 14 40 99 83 62 25 36 107 41 58 8 48 1 6 
 127: 58 98 26 109 111 74 1 45 77 97 63 66 54 100 15 129 50 83 11 87 88 61 81 86 34 110 124 3 47 121 122 25 23 128 35 29 94 125 56 64 73 7 92 90 117 10 116 106 120 9 27 46 130 96 60 80 91 6 37 68 69 101 108 38 89 14 44 2 43 131 39 51 24 85 16 84 21 49 22 36 18 99 48 41 53 67 76 32 104 70 127 93 105 4 135 30 95 0 12 17 115 13 62 113 42 78 19 8 55 71 65 75 79 31 20 103 40 5 126 52 57 102 59 82 33 114 28 
 101: 104 64 46 130 36 2 4 3 103 94 15 49 75 47 92 76 69 87 57 122 52 114 23 128 50 88 90 125 20 106 9 41 56 18 48 22 73 31 84 89 71 99 129 54 29 112 0 100 13 96 11 97 102 107 66 35 105 86 91 95 77 17 14 127 109 115 70 117 5 101 25 34 21 59 43 131 12 82 81 24 8 39 62 79 93 72 6 30 16 53 113 10 78 60 135 55 121 124 120 37 38 
 103: 46 67 77 106 107 92 58 82 90 102 83 53 50 1 8 130 70 97 115 4 65 101 103 21 23 37 74 6 34 3 104 126 15 5 122 57 31 62 28 40 63 78 117 36 85 89 33 113 0 76 72 47 32 29 86 94 51 129 109 68 98 124 44 95 30 16 43 125 64 17 127 61 79 131 24 19 105 7 81 48 26 135 20 12 10 41 42 27 22 9 35 100 69 39 80 11 18 56 120 49 13 45 91 
 99: 46 103 6 135 40 11 116 8 72 26 73 33 29 64 86 37 90 57 68 61 92 122 83 54 49 85 3 115 4 50 65 13 5 30 91 15 17 130 24 27 44 100 48 108 94 129 104 88 34 21 32 18 45 67 87 36 43 2 16 12 89 22 96 109 105 127 128 66 47 131 55 112 98 42 121 107 75 84 41 25 113 60 111 9 125 71 106 20 63 110 35 58 79 124 70 53 120 59 78 
 106: 100 107 66 99 101 78 24 68 70 60 30 109 39 116 121 125 91 103 0 94 73 127 9 35 15 32 76 5 129 22 88 52 104 75 18 47 86 55 89 130 21 113 65 54 38 64 11 93 90 105 98 34 37 14 13 122 77 49 80 131 74 87 82 84 117 72 114 42 36 110 51 128 106 81 43 12 2 10 97 95 26 7 67 62 92 4 56 126 27 69 41 23 71 20 50 16 115 48 102 135 79 120 44 33 1 57 
 121: 63 68 71 76 7 31 90 53 12 11 103 44 122 42 50 45 79 38 113 114 30 67 111 39 121 18 120 80 49 124 77 126 127 101 106 125 102 73 33 2 60 24 94 104 93 81 105 9 3 65 110 129 10 8 54 98 59 130 48 107 128 47 88 40 16 109 84 26 27 66 87 37 85 96 131 100 55 135 69 35 23 36 41 6 28 46 58 108 56 57 89 1 82 97 95 17 32 70 61 4 78 116 72 62 99 51 15 43 29 13 75 52 92 117 74 5 86 19 20 83 25 
 120: 126 116 40 101 87 35 65 91 109 95 46 24 120 124 37 8 33 52 104 61 83 94 90 100 121 135 111 93 59 80 77 63 85 99 3 103 86 96 1 38 70 113 112 34 4 64 17 79 88 55 32 53 129 66 27 102 92 106 30 19 51 82 2 5 58 97 39 127 56 42 0 67 47 60 23 50 75 7 20 110 10 89 18 73 43 28 69 16 130 81 29 48 122 31 84 36 117 115 131 114 125 72 14 45 76 26 57 108 98 41 11 78 6 49 13 68 12 54 107 15 
 111: 52 65 55 18 61 127 95 12 35 96 33 16 40 41 47 7 113 42 131 26 53 102 101 71 94 130 86 8 14 46 120 107 74 48 128 28 114 11 85 56 64 103 4 79 31 82 27 6 76 32 110 43 15 45 89 51 62 2 125 122 75 92 23 126 66 58 90 77 24 109 83 108 73 78 3 57 135 5 93 97 44 39 115 36 59 72 29 111 21 117 17 1 87 10 60 19 105 67 20 34 54 22 80 124 91 38 99 88 63 37 0 
 106: 92 90 51 12 117 50 124 104 85 45 16 49 36 57 28 3 32 129 34 21 23 14 72 83 24 52 79 15 62 116 56 13 95 39 37 115 121 68 75 110 64 7 65 60 61 19 122 33 87 6 0 53 10 97 43 73 71 30 41 54 66 89 86 29 1 70 103 58 8 112 108 63 22 105 130 27 81 106 78 26 9 111 2 35 18 47 48 44 5 67 91 55 82 11 128 102 131 126 40 94 80 135 46 88 25 20 
 100: 102 83 23 55 51 24 36 6 13 60 82 104 47 79 103 98 120 28 44 11 35 49 52 78 108 80 68 17 14 130 20 75 48 109 16 29 37 27 126 57 40 45 2 90 18 93 74 84 85 41 91 97 46 117 42 1 43 113 30 110 94 8 26 15 61 76 100 127 122 38 112 81 32 106 116 96 67 33 10 71 56 31 111 50 125 3 70 105 63 88 135 69 21 7 101 66 62 77 0 53 
 102: 18 5 109 26 77 120 31 6 52 55 103 64 111 108 21 135 91 43 94 104 63 102 125 67 78 36 107 95 49 27 10 128 130 13 56 114 29 75 50 60 8 89 51 23 68 87 4 20 30 99 106 45 101 12 44 32 112 1 54 41 69 66 121 3 86 80 70 38 105 40 48 62 131 33 79 65 110 46 126 83 96 42 98 74 61 71 16 116 37 24 129 82 47 127 57 73 113 0 59 58 9 17 
 108: 26 36 112 116 35 107 45 85 55 25 47 54 76 23 13 38 37 122 56 75 10 106 89 39 113 86 24 31 12 43 91 34 130 33 11 79 95 124 18 59 2 77 62 90 104 63 111 74 64 17 52 109 82 127 101 96 44 7 128 8 100 84 49 94 50 121 57 51 81 42 72 103 5 120 93 60 114 67 29 110 30 48 32 27 3 66 129 102 1 80 22 78 97 83 21 131 71 58 28 40 99 70 88 68 87 126 53 6 
 116: 41 31 28 122 77 115 29 15 33 60 40 106 112 116 95 86 55 113 10 48 75 101 114 11 88 108 124 104 99 2 34 85 27 94 8 79 81 32 74 73 129 3 97 78 126 66 96 72 35 56 67 22 65 91 71 54 53 26 76 135 38 90 13 69 110 83 25 92 121 17 1 128 68 131 59 30 7 62 100 58 57 107 9 19 5 52 80 24 105 84 70 98 93 64 117 109 42 87 111 49 16 39 20 120 51 6 18 125 21 14 89 0 36 102 130 4 
 102: 46 20 39 42 109 4 112 94 32 62 99 90 24 131 67 40 26 50 95 0 47 103 8 68 102 87 78 96 27 84 79 23 1 88 91 60 52 92 124 10 15 25 34 30 77 16 111 58 81 135 127 19 89 97 70 41 128 76 115 64 66 75 63 14 22 93 56 43 86 49 80 7 29 121 82 51 105 36 104 101 126 17 35 2 5 98 110 116 72 83 117 130 73 12 31 53 74 69 61 38 65 33 
 119: 75 93 122 87 112 97 19 100 59 101 65 131 135 18 95 124 77 1 84 51 64 63 32 113 72 89 61 13 90 121 106 110 71 120 35 43 129 25 44 104 56 85 29 111 24 9 94 2 8 17 20 38 42 80 54 92 5 69 79 130 83 91 10 53 28 37 4 41 0 21 99 57 58 49 47 66 46 76 36 103 6 15 67 128 127 73 109 125 86 68 30 31 88 115 98 40 81 33 14 7 78 52 114 116 62 117 26 22 11 126 39 96 82 23 107 108 105 12 74 
 99: 109 82 63 40 21 72 74 37 19 86 102 15 10 124 62 112 7 91 120 85 44 9 81 28 48 108 42 71 93 13 78 90 122 55 39 50 88 110 30 23 80 0 89 2 52 76 43 128 35 95 58 60 117 6 104 3 64 135 101 20 103 53 67 69 98 83 47 61 100 94 105 1 22 131 106 54 65 38 113 126 34 25 68 57 79 59 114 14 130 92 96 97 24 49 11 8 70 4 75 
 109: 90 50 82 44 117 71 65 99 97 3 49 78 9 36 54 64 85 59 94 92 55 104 38 52 105 46 100 68 96 45 80 17 66 63 8 67 21 93 76 87 124 120 35 127 122 43 60 22 126 107 0 57 125 116 24 79 33 10 14 110 103 23 109 32 115 101 40 58 34 62 89 91 112 26 111 7 6 106 128 88 56 47 1 77 42 72 61 16 13 27 129 25 83 4 11 18 41 31 98 28 19 108 53 102 74 131 113 86 130 
 119: 23 121 93 29 94 13 44 77 96 116 45 130 92 31 36 47 22 12 59 103 1 25 108 101 113 79 15 2 42 9 104 7 87 135 66 11 120 99 83 78 55 80 33 16 95 19 53 38 124 98 122 17 43 51 112 18 76 82 41 8 39 14 62 73 89 68 35 61 100 32 129 52 56 72 97 0 107 90 4 115 34 84 125 126 26 60 75 86 54 63 10 70 74 67 57 131 91 30 111 50 64 127 106 20 40 58 85 65 114 81 37 128 109 49 21 117 3 110 69 
 127: 122 51 28 74 127 20 116 6 82 35 73 22 115 62 108 75 80 128 130 129 78 38 30 100 102 12 23 107 58 27 21 61 37 88 17 121 91 10 55 46 36 67 97 85 40 113 60 112 96 24 47 57 95 70 110 106 43 104 1 94 34 32 16 84 41 15 117 26 76 83 39 3 5 14 103 92 56 109 0 131 4 101 98 89 87 49 19 8 68 52 125 64 18 79 65 13 44 42 33 50 31 63 45 93 111 11 77 53 2 66 72 48 120 124 86 114 135 7 71 81 69 29 99 54 126 9 59 
 109: 75 3 92 98 112 50 60 121 111 103 54 45 65 88 68 100 116 7 91 30 47 62 35 115 14 84 32 73 108 81 44 2 13 94 122 9 110 42 20 114 16 70 126 97 53 64 87 23 18 67 80 90 127 51 96 27 31 4 8 12 48 37 130 6 104 109 106 57 39 58 78 28 99 41 135 10 69 93 113 125 34 124 76 79 107 43 61 63 102 85 82 128 129 74 5 33 26 46 131 71 22 19 120 83 77 72 17 38 66 
 112: 115 61 6 18 103 1 7 70 21 71 62 3 55 47 51 25 100 78 79 42 34 69 44 11 122 107 65 33 127 72 102 43 108 16 64 99 68 114 10 74 4 32 30 130 46 13 59 86 23 94 106 128 48 98 129 87 90 17 57 9 35 45 117 2 125 0 91 41 50 26 121 24 73 67 20 49 36 135 124 131 110 38 92 29 75 126 95 40 39 82 76 14 112 54 15 105 97 88 58 93 113 31 80 28 83 5 53 81 116 101 12 84 
 101: 36 61 105 67 42 54 32 18 20 110 87 95 23 66 62 44 0 135 35 109 100 45 26 78 60 47 53 40 33 38 41 131 16 113 15 34 30 64 94 68 92 128 103 77 104 28 13 24 107 79 59 14 96 126 83 7 114 37 76 84 130 51 2 120 10 102 27 121 69 115 85 125 82 99 80 74 8 71 108 93 4 21 91 22 39 63 46 117 12 52 101 89 106 31 48 127 9 3 111 57 19 
 118: 94 81 61 88 77 67 53 26 21 120 8 104 70 1 42 27 65 0 85 131 100 7 71 11 66 41 75 44 102 97 36 87 22 29 2 19 86 109 98 58 128 23 101 68 52 32 9 92 80 5 110 135 24 83 74 30 43 95 89 117 124 37 56 105 90 59 13 63 16 45 20 73 10 31 64 127 115 57 121 51 129 103 96 99 69 39 130 3 122 55 28 72 84 125 126 47 25 106 34 116 15 78 33 38 4 14 46 62 107 112 91 111 17 54 82 49 12 76 
 129: 73 109 124 100 108 64 99 126 37 18 131 86 106 20 81 101 125 105 114 110 91 38 9 2 129 102 84 41 35 90 55 95 5 17 11 46 71 98 47 22 115 19 80 7 54 1 89 25 92 24 33 45 112 82 60 30 78 16 40 58 53 56 121 103 50 29 93 70 75 14 8 120 59 66 116 122 97 83 72 76 13 113 43 51 130 4 94 104 27 62 48 111 65 87 96 128 23 49 107 21 12 10 135 67 39 52 26 28 88 127 61 77 32 117 74 69 6 44 0 85 79 15 57 3 36 34 31 63 42 
 130: 96 47 77 31 60 61 26 66 72 111 100 59 102 6 21 74 20 71 0 63 57 108 58 34 19 17 113 28 38 78 110 16 75 79 131 121 125 25 22 112 11 135 122 85 124 104 65 73 68 32 12 2 33 95 45 55 97 69 106 86 98 87 76 29 36 103 48 50 89 53 24 56 5 7 127 46 91 88 41 107 49 114 52 117 92 37 13 3 115 18 99 42 39 81 54 23 4 1 15 27 64 94 83 30 130 101 126 43 120 116 14 51 70 8 67 80 9 84 44 10 105 109 35 128 62 82 40 93 129 90 
 128: 145 35 37 103 139 99 165 98 25 156 159 67 27 79 157 136 155 129 61 68 88 114 81 53 70 71 82 104 100 96 69 152 147 78 46 80 65 161 134 28 47 29 45 87 124 64 77 105 106 102 164 86 30 113 140 32 101 89 111 160 95 38 110 72 74 108 121 144 158 34 60 127 55 163 122 131 42 85 141 120 154 63 75 56 162 130 146 84 83 43 116 31 48 73 166 119 117 167 36 112 90 128 57 94 143 62 66 33 107 125 51 58 44 26 148 49 153 54 118 50 133 126 76 149 138 93 52 150 
 137: 129 40 125 161 82 109 99 142 164 165 166 49 110 149 101 163 104 135 114 97 145 167 162 80 148 88 128 57 38 123 93 85 50 76 53 31 139 153 79 138 137 118 113 168 56 96 35 83 32 117 90 36 42 70 46 107 72 126 77 47 58 155 45 121 158 131 65 157 133 30 86 81 91 87 37 64 39 150 51 60 89 48 147 119 152 52 112 106 102 127 92 159 100 103 151 71 140 26 43 73 33 108 34 146 55 29 28 63 67 44 143 94 54 154 59 68 25 84 156 69 66 116 105 62 41 136 122 115 141 111 132 134 61 120 98 144 27 
 110: 136 44 111 30 110 131 66 57 150 75 76 47 82 134 85 142 99 146 28 81 61 96 64 116 161 145 63 43 103 127 71 118 165 26 49 55 158 53 46 113 67 48 58 107 42 154 78 138 73 83 38 69 140 124 97 164 167 31 139 112 93 33 102 123 80 152 72 100 104 41 70 105 88 162 132 129 101 89 119 168 95 62 51 106 108 144 163 125 79 121 141 74 87 148 159 37 94 147 98 122 143 166 40 65 56 114 68 36 135 128 
 120: 103 49 159 87 166 107 33 66 155 120 104 99 111 85 106 52 163 93 30 128 64 81 112 167 149 25 72 55 62 133 70 58 162 127 122 67 141 35 78 28 144 110 137 131 94 100 90 142 156 91 80 101 153 76 65 60 119 98 109 43 77 143 118 139 92 34 121 168 136 59 47 68 102 150 82 54 69 138 154 105 44 160 151 130 126 114 73 41 75 157 146 63 116 74 165 31 51 37 132 129 123 36 158 29 124 32 84 26 27 145 42 53 108 61 79 161 86 147 39 57 
 125: 52 152 46 36 89 101 140 40 98 127 93 38 51 161 75 71 149 56 68 33 125 72 92 43 63 144 150 32 167 106 62 54 147 69 118 110 37 44 35 47 112 114 122 67 28 45 94 41 74 120 143 97 100 86 58 158 126 136 130 27 155 116 115 88 50 73 138 168 162 25 30 102 57 113 82 70 26 159 108 128 84 76 85 104 81 49 121 148 109 129 91 79 65 111 153 60 164 139 59 142 146 119 48 117 87 90 99 105 134 133 166 156 29 31 157 124 34 135 103 39 80 145 96 154 132 
 116: 144 119 156 150 70 91 29 145 153 87 120 117 48 111 126 157 166 33 44 96 106 63 38 88 159 55 141 43 137 98 67 142 85 64 75 61 32 54 103 125 123 133 69 115 66 110 118 151 99 92 101 31 77 154 148 149 124 102 84 104 90 139 26 155 94 62 135 60 160 83 82 112 129 143 146 121 25 105 136 108 128 68 59 58 152 56 50 73 34 27 65 72 122 147 100 71 81 95 134 47 107 158 131 113 28 116 30 49 97 42 109 130 76 161 138 37 
 108: 157 81 37 83 91 161 88 156 100 141 38 152 138 25 95 147 39 89 99 73 103 137 96 146 107 71 34 122 27 104 30 101 51 97 135 74 117 94 142 125 57 54 131 127 121 69 123 130 87 111 154 53 85 93 112 108 124 114 60 134 166 79 140 36 98 116 110 43 58 136 76 75 47 120 80 150 113 151 62 68 59 77 144 143 61 67 78 133 63 149 66 64 52 163 55 86 33 129 164 49 92 168 90 155 45 118 159 28 
 114: 29 129 152 119 165 135 154 139 151 58 160 141 143 37 96 130 95 88 34 115 133 42 128 79 81 124 127 93 57 113 66 52 61 36 60 162 132 149 112 39 44 84 63 91 78 104 146 140 131 98 72 159 97 28 137 118 101 53 136 70 82 56 87 54 46 76 102 59 107 147 45 120 77 90 86 155 138 122 168 106 75 83 68 33 40 64 55 48 153 150 74 116 32 51 148 108 80 111 71 167 43 26 73 25 69 49 166 117 92 163 158 100 156 35 
 118: 58 63 25 153 120 82 131 93 97 61 140 50 51 47 86 89 136 118 95 106 125 54 156 46 60 26 110 94 70 84 83 35 99 27 53 40 163 66 90 67 33 41 117 159 100 119 108 74 59 79 137 162 124 69 28 123 57 104 133 113 45 77 166 32 167 105 144 149 115 43 168 73 81 145 129 30 39 103 80 146 85 52 92 38 36 157 143 158 44 29 138 128 139 64 109 102 127 141 37 164 112 34 154 87 42 122 98 161 71 62 134 147 121 101 68 148 151 88 
 136: 141 168 51 28 123 59 117 107 106 60 58 124 73 54 152 87 48 165 31 151 63 44 129 46 76 127 33 167 113 53 89 57 143 161 62 74 134 119 150 88 109 140 75 101 45 72 139 157 118 32 69 70 93 148 158 155 80 78 133 61 164 121 79 26 90 125 162 122 92 128 83 144 147 159 42 82 116 163 55 36 110 65 166 132 49 105 98 39 71 131 146 112 96 27 25 64 68 30 156 77 102 135 35 47 137 145 95 149 85 136 99 43 94 66 41 114 126 130 81 52 84 37 104 40 108 111 91 120 142 29 153 38 67 56 103 115 
 129: 146 52 79 159 139 26 25 91 163 38 72 50 64 143 40 113 141 130 135 28 48 128 31 125 126 68 32 54 149 153 67 112 151 93 137 47 164 92 129 83 165 56 62 142 166 34 77 102 108 66 96 82 109 78 76 55 33 29 114 81 157 156 44 57 144 148 103 51 43 89 69 150 65 27 42 111 121 85 99 117 133 168 115 37 98 80 90 155 134 161 46 58 100 86 104 59 138 39 70 60 97 118 36 101 136 116 61 87 167 162 88 63 35 127 110 158 152 154 84 49 41 124 106 45 71 95 145 73 75 
 137: 164 80 121 115 153 77 73 163 147 27 55 106 159 61 31 78 45 132 120 36 141 148 58 56 134 79 29 109 102 88 144 124 129 89 165 125 37 123 82 98 99 104 71 83 108 154 101 87 28 46 122 143 33 142 75 114 42 40 133 51 44 145 43 67 97 32 68 72 111 100 62 65 103 50 86 167 48 47 168 92 140 38 139 118 49 162 127 157 116 126 52 91 54 84 130 81 53 66 60 110 85 105 76 151 160 34 57 156 30 117 39 112 146 137 69 70 135 41 25 131 149 128 90 158 63 138 152 64 93 94 119 155 26 161 59 74 166 
 141: 130 28 87 90 109 59 156 147 137 48 99 32 88 158 166 61 27 111 84 30 125 126 122 106 31 135 42 89 33 139 101 43 104 75 133 77 124 47 67 60 80 114 145 97 69 160 35 95 143 56 62 49 136 148 25 161 110 103 167 168 144 100 142 68 102 91 73 154 140 52 79 54 44 150 165 146 105 38 86 131 29 128 162 108 118 129 152 107 74 34 98 92 46 40 127 72 151 82 85 26 96 94 65 57 55 66 76 78 119 81 113 93 41 70 149 157 51 39 45 164 37 64 123 120 163 63 58 116 132 117 138 115 71 112 153 155 36 50 121 159 83 
 115: 154 56 142 110 73 32 93 149 129 30 67 147 145 105 40 39 83 84 159 157 69 143 35 146 82 49 109 106 87 33 70 57 152 26 162 160 150 121 100 44 155 77 108 72 102 38 91 46 53 52 92 164 61 99 156 158 111 115 65 88 140 151 64 138 25 148 135 127 62 144 122 81 123 95 27 163 31 89 75 118 36 141 125 97 60 128 29 71 104 63 161 107 58 74 68 130 133 132 166 55 131 114 119 66 80 120 43 168 139 117 90 86 98 54 101 
 117: 66 58 110 111 145 141 116 146 50 85 103 125 59 132 82 153 136 73 161 32 26 113 52 164 42 67 35 40 104 74 167 48 86 155 57 55 90 144 129 80 160 54 81 60 25 84 106 130 142 156 112 135 105 61 92 133 53 64 108 41 95 119 114 51 121 137 71 148 118 27 87 150 120 154 101 83 98 76 117 88 158 163 127 63 96 126 134 46 147 62 100 149 152 45 94 157 162 89 143 37 165 33 159 78 138 49 31 44 28 168 123 91 124 131 29 115 77 
 140: 34 146 116 88 78 93 124 106 113 31 109 117 68 79 128 85 75 158 30 99 29 44 66 36 134 133 161 141 82 165 96 138 114 105 25 61 91 42 94 104 53 125 38 80 156 54 135 162 77 63 69 76 58 40 129 151 56 107 62 159 98 26 163 60 168 59 140 108 130 121 57 28 123 90 55 86 73 65 149 120 118 112 50 45 67 43 41 127 115 89 145 100 139 97 148 64 95 71 122 87 166 152 39 160 153 49 126 164 52 70 83 157 103 51 150 48 81 143 155 46 35 102 92 74 119 72 84 37 47 142 167 137 111 27 101 131 136 132 154 110 
 109: 95 63 115 37 87 109 152 107 142 94 131 88 36 61 148 166 157 76 113 140 27 144 65 102 89 126 161 158 122 82 25 162 74 80 41 83 134 26 77 78 124 151 99 71 32 156 96 70 84 42 69 159 97 143 66 62 33 67 54 72 85 92 90 155 50 150 118 68 153 104 60 91 127 121 34 57 101 52 30 51 163 110 116 165 106 64 86 139 81 168 130 129 55 53 138 146 111 93 120 123 40 44 100 59 46 167 119 135 45 
 114: 155 126 121 61 161 149 44 119 64 136 40 33 36 159 58 112 113 132 135 65 70 154 89 77 133 62 166 120 83 31 168 80 114 117 158 25 57 29 105 98 125 30 50 45 157 95 111 107 164 91 150 78 151 54 39 47 153 99 162 66 56 55 71 52 140 115 88 32 81 82 109 43 102 73 49 46 84 60 167 131 28 101 34 160 79 129 124 141 41 147 118 67 106 100 72 146 26 75 148 130 156 97 86 85 143 59 163 103 53 144 110 35 137 38 
 118: 74 142 160 125 27 32 76 106 159 156 145 88 112 99 166 111 39 143 140 65 80 117 91 163 86 141 167 82 113 94 120 131 135 138 150 152 61 133 122 109 28 114 48 37 25 56 158 54 146 77 97 47 66 105 44 129 102 68 136 84 60 62 93 49 71 121 128 132 40 98 70 38 95 41 101 26 51 63 154 118 31 83 100 126 161 144 90 73 119 134 35 43 149 53 108 59 87 165 57 75 155 116 127 153 81 124 137 69 130 162 139 107 157 64 151 89 52 85 
 140: 106 90 89 164 63 72 104 83 41 122 60 31 50 48 45 108 70 29 66 141 128 151 38 86 77 148 97 96 150 87 121 73 107 130 39 154 51 120 26 69 137 100 136 162 28 43 139 58 166 78 112 36 99 47 79 114 160 88 35 32 165 67 142 92 116 95 133 159 138 127 157 119 125 94 132 44 103 167 105 25 54 91 46 152 155 161 74 110 42 129 135 156 168 118 71 147 93 85 37 64 80 102 145 123 163 75 59 146 111 76 40 153 65 98 144 126 113 131 68 62 82 101 124 134 33 158 55 143 117 84 30 149 27 115 81 109 52 57 56 140 
 125: 162 167 76 67 49 81 35 44 66 41 36 144 98 51 34 56 57 99 112 152 107 73 114 146 97 101 63 74 61 93 150 117 108 94 43 46 62 28 64 72 134 129 59 90 132 121 60 113 85 106 91 70 126 154 159 145 55 116 130 153 80 89 138 164 96 102 47 163 42 118 141 27 105 29 111 82 38 137 115 79 53 92 136 26 124 100 30 86 128 77 166 127 149 68 45 158 84 131 52 40 58 33 139 65 168 125 155 147 71 156 31 133 140 103 143 25 151 75 109 83 78 110 119 161 95 
 126: 127 67 83 30 126 77 141 167 74 116 96 113 26 72 143 59 85 28 131 90 119 128 71 147 144 73 100 41 146 93 63 86 82 91 164 98 145 46 89 29 25 35 92 78 134 160 95 94 158 50 130 118 34 133 148 47 53 110 122 108 101 136 70 124 117 64 140 99 159 129 60 161 135 166 105 75 27 45 58 87 125 36 162 154 39 51 111 33 115 153 152 37 103 112 163 102 62 107 66 149 56 137 84 76 44 57 31 97 165 114 155 88 79 123 132 40 168 68 49 142 61 69 151 150 32 55 
 132: 159 38 146 122 161 67 41 105 92 115 71 114 59 140 82 53 76 154 29 43 32 30 135 100 83 85 88 138 129 124 93 51 104 75 80 94 149 39 166 110 66 164 157 65 54 142 42 119 77 120 45 81 162 167 31 102 152 127 36 48 63 160 101 73 34 168 56 136 112 49 64 113 70 28 147 134 35 131 117 118 103 163 165 40 155 123 143 33 151 137 26 107 46 78 121 99 62 153 109 158 50 44 148 98 52 60 25 90 68 74 91 79 111 116 58 61 27 96 130 128 86 57 125 145 108 47 87 69 141 126 144 55 
 140: 42 120 159 106 31 110 132 85 36 155 125 95 146 64 158 148 168 104 152 127 164 34 129 38 99 102 105 45 107 47 137 62 91 49 136 84 163 165 90 94 76 139 57 138 51 114 131 25 109 58 97 41 135 154 60 112 113 70 149 56 119 92 156 123 65 83 80 28 93 46 140 73 115 35 98 43 52 82 117 157 153 29 118 27 133 37 147 55 161 160 122 88 145 108 78 142 81 128 144 79 103 86 63 68 69 75 89 96 162 72 67 124 121 33 101 126 39 100 26 59 32 53 111 61 143 130 116 40 166 87 74 48 54 150 71 167 134 30 44 66 
 122: 153 144 155 80 29 74 107 125 132 97 40 148 112 71 110 43 152 160 135 151 165 115 103 141 117 26 128 164 58 61 161 130 69 87 57 68 52 116 73 77 147 133 142 27 48 64 78 41 101 118 51 91 109 93 53 31 102 158 145 131 163 149 138 122 79 65 162 166 129 36 127 42 75 70 126 39 85 123 105 108 92 32 121 150 54 44 50 124 88 100 113 56 63 136 168 106 72 35 134 76 37 139 146 81 38 90 99 49 89 66 140 86 46 82 45 120 33 167 143 25 84 114 
 108: 144 108 109 71 36 149 29 153 68 42 64 150 47 51 167 142 166 89 58 130 100 55 127 26 33 49 122 79 117 160 34 48 139 63 112 50 90 102 40 28 65 126 70 88 125 54 74 27 92 110 124 53 31 151 159 129 99 82 45 75 157 38 59 94 154 136 162 119 37 107 30 123 141 163 135 46 52 67 41 69 128 158 137 146 78 106 44 96 93 121 39 84 83 105 101 91 80 152 131 43 132 73 85 161 118 114 62 66 
 108: 69 76 62 89 141 117 140 42 80 103 164 110 68 152 93 144 123 77 72 165 133 128 55 60 127 146 122 56 147 28 124 33 162 158 136 101 36 130 105 35 49 135 99 64 116 111 45 151 63 25 153 78 160 143 84 32 87 67 37 82 39 157 59 166 126 150 48 44 47 154 27 113 155 31 52 118 107 29 121 92 145 106 75 100 94 102 73 112 104 97 81 30 61 115 138 38 98 129 120 79 137 132 95 50 163 108 125 167 
 136: 45 119 74 44 73 152 35 37 58 123 139 124 149 102 77 113 100 91 62 143 140 71 115 59 154 39 89 134 43 126 55 65 162 76 47 136 130 107 144 51 112 163 96 157 92 28 26 110 133 84 158 29 93 48 60 56 25 141 83 151 78 167 53 150 106 122 85 61 97 104 50 54 116 63 32 138 30 99 160 90 41 87 95 111 127 31 67 72 64 86 153 33 52 101 103 118 168 121 81 27 36 159 34 94 146 117 88 155 125 49 128 82 148 137 129 68 135 79 120 69 114 108 142 145 161 156 165 38 109 66 75 42 80 40 147 70 
 138: 83 75 118 101 117 37 149 94 31 84 48 110 67 100 139 133 98 106 148 65 74 66 29 126 30 57 78 69 166 38 51 104 42 131 52 79 157 163 60 138 167 162 49 85 140 154 156 50 125 151 28 130 124 32 128 47 144 111 39 95 58 64 146 44 86 147 35 119 87 134 145 113 108 92 54 160 89 97 62 26 116 143 59 40 158 46 136 121 165 120 132 25 153 150 137 41 161 53 90 33 88 93 34 55 122 168 129 96 36 72 81 56 155 112 80 127 77 109 115 91 61 105 107 141 99 73 159 71 27 43 63 82 135 45 164 70 103 123 
 120: 156 148 78 157 46 124 29 120 69 103 101 166 114 134 86 121 128 52 35 45 131 27 150 153 28 41 63 75 139 37 84 141 36 140 77 155 133 127 136 106 167 80 142 91 116 147 31 163 62 87 125 85 100 164 159 71 68 82 144 122 113 25 65 40 152 73 48 151 39 97 54 105 34 108 59 61 26 57 143 99 96 145 107 83 50 30 95 129 32 149 154 43 104 67 109 42 168 56 132 64 44 60 47 66 98 115 118 79 74 161 137 111 94 33 53 110 72 89 81 130 
 135: 87 114 105 102 32 36 78 62 101 49 134 76 54 164 91 60 55 100 47 107 26 74 135 64 147 27 51 61 104 139 81 163 116 155 57 150 99 84 65 122 118 103 96 66 156 126 38 86 142 89 82 70 34 29 158 59 83 98 79 31 28 94 166 137 48 88 39 110 119 121 144 30 77 92 160 148 149 168 131 53 145 33 90 152 85 162 129 113 159 46 157 128 117 111 50 25 37 120 68 41 167 141 58 127 108 106 115 130 109 143 35 45 138 42 43 154 165 40 71 112 97 63 132 80 67 69 44 93 151 95 124 153 161 133 146 
 117: 130 34 44 50 68 54 46 33 132 39 41 64 48 117 113 139 140 150 78 77 136 135 61 124 166 70 125 93 91 153 162 89 157 81 109 122 152 40 80 104 74 142 168 111 97 121 71 102 123 38 57 79 165 75 154 37 156 51 66 126 69 29 85 95 27 86 120 114 119 62 31 72 25 100 118 115 92 138 82 110 105 42 60 144 47 116 94 145 167 90 143 67 107 108 147 101 137 129 160 99 84 87 155 65 133 159 128 103 88 76 141 28 55 127 26 98 59 
 134: 29 97 45 152 130 100 132 96 90 59 65 144 142 120 54 162 114 84 69 127 121 157 49 106 102 74 133 73 37 155 159 161 119 31 78 77 149 70 136 94 156 135 64 34 55 86 82 62 63 39 116 128 91 124 40 122 57 168 104 38 166 41 141 147 30 146 85 72 167 60 150 139 110 111 81 137 163 109 27 36 126 151 87 103 58 105 165 68 160 138 46 164 33 117 53 145 66 108 26 107 52 112 83 71 43 134 93 148 42 28 75 129 88 76 92 153 98 89 101 115 154 143 79 25 125 56 123 51 95 48 118 61 99 158 
 141: 76 68 132 99 149 48 91 36 33 161 164 46 96 51 111 41 100 74 94 135 118 70 101 67 30 168 80 139 152 38 154 54 155 50 28 119 72 64 84 35 53 81 31 147 127 42 47 78 120 25 56 66 45 49 141 95 37 148 115 89 160 32 44 125 103 150 52 159 105 69 131 58 79 87 146 138 65 97 90 62 71 85 153 126 156 162 57 112 88 60 158 142 82 163 121 116 123 86 83 144 98 29 104 140 34 143 134 133 129 124 106 113 39 92 117 130 110 55 151 59 63 43 157 128 40 73 109 136 77 145 93 122 61 114 165 27 107 137 167 26 166 
 111: 85 47 138 39 33 91 126 43 117 157 121 59 42 123 88 56 137 76 57 102 132 101 77 73 68 124 125 116 46 25 71 134 114 142 150 146 145 154 60 139 152 160 82 54 105 75 136 119 115 86 163 32 92 111 72 99 128 52 162 93 28 44 167 69 80 51 158 109 55 98 113 65 129 104 89 34 140 94 164 62 112 155 26 110 100 130 96 49 108 149 161 165 48 64 30 81 90 67 159 95 107 40 120 53 35 58 37 135 147 166 83 
 115: 81 114 77 25 121 46 136 75 89 131 74 60 35 152 127 122 43 151 90 68 76 27 141 26 149 87 106 140 96 154 85 64 145 92 153 51 55 138 53 70 134 93 116 44 107 91 97 57 150 34 133 124 66 158 78 117 72 165 59 166 155 110 143 56 147 142 61 52 42 125 101 129 40 123 82 38 32 164 120 99 73 63 67 79 69 118 65 47 132 139 148 144 128 108 146 168 54 157 115 33 159 103 94 156 105 80 30 95 161 45 28 71 167 109 83 
 141: 74 69 164 99 56 163 101 103 62 70 75 158 34 107 41 25 85 112 90 60 129 71 116 36 48 109 61 47 138 59 161 63 141 66 121 88 42 80 113 46 49 58 145 81 162 157 111 102 152 37 131 84 51 57 94 78 96 120 165 155 115 135 79 137 98 95 45 144 52 127 97 142 31 73 39 76 86 140 87 106 153 44 117 149 26 92 77 28 55 40 114 54 132 168 128 82 130 136 166 159 160 156 32 151 139 64 134 122 150 133 148 83 110 119 104 29 100 72 93 154 124 108 38 35 143 89 91 33 27 167 68 50 43 146 118 67 126 125 123 65 147 
 143: 57 48 130 102 39 156 155 46 148 97 53 100 115 80 159 82 94 89 62 30 150 88 91 141 112 31 81 36 101 45 66 122 32 149 163 84 75 87 37 119 92 107 98 35 72 59 78 116 162 153 90 154 69 86 125 140 52 99 129 124 79 104 136 61 77 158 50 144 64 145 139 43 70 54 44 42 146 128 67 74 58 113 106 110 68 28 167 157 147 114 56 142 151 138 118 25 83 49 164 143 117 34 123 71 93 161 109 111 29 47 33 121 131 135 85 120 127 133 27 40 65 95 105 152 60 38 137 55 26 63 166 168 134 51 76 132 160 73 103 165 41 96 108 
 121: 146 138 60 115 70 34 168 28 41 107 158 47 114 65 30 108 127 144 101 48 128 99 61 79 53 27 121 118 91 149 87 131 120 26 154 83 80 58 25 126 104 123 163 74 162 46 157 42 111 62 31 116 32 95 165 136 140 37 151 76 161 50 143 77 106 167 137 39 51 109 85 113 93 159 102 64 44 88 63 35 29 142 117 56 73 97 49 75 150 40 94 122 92 145 105 156 96 160 90 43 78 112 139 133 36 129 72 141 155 38 148 82 45 110 103 86 81 164 59 98 124 
 113: 134 155 139 53 73 93 59 48 133 37 104 168 114 84 141 105 159 65 136 102 100 162 71 78 45 70 128 147 164 43 121 42 41 142 86 49 138 123 140 32 154 91 158 34 111 103 126 82 124 112 46 64 57 62 39 120 44 107 130 55 87 135 60 108 101 163 28 118 151 26 29 69 109 36 72 68 30 56 127 97 38 144 99 52 75 81 80 167 88 50 25 76 149 83 58 47 27 110 94 90 89 131 54 74 165 166 125 145 129 143 63 137 153 
 142: 110 51 112 89 70 40 69 149 71 90 58 91 85 53 88 151 67 30 29 94 105 118 145 108 37 41 123 47 87 125 99 78 117 103 59 46 135 164 160 136 66 126 101 127 73 113 42 161 31 111 49 74 26 92 39 122 52 48 50 102 44 150 142 147 63 129 130 33 27 93 83 132 98 81 146 153 128 120 154 155 84 114 137 32 138 157 119 36 141 109 133 97 77 100 95 163 96 156 68 168 55 82 65 76 115 60 165 62 61 79 56 57 80 121 158 38 139 86 166 148 159 152 72 107 104 124 35 64 131 43 25 116 28 34 162 134 140 54 75 45 143 144 
 122: 83 116 126 141 67 35 95 162 53 107 101 129 91 77 156 150 104 97 26 120 114 134 163 164 151 25 40 88 110 44 89 112 108 74 43 27 149 65 155 48 42 123 57 62 152 105 96 160 135 85 131 102 76 168 147 58 111 106 136 161 50 59 86 49 34 69 119 30 32 133 153 37 148 46 60 45 128 75 98 145 159 47 80 100 82 36 165 146 52 87 139 121 33 115 54 79 158 143 55 154 132 118 78 99 73 94 124 38 84 137 138 41 66 71 56 140 130 117 70 31 167 51 
 123: 61 133 39 145 161 42 92 95 82 141 125 158 40 116 27 144 126 148 96 140 44 124 150 142 26 36 155 136 152 85 73 137 83 56 122 30 67 111 159 119 103 35 106 55 25 59 65 153 147 156 46 93 99 101 115 98 154 163 110 128 104 134 149 34 88 146 66 32 69 38 164 118 160 89 130 70 58 94 53 129 168 80 33 76 121 165 31 64 45 62 71 114 29 112 51 100 131 113 74 78 75 132 157 117 49 68 91 81 123 63 37 120 138 48 166 108 57 109 139 162 41 47 135 
 125: 87 44 122 66 92 94 70 140 103 157 144 158 58 63 167 67 93 36 150 96 81 123 109 149 37 42 32 27 95 111 72 76 133 128 107 82 104 101 97 47 136 40 131 106 125 79 160 49 75 73 28 113 151 100 99 61 137 65 91 34 84 155 48 38 117 168 102 50 41 129 135 161 68 35 54 39 90 164 52 86 56 165 60 31 57 115 127 29 55 141 159 118 154 74 138 110 98 69 26 143 25 30 77 46 51 80 120 112 145 148 108 71 121 142 162 132 89 62 156 114 139 53 85 130 147 
 120: 92 142 31 155 52 119 28 143 141 56 37 48 33 46 107 139 29 73 67 75 149 91 150 102 70 49 86 115 120 85 71 25 117 76 26 62 43 80 118 95 112 79 128 136 116 152 137 39 132 111 59 38 58 109 64 35 105 55 32 87 98 167 130 124 138 154 135 145 156 103 77 65 121 47 110 153 134 106 90 158 45 133 164 144 81 123 42 108 168 96 104 72 146 78 129 61 125 165 50 66 148 40 74 163 113 151 82 53 162 157 93 51 54 160 83 140 84 159 99 60 
 122: 118 38 76 41 80 138 93 46 130 136 143 127 150 152 82 124 92 28 153 126 74 164 81 146 59 102 107 95 134 119 151 111 145 105 165 31 162 48 161 158 58 86 137 57 70 157 94 66 99 168 166 27 113 25 61 120 154 159 98 45 85 155 110 149 54 160 62 141 63 163 39 26 97 131 49 100 156 32 69 104 53 34 128 60 116 132 87 30 72 51 101 89 65 67 103 147 33 96 108 90 83 125 148 123 42 121 55 133 44 109 56 50 71 106 52 84 35 78 68 64 73 114 
 117: 50 107 51 157 149 104 68 28 49 92 45 153 161 41 90 76 124 162 135 30 74 55 131 113 136 150 137 57 84 62 120 117 151 66 29 141 146 81 160 87 112 65 103 80 25 165 98 166 42 139 143 46 164 152 83 95 40 72 96 155 91 102 70 64 43 163 123 54 158 78 138 101 147 116 127 53 36 69 48 79 128 121 125 132 27 159 77 133 122 97 93 154 126 34 115 110 100 94 60 129 89 86 130 56 44 26 82 108 106 71 105 85 140 119 145 109 32 
 136: 89 106 141 36 85 138 114 75 100 58 148 142 91 39 72 68 157 119 41 135 101 140 65 163 43 127 164 146 125 35 99 51 137 136 113 96 86 167 133 158 139 59 126 46 134 104 64 56 145 54 117 40 25 120 60 38 153 79 165 123 130 33 49 154 63 83 88 76 47 26 98 149 118 92 121 105 69 122 110 143 116 81 95 144 90 109 152 87 74 111 30 50 102 44 31 150 29 166 108 78 97 132 73 32 159 155 162 53 52 93 42 66 27 82 84 151 168 55 124 103 129 131 128 57 70 160 161 147 77 80 67 71 62 107 94 45 
 140: 25 71 127 78 145 98 126 35 59 41 67 150 51 69 106 76 83 110 52 47 48 70 124 79 72 87 168 88 144 165 152 32 134 105 62 113 91 116 85 133 157 65 100 137 94 167 138 143 146 135 68 92 128 45 43 63 26 131 31 123 142 107 129 66 27 75 155 159 120 158 93 140 44 130 95 118 122 156 154 61 115 101 46 166 151 55 49 29 125 56 28 84 99 37 147 60 139 153 64 81 109 162 80 53 34 90 112 38 161 50 86 164 57 42 163 39 97 136 119 132 73 89 74 149 77 102 82 58 54 36 40 104 30 114 148 96 103 33 141 117 
 91: 226 192 228 243 182 153 230 227 202 154 191 218 174 188 165 195 235 151 164 238 229 175 205 162 181 244 156 254 222 171 234 160 183 209 163 167 172 255 179 245 223 177 198 199 189 173 196 215 200 184 193 220 194 157 186 187 224 169 161 221 212 170 211 203 241 180 214 178 176 225 152 185 159 197 250 210 168 219 204 201 239 217 208 166 236 232 158 207 190 237 233 
 73: 245 181 157 220 238 222 228 151 250 180 204 152 198 211 184 190 226 179 215 224 167 254 236 232 209 186 233 196 165 187 176 171 201 202 239 161 158 195 172 170 168 219 217 182 153 214 163 255 213 162 155 166 231 225 212 169 208 173 240 193 205 229 191 185 218 177 156 210 160 221 164 243 194 
 81: 185 216 178 203 191 190 213 198 212 243 162 195 244 183 167 184 218 186 233 220 241 171 245 181 232 200 166 170 179 165 250 229 182 217 255 176 230 209 192 231 197 153 254 224 207 238 222 234 214 202 187 174 226 215 173 196 160 201 180 169 205 175 189 172 188 221 193 159 235 156 161 204 223 158 219 155 237 163 210 157 240 
 82: 241 154 220 238 180 185 207 176 196 230 160 223 232 161 162 178 177 240 156 203 226 195 191 159 153 163 164 227 152 231 173 194 157 239 243 250 189 179 205 209 168 171 254 229 236 186 192 233 215 166 212 167 193 172 184 218 216 225 204 174 211 181 175 200 170 208 213 222 183 244 158 206 182 255 202 187 197 219 245 190 234 201 
 88: 219 186 153 155 209 160 198 245 225 192 201 189 214 190 204 200 197 178 175 238 157 254 239 233 191 220 180 156 152 213 240 231 235 230 222 232 210 223 185 168 167 206 196 164 244 236 170 172 216 151 250 211 217 173 224 181 237 234 171 221 218 228 176 159 208 227 154 187 179 215 193 207 226 183 184 229 202 188 194 166 165 169 243 162 158 182 212 177 
 73: 207 165 217 166 218 171 223 201 240 172 238 237 183 189 170 158 196 206 221 216 164 209 239 234 215 254 157 176 185 181 208 160 151 195 178 175 154 227 214 235 199 250 241 205 191 161 153 231 245 174 190 229 152 243 233 244 200 211 156 226 182 187 173 197 224 155 219 168 202 180 167 184 179 
 75: 243 202 163 151 214 211 232 187 152 215 173 237 182 169 220 177 181 183 154 244 161 254 198 209 227 206 190 201 216 218 200 153 233 225 180 165 155 208 162 231 250 245 156 186 179 197 194 196 236 205 238 170 223 168 164 230 174 212 224 217 213 185 234 188 189 195 228 159 171 178 226 158 204 241 184 
 76: 244 152 199 163 209 162 216 195 200 245 212 177 191 158 165 193 226 188 210 164 184 233 211 224 239 154 229 160 206 192 227 205 157 221 238 170 180 172 243 232 215 240 166 214 194 204 217 176 203 254 187 236 175 159 222 171 201 153 185 230 190 178 169 219 156 181 207 237 218 223 173 208 174 168 220 186 
 76: 189 254 194 240 221 153 183 243 158 193 162 157 168 181 237 152 226 231 156 236 165 216 205 198 218 159 219 154 239 191 178 190 203 179 167 209 222 184 170 212 255 201 187 163 217 186 225 155 197 161 234 199 206 192 171 174 220 177 166 185 175 195 227 250 173 188 182 223 245 224 207 244 204 229 213 215 
 90: 255 189 164 229 211 167 208 224 214 169 159 234 195 237 166 188 235 175 162 196 184 222 233 198 157 197 173 174 153 231 232 190 160 228 172 177 227 194 187 223 181 183 192 204 182 236 245 206 191 207 200 220 230 244 203 205 213 193 156 216 241 201 221 209 185 226 254 163 240 202 219 250 199 178 155 168 217 179 210 218 212 161 165 170 158 243 225 154 152 171 
 88: 233 216 239 211 179 190 182 195 214 231 201 174 238 183 223 222 170 160 244 225 208 181 236 171 158 215 221 177 213 255 228 154 184 194 241 217 180 191 163 176 198 203 172 168 185 192 173 161 200 206 152 237 189 226 229 188 199 243 230 193 187 197 169 205 156 167 218 202 254 245 151 212 232 166 153 204 250 164 196 157 175 227 220 165 219 155 224 178 
 76: 174 172 217 198 245 175 231 196 163 220 192 226 202 210 236 158 165 183 203 229 186 190 171 156 193 216 160 235 250 187 170 255 151 164 167 188 218 215 222 239 227 212 177 232 244 224 238 221 219 184 178 200 185 213 152 225 159 243 179 209 201 173 194 205 154 161 195 254 233 199 211 168 208 181 169 157 
 97: 181 161 233 162 197 205 189 222 213 165 243 168 255 234 254 241 223 221 171 229 216 224 194 227 163 155 203 166 159 170 225 202 208 212 220 211 230 207 172 193 219 174 232 157 217 204 218 184 183 178 201 206 215 158 226 236 237 239 152 176 195 244 160 151 167 235 153 187 186 238 179 191 156 199 169 173 209 210 196 231 214 240 192 188 198 190 185 180 245 182 175 154 200 164 250 177 228 
 81: 219 184 232 213 178 243 230 221 216 152 198 207 223 157 255 182 236 234 161 171 191 226 237 156 187 179 201 172 189 185 220 205 244 190 195 241 227 231 214 225 250 169 238 186 162 197 200 228 239 212 194 193 154 151 206 181 196 203 208 233 164 215 211 158 177 173 224 175 183 218 180 165 199 170 155 254 245 153 202 210 160 
 73: 207 194 234 164 153 176 163 209 231 237 200 181 184 199 240 213 217 168 159 186 228 179 183 235 182 152 192 219 193 218 250 224 230 222 174 196 223 236 195 167 206 238 173 215 185 255 198 151 197 162 187 161 166 233 201 180 178 254 244 220 189 190 203 208 225 175 172 229 210 204 214 169 160 
 94: 155 231 209 166 255 221 203 174 244 224 191 177 163 230 185 156 236 238 214 235 198 170 186 168 181 187 254 210 226 154 228 196 173 172 167 213 208 219 229 205 178 151 180 175 192 202 195 194 200 250 217 184 158 216 225 222 182 165 171 188 160 237 234 152 164 179 190 193 218 243 176 206 232 223 207 227 215 162 157 183 197 169 161 211 245 153 204 201 220 159 239 233 241 212 
 94: 159 214 255 198 165 223 234 203 236 155 230 221 208 151 156 201 174 250 183 238 233 205 254 161 180 184 237 185 158 244 226 192 196 190 195 204 191 170 243 213 231 235 207 162 160 241 178 152 209 212 193 200 176 232 217 157 218 188 224 194 164 186 239 172 227 215 181 175 202 169 229 228 182 168 179 219 177 245 240 211 220 199 189 225 197 222 153 163 216 210 173 171 167 187 
 92: 227 185 230 184 169 229 183 203 221 211 207 196 245 194 198 218 155 224 187 205 213 239 167 202 233 193 215 219 237 156 152 216 164 177 210 234 220 241 240 168 163 226 228 212 232 195 154 176 162 160 181 182 175 254 179 192 197 159 174 238 214 172 222 243 235 170 231 189 166 208 206 201 151 180 191 236 161 209 204 158 171 225 250 178 223 165 188 217 173 200 199 190 
 90: 239 179 159 182 250 155 205 176 169 210 186 232 237 224 157 168 241 200 201 213 196 193 229 177 226 167 254 222 174 218 192 207 203 214 181 154 197 211 185 156 235 255 204 180 212 243 153 216 244 202 209 219 178 233 206 234 158 163 238 231 194 183 151 195 152 228 217 166 184 161 245 160 172 220 165 215 221 162 175 171 230 225 191 190 164 227 198 240 236 199 
 84: 241 223 235 232 193 225 226 222 177 245 160 228 172 220 214 210 195 236 174 250 190 192 151 200 199 165 162 163 209 170 152 169 215 207 188 227 155 216 219 185 181 180 217 161 255 182 208 201 183 153 218 179 157 244 224 204 213 178 198 156 234 166 176 205 194 206 229 203 164 212 240 189 154 238 186 187 231 196 168 175 171 239 211 191 
 84: 196 157 250 151 193 230 243 166 204 223 235 173 199 236 176 159 155 206 167 160 228 221 152 213 244 214 210 224 240 234 183 164 186 198 209 181 165 189 170 175 163 222 227 154 212 225 191 195 232 185 174 184 187 188 208 172 233 241 192 201 255 162 194 237 200 218 182 169 211 153 171 168 161 205 177 180 226 158 156 238 178 220 216 231 
 86: 229 184 152 185 151 228 168 175 171 183 179 194 196 230 190 186 199 173 188 165 212 236 203 211 155 231 154 181 209 225 201 221 238 157 166 163 223 244 193 161 243 177 191 239 204 235 206 156 220 234 208 187 200 240 207 210 245 241 222 215 227 192 255 237 254 195 170 172 219 213 174 197 159 180 160 226 198 218 217 176 205 169 216 224 182 162 
 75: 178 193 237 184 230 167 226 202 217 156 176 241 179 186 200 165 250 152 185 154 199 205 173 221 206 161 236 168 174 214 190 183 254 203 189 153 222 194 158 166 171 233 163 164 225 235 232 223 188 227 243 216 191 245 240 160 208 239 204 155 224 213 195 209 231 198 255 211 219 201 220 157 182 234 159 
 85: 236 163 170 175 181 176 151 202 172 214 174 212 159 221 198 203 215 188 239 219 255 232 245 152 216 193 154 213 254 234 187 189 167 244 227 208 207 233 160 222 200 220 210 156 169 205 162 223 196 238 217 201 192 171 237 185 182 231 224 211 209 206 164 157 173 180 228 190 241 225 178 183 179 229 153 165 230 155 184 218 191 197 199 240 186 
 76: 237 205 196 157 250 175 160 210 171 206 193 179 226 232 245 191 202 215 218 182 184 187 229 233 189 156 225 163 230 180 203 162 168 161 216 243 165 240 217 181 234 213 209 212 155 211 170 222 244 199 208 221 172 235 176 186 188 228 198 255 166 153 151 158 200 224 223 154 236 207 254 174 219 201 195 241 
 94: 214 219 151 167 157 255 154 203 210 200 189 156 206 213 166 181 159 179 250 245 152 216 225 170 175 186 177 223 196 227 238 237 153 176 195 220 224 194 218 211 209 243 212 229 201 191 173 208 204 215 217 222 198 241 163 162 233 184 221 254 178 188 235 197 187 231 171 169 244 180 160 207 193 172 190 202 234 236 232 230 161 182 185 158 199 168 205 155 240 174 226 228 192 239 
 77: 211 215 208 216 196 212 176 169 161 217 177 184 202 181 193 219 227 254 245 167 225 159 221 194 239 236 204 228 156 180 206 185 173 203 170 151 201 224 162 235 237 213 244 160 241 155 198 214 153 165 183 168 199 166 210 240 220 187 174 188 233 223 164 179 243 182 195 234 157 192 197 209 189 238 232 226 200 
 83: 153 154 164 239 217 196 185 227 171 157 159 182 184 240 230 186 191 168 226 174 160 254 176 210 218 198 228 202 235 172 169 222 199 162 232 207 156 250 243 180 165 214 163 151 201 205 212 179 224 170 211 213 197 236 223 244 233 204 183 203 238 173 231 193 192 194 237 200 206 178 229 177 220 219 188 152 209 155 221 234 245 167 241 
 91: 214 235 231 207 211 232 224 170 202 227 196 165 203 192 171 215 179 154 188 254 221 218 173 163 234 209 244 225 199 212 243 240 187 158 198 183 155 168 161 189 204 217 153 169 162 152 213 237 186 205 190 197 238 241 151 216 194 180 193 226 230 175 200 206 228 195 255 167 191 157 185 184 160 208 181 201 210 219 176 174 182 223 229 250 177 164 172 222 166 233 245 
 77: 240 195 169 235 160 206 202 191 154 185 218 183 221 204 199 186 173 197 175 232 217 152 166 174 210 224 190 250 238 203 241 168 196 254 236 230 179 215 159 244 198 227 156 163 157 208 228 184 153 171 167 180 213 194 237 222 181 201 155 178 216 193 223 189 165 176 209 245 220 212 170 226 225 234 205 164 151 
 77: 236 171 176 199 233 208 221 161 159 160 157 197 240 162 198 234 254 212 190 152 184 154 237 215 210 164 255 175 219 225 245 209 202 214 187 250 226 195 196 216 163 192 185 166 239 244 200 220 229 180 167 201 191 241 235 158 178 230 228 211 203 155 231 227 182 188 213 223 174 165 205 224 194 207 243 181 222 
 87: 191 239 254 192 219 208 209 224 207 154 184 169 232 206 245 153 230 241 165 202 221 203 205 220 255 173 170 166 231 229 168 193 236 233 215 227 163 157 218 240 210 158 164 243 151 196 234 194 199 214 238 225 250 187 183 156 226 160 175 155 195 222 217 161 235 216 181 182 204 176 244 178 185 212 223 162 198 179 188 211 177 190 186 197 174 152 237 
 88: 222 225 224 158 161 204 240 226 231 214 159 239 220 238 174 250 163 167 188 187 191 223 175 199 228 209 183 203 192 179 172 216 164 227 182 165 219 168 151 193 160 197 233 152 243 207 245 166 195 201 208 232 237 196 241 215 157 235 178 156 186 218 177 154 162 213 212 153 217 205 181 244 190 254 221 185 210 202 234 173 230 198 200 229 176 194 169 180 
 78: 214 179 206 185 239 229 232 241 156 196 177 219 255 209 203 213 180 230 211 159 231 243 183 201 210 187 244 152 236 175 197 228 212 191 186 234 184 166 171 164 189 161 173 207 217 178 200 250 168 192 222 216 188 199 153 151 226 235 208 224 221 223 198 157 254 205 218 240 215 181 170 160 154 202 220 169 195 227 
 93: 209 159 214 235 185 217 230 200 190 218 172 234 211 206 233 193 204 219 221 207 222 231 165 164 228 156 227 188 157 168 199 177 210 224 241 240 192 229 184 166 255 243 175 158 183 244 173 215 201 161 176 182 203 250 186 162 225 180 254 226 170 202 198 189 205 232 216 187 154 155 167 178 197 208 160 245 237 220 195 223 196 194 191 151 179 239 169 153 212 213 181 163 238 
 83: 151 178 159 235 160 219 184 202 183 164 186 201 207 230 218 155 243 177 229 250 191 161 195 162 152 188 185 154 210 233 179 237 170 212 205 174 214 169 206 226 199 208 156 175 231 171 203 194 244 190 211 209 197 228 241 239 255 234 200 221 232 193 245 217 173 168 224 176 157 163 180 187 158 182 192 198 223 227 238 222 172 196 204 
 77: 161 222 159 181 235 191 232 168 160 178 157 255 198 169 213 203 197 211 254 220 164 176 167 158 193 187 183 195 172 190 219 221 199 184 229 151 154 174 216 214 182 185 210 245 202 218 152 230 250 231 192 200 165 243 177 225 236 224 173 212 205 239 175 189 186 179 238 207 208 233 170 166 153 234 180 227 237 
 96: 237 244 200 182 228 234 241 277 263 273 213 253 231 256 265 207 194 198 227 204 246 206 236 214 201 187 250 270 252 176 205 243 209 272 248 254 242 210 177 233 192 226 275 266 202 274 190 238 199 220 179 189 271 232 216 219 249 208 257 229 251 211 188 225 223 218 181 255 264 258 221 183 245 235 261 247 185 178 222 239 212 230 259 260 184 195 191 197 186 217 196 180 240 193 215 224 
 98: 181 209 264 265 261 186 182 258 246 224 222 215 212 205 191 260 204 197 217 243 208 189 227 210 194 226 206 200 277 266 254 214 257 271 219 238 213 185 255 249 225 245 184 220 230 240 216 192 248 203 180 178 239 234 247 273 275 196 262 274 223 190 198 251 235 252 269 253 233 211 267 229 179 199 244 221 183 218 270 176 237 272 256 242 241 236 228 195 187 177 259 207 232 188 202 231 250 201 
 81: 242 275 228 247 183 177 239 244 261 222 211 271 198 185 257 224 217 193 197 252 195 241 266 232 270 205 250 208 192 260 221 267 203 206 182 216 188 201 229 187 180 265 214 218 255 189 269 259 256 220 238 262 194 249 274 240 236 204 176 196 186 225 226 219 223 230 243 178 181 254 191 213 231 253 184 272 246 179 215 212 207 
 89: 238 193 181 247 199 269 190 216 192 241 240 271 189 234 274 178 250 264 263 257 252 218 249 239 180 259 204 207 200 251 244 202 262 187 220 206 188 212 267 273 217 255 258 253 210 208 229 245 214 209 182 191 221 176 266 248 237 227 195 272 201 275 235 219 243 184 260 228 186 211 223 215 224 183 196 270 203 242 185 226 254 265 230 194 213 198 197 222 256 
 87: 193 178 223 183 197 198 242 186 207 202 204 272 216 264 259 233 239 254 245 274 238 217 187 205 255 182 209 253 215 248 270 243 228 201 219 188 225 256 260 244 265 246 236 221 226 191 176 234 251 249 229 261 237 266 179 185 269 240 275 212 190 267 194 257 214 232 203 241 252 195 196 250 208 271 222 199 181 277 258 235 263 227 213 231 189 273 224 
 75: 252 275 235 225 182 177 209 236 183 201 246 222 210 277 181 270 242 254 219 229 228 193 202 265 272 220 247 188 269 255 264 185 221 179 238 240 263 198 208 253 178 261 206 214 266 218 273 249 262 258 207 259 234 250 191 248 216 230 196 257 187 245 231 200 241 215 243 223 192 197 237 224 267 190 186 
 98: 199 263 233 217 211 227 206 239 208 232 271 229 267 192 241 255 240 184 246 236 258 249 265 273 176 203 191 218 201 181 231 266 180 205 220 270 262 245 196 194 197 256 228 248 223 222 243 177 234 193 204 190 264 274 202 215 219 272 251 244 209 235 226 182 216 207 210 230 269 189 187 185 254 250 259 195 214 277 238 275 242 213 183 178 200 188 179 225 186 260 224 253 257 247 237 261 198 252 
 76: 228 231 264 232 208 187 273 249 244 251 206 229 238 205 193 177 215 178 239 253 240 199 266 241 237 262 204 256 201 275 259 216 221 250 230 226 233 194 234 209 271 196 214 224 202 245 260 243 192 203 182 207 227 258 188 236 272 225 210 247 198 219 254 184 220 277 246 252 269 267 180 185 213 195 189 261 
 92: 254 182 262 191 187 232 261 209 255 275 212 177 207 195 237 246 225 243 213 229 228 263 189 204 272 199 248 265 226 266 236 224 216 214 239 197 185 249 208 220 230 242 269 215 183 240 180 201 231 198 219 202 181 223 188 251 190 244 277 267 235 273 210 264 194 257 258 196 274 176 193 256 206 179 218 271 241 186 234 205 222 178 221 250 247 245 260 253 200 192 252 233 
 94: 205 181 277 240 185 176 271 209 208 273 264 191 248 217 231 197 193 234 261 198 220 259 232 214 267 204 216 222 250 184 269 178 265 190 262 253 244 238 226 245 213 230 186 219 246 188 270 212 239 235 225 202 260 179 224 215 247 251 233 187 263 272 183 206 275 228 241 199 221 256 201 194 195 200 207 182 242 203 223 211 210 180 192 189 237 236 266 196 252 227 254 249 258 218 
 84: 178 271 199 251 190 257 216 219 189 240 230 208 254 186 233 255 264 185 232 201 246 275 176 249 213 221 263 191 261 252 229 204 234 211 228 241 260 181 182 245 214 195 193 244 203 269 253 226 215 273 266 220 248 209 188 227 235 222 196 243 183 270 272 210 202 187 231 247 212 258 259 250 197 177 236 200 207 267 179 265 274 239 198 237 
 81: 248 271 266 267 195 180 261 258 236 227 181 209 201 193 252 207 221 188 229 246 244 225 264 242 176 200 204 215 216 189 257 235 197 233 230 191 272 274 199 270 245 232 241 239 269 198 237 222 192 194 238 177 178 251 220 247 219 260 182 223 224 275 234 254 277 185 214 256 190 259 218 228 202 231 217 249 208 265 262 196 211 
 88: 178 220 254 267 196 215 233 186 207 263 197 257 199 261 229 258 250 260 198 270 243 274 271 209 265 189 182 216 194 213 180 244 183 188 181 236 200 187 275 238 221 203 232 177 184 202 228 205 214 248 259 247 262 193 223 195 222 239 204 272 208 217 255 277 179 231 219 256 226 218 266 192 191 185 230 251 224 210 242 201 240 273 241 246 245 190 212 252 
 80: 242 195 212 216 259 272 220 241 225 190 239 223 217 261 245 221 176 207 244 238 260 247 266 271 264 180 183 185 199 208 201 234 186 218 202 206 178 275 270 222 257 231 273 243 179 194 235 188 246 197 203 211 265 248 263 181 210 215 253 258 219 189 204 267 209 251 250 233 229 177 193 249 196 200 256 205 274 277 262 224 
 92: 255 274 208 256 227 194 231 182 176 251 230 226 195 188 245 225 184 196 261 264 258 266 234 210 241 273 223 232 248 250 237 275 209 262 224 213 263 236 229 233 270 189 177 238 247 267 190 269 252 217 218 220 239 197 178 185 259 199 244 193 228 211 253 200 277 242 222 240 202 201 191 207 246 260 249 221 265 271 216 214 212 204 219 186 203 180 192 257 179 205 254 243 
 84: 259 189 254 242 181 252 226 267 180 178 247 203 249 237 204 266 186 246 224 190 221 264 271 210 219 261 217 232 216 214 197 248 231 239 238 200 199 229 201 245 277 194 230 250 223 176 207 243 198 205 182 240 211 179 212 262 196 235 256 263 236 275 227 251 193 215 195 253 233 206 244 202 183 188 272 274 191 187 228 213 241 234 192 255 
 92: 244 206 180 191 234 223 197 194 176 196 226 216 249 209 218 247 212 248 183 245 203 224 199 236 219 233 246 189 264 259 270 253 274 179 202 178 205 239 200 190 208 182 258 214 231 254 211 220 186 188 263 251 262 193 198 243 222 230 261 221 272 201 241 187 217 242 271 257 237 229 195 185 192 235 255 238 210 260 232 252 267 256 240 215 184 181 273 277 204 227 213 207 
 82: 183 201 213 253 185 200 252 219 210 251 221 196 245 224 194 176 266 246 211 270 244 248 182 275 239 228 233 231 259 202 212 230 272 197 222 242 227 199 214 191 241 225 204 203 236 218 186 273 207 226 257 277 254 263 205 237 184 181 223 189 215 220 243 267 177 264 238 180 269 271 229 193 217 208 247 265 195 188 258 198 249 274 
 90: 255 239 226 177 257 201 243 274 249 178 263 176 204 208 272 250 215 269 248 185 238 253 232 230 205 219 194 210 234 236 183 197 266 222 267 212 247 190 192 251 271 270 179 231 259 213 240 224 207 181 273 229 193 252 196 260 220 188 233 235 216 195 254 261 198 265 277 187 258 225 186 242 180 202 199 262 191 184 245 275 241 214 246 203 209 200 217 211 221 237 
 82: 179 239 183 234 266 206 189 245 211 247 218 196 240 242 267 223 238 249 182 274 195 178 219 224 197 251 229 215 191 241 217 250 275 222 265 243 227 225 257 271 199 193 244 277 270 232 233 259 185 261 181 180 260 262 256 209 186 202 190 194 220 263 216 254 214 204 188 201 213 187 253 226 230 192 207 264 235 273 258 237 228 231 
 86: 253 246 270 248 180 272 220 212 258 260 262 250 184 249 232 196 188 224 186 198 181 245 183 192 205 199 228 227 277 242 275 195 235 202 265 204 177 200 209 187 176 178 217 213 244 203 271 257 208 179 189 274 214 216 219 264 238 236 231 240 191 247 254 197 259 182 193 263 210 222 226 251 239 243 185 233 269 267 230 273 190 194 266 206 211 201 
 98: 258 260 256 269 185 196 210 182 243 273 246 178 208 271 222 219 259 183 227 241 221 204 205 177 214 254 267 209 212 200 228 274 239 197 179 184 235 237 264 194 252 213 195 216 225 188 198 240 190 202 249 201 270 217 251 226 218 206 187 236 191 263 265 275 231 189 277 262 181 247 257 248 261 193 224 242 232 180 266 250 233 234 253 203 245 199 192 244 255 211 215 220 223 230 272 238 186 207 
 75: 260 189 229 210 204 262 191 257 186 209 228 225 277 233 272 219 245 274 259 240 213 223 244 215 269 247 208 252 246 264 265 227 243 275 226 273 251 235 197 256 234 255 177 270 254 230 249 242 248 203 187 267 205 271 221 194 241 193 176 266 236 238 201 178 258 196 218 190 202 231 181 253 195 207 237 
 89: 238 225 184 240 191 236 237 189 256 216 207 213 176 226 252 255 202 212 231 222 230 185 223 269 214 241 251 182 183 196 248 177 199 206 233 220 186 204 193 190 229 245 227 270 179 208 277 200 192 243 273 249 228 209 275 235 250 218 201 215 210 198 258 262 242 219 180 272 194 211 247 205 259 244 264 203 217 253 232 221 260 178 246 266 254 181 274 263 261 
 94: 247 230 254 231 227 210 249 238 269 214 225 193 229 206 195 201 258 181 246 255 233 211 223 215 222 270 188 191 221 216 257 237 192 219 263 176 184 277 262 180 190 275 232 245 218 239 198 236 208 259 273 205 213 271 267 265 209 243 251 202 204 234 179 187 226 212 178 200 182 196 220 185 235 248 217 274 272 250 228 242 241 177 224 261 197 199 244 186 183 189 207 260 252 266 
 88: 244 230 259 251 236 201 190 180 257 185 271 211 186 260 182 250 237 225 275 233 255 232 239 264 216 227 191 240 253 248 226 189 194 243 224 196 183 219 228 265 218 177 249 221 266 272 245 213 235 179 199 198 220 181 192 222 200 197 202 193 229 203 204 205 209 188 231 234 223 254 207 212 195 273 238 263 241 242 261 178 262 274 206 256 267 217 269 184 
 85: 247 248 259 182 226 177 198 277 249 218 261 222 210 223 220 250 221 201 255 192 195 242 260 252 264 239 244 209 185 243 232 211 251 269 197 266 234 206 196 180 199 236 245 212 229 273 270 230 188 275 240 254 263 267 256 207 191 228 217 238 265 200 225 181 253 186 203 184 204 262 187 190 274 214 179 233 215 193 219 194 189 237 246 272 258 
 83: 275 177 261 255 228 178 233 257 259 195 197 186 273 192 245 260 231 241 205 243 277 256 179 230 223 225 227 246 188 247 270 262 272 209 235 184 208 264 207 220 212 211 240 265 196 181 238 202 244 242 274 203 249 239 206 232 266 201 263 183 191 226 248 234 214 250 217 221 253 271 215 200 267 219 189 216 236 229 204 176 182 252 180 
 82: 199 211 226 213 259 237 240 209 252 184 178 229 250 236 177 248 272 200 218 239 190 261 275 266 251 186 176 264 227 232 260 258 188 269 231 277 271 187 255 233 263 223 262 194 214 274 196 244 210 179 241 256 202 225 192 180 222 235 212 249 189 238 208 217 220 242 181 191 182 206 201 247 267 193 221 183 234 228 197 246 243 224 
 98: 270 252 245 253 261 264 183 257 265 274 176 217 239 238 215 226 212 210 200 228 242 262 199 214 267 187 248 269 203 178 235 180 271 246 273 272 259 234 224 177 225 201 213 250 220 256 236 196 206 209 229 241 247 255 211 198 202 197 192 232 221 227 219 263 182 240 249 260 243 188 244 230 193 189 266 258 237 233 204 186 251 179 194 207 222 190 216 184 185 205 195 231 208 191 275 181 254 277 
 76: 206 192 260 277 240 251 187 193 259 254 203 224 228 211 273 201 176 186 217 177 209 226 180 235 227 257 194 270 264 250 214 269 267 252 255 241 200 247 275 249 236 246 231 230 223 197 191 232 204 244 274 185 184 188 181 266 234 225 212 221 222 208 215 272 243 179 190 202 219 199 256 271 220 216 183 182 
 99: 251 250 226 235 206 181 272 200 205 274 262 222 247 254 277 204 189 239 202 257 238 275 230 176 197 245 241 194 183 214 210 259 233 240 188 177 213 229 270 182 216 263 253 191 225 273 211 184 220 215 223 248 231 236 187 193 201 255 219 207 217 224 180 221 265 232 249 252 212 190 237 218 258 234 256 203 269 266 196 260 192 185 227 209 198 244 179 261 208 228 242 264 271 243 186 195 246 199 267 
 89: 195 212 177 176 277 196 238 191 181 251 210 198 263 203 245 267 209 180 222 235 215 259 274 227 186 264 219 275 233 188 225 255 265 246 230 269 192 184 182 258 236 197 244 240 179 234 272 260 231 229 214 204 220 226 217 223 242 202 201 237 239 183 189 207 262 194 190 224 261 253 247 241 216 213 221 243 185 266 193 208 211 257 256 199 252 254 273 248 249 
 94: 265 191 176 258 181 179 234 221 214 240 192 236 196 193 208 201 241 203 218 202 264 272 189 254 274 217 199 231 197 183 260 195 253 222 225 213 251 188 215 178 255 180 194 277 184 248 249 224 247 242 237 256 259 233 227 198 220 271 200 252 267 190 238 232 235 229 212 219 270 275 177 186 245 269 216 205 230 223 182 187 266 250 273 211 261 246 209 185 210 243 206 239 244 262 
 85: 195 251 258 183 238 225 257 267 236 200 222 244 199 220 240 184 252 178 208 231 230 232 271 277 254 246 207 223 273 250 218 234 265 245 194 275 186 228 235 243 185 239 211 182 212 214 224 274 177 191 202 226 255 229 262 190 256 272 247 249 203 269 197 263 260 196 216 233 266 261 206 253 215 205 241 192 217 180 193 213 227 242 181 176 237 
 91: 261 259 213 225 177 255 234 273 256 195 200 230 218 194 246 192 277 260 204 197 179 238 236 239 241 240 247 215 232 263 270 178 216 187 272 229 182 265 203 207 186 180 274 271 237 250 185 226 248 233 212 227 208 228 254 193 190 253 223 243 210 251 235 264 202 231 205 258 209 249 275 262 266 219 222 220 201 245 198 252 269 191 224 199 211 242 267 257 214 206 189 
 86: 269 272 199 248 228 200 247 251 222 255 218 194 257 277 234 223 196 193 177 190 201 230 273 186 182 210 235 264 211 250 237 244 192 221 239 245 249 224 217 253 184 185 246 262 195 254 202 227 266 258 205 198 206 212 270 178 176 189 208 209 203 243 229 240 216 181 183 263 259 231 213 179 265 219 204 233 242 207 214 188 261 267 271 236 225 256 
 63: 272 312 278 267 309 290 295 338 308 317 345 299 264 271 306 265 339 316 268 289 315 333 297 270 327 307 293 320 273 275 305 283 280 301 277 337 324 341 311 330 266 313 274 288 300 296 291 314 348 335 284 286 282 321 292 318 285 346 303 310 332 304 325 
 71: 318 299 265 295 300 321 272 336 326 325 277 292 335 343 323 311 285 301 269 337 308 307 319 344 313 302 273 305 350 346 327 291 345 315 289 338 304 331 328 268 339 342 283 281 332 314 274 279 276 334 310 266 298 324 264 306 290 271 284 303 296 297 333 312 293 317 267 280 329 348 330 
 78: 276 271 270 334 290 350 291 330 311 274 307 309 321 348 280 284 343 297 320 266 345 267 278 287 279 298 319 333 269 302 265 275 304 337 339 315 299 314 282 336 288 329 318 264 325 317 341 281 305 295 312 273 328 326 293 308 277 301 296 289 344 292 283 272 316 324 331 335 346 294 322 338 323 342 285 327 332 306 
 67: 282 346 304 303 308 278 265 301 291 268 335 318 300 329 273 298 339 310 316 264 313 280 326 272 343 338 275 336 266 332 344 325 283 277 330 267 284 341 294 281 312 274 323 276 317 314 309 322 285 287 345 324 292 333 295 306 269 271 348 296 315 321 334 350 328 289 286 
 69: 287 322 274 269 335 333 336 339 303 330 290 280 293 284 334 306 316 282 328 276 300 285 331 286 341 268 296 305 343 312 350 332 346 272 318 277 345 311 315 344 288 325 283 314 319 348 265 275 308 309 294 313 271 342 298 337 317 310 302 292 291 307 281 270 320 321 295 329 267 
 71: 333 343 264 295 308 307 277 337 336 341 301 292 299 350 346 302 325 319 330 291 305 270 327 275 332 338 280 269 294 290 282 331 274 310 285 335 323 322 329 265 287 272 279 296 286 293 284 273 345 300 339 326 342 266 303 318 316 281 283 309 297 313 271 298 306 267 328 320 304 314 324 
 71: 329 295 301 342 343 335 289 314 341 279 333 339 288 265 307 278 297 325 345 273 298 264 308 318 304 268 287 270 300 280 338 315 293 332 316 267 346 348 274 266 317 272 294 322 344 284 303 331 350 306 312 283 320 305 277 275 336 311 286 319 299 334 290 323 291 326 310 282 269 327 285 
 79: 350 338 336 294 278 284 341 277 302 308 326 298 329 320 288 283 268 339 273 285 290 332 321 275 325 265 310 272 291 313 346 315 276 281 311 334 270 267 296 306 301 309 312 300 299 279 297 264 335 304 348 327 295 305 292 337 274 271 333 293 342 287 343 282 314 330 328 323 322 286 289 318 324 319 303 269 345 280 307 
 72: 294 321 282 336 332 335 289 328 334 325 315 283 306 316 341 337 305 304 268 274 292 293 296 302 308 285 272 319 344 267 265 301 277 314 290 297 327 281 279 324 286 298 269 273 333 275 348 317 311 280 318 288 271 320 322 299 345 323 295 307 339 291 276 309 331 264 343 350 270 284 329 287 
 84: 345 279 288 339 287 301 297 308 281 292 304 276 344 311 307 334 331 273 267 290 270 305 348 335 269 286 324 323 343 299 285 329 302 283 328 319 289 313 315 278 330 303 346 310 312 291 320 282 306 277 327 341 275 350 300 294 274 298 295 333 266 309 293 325 321 337 284 336 332 272 338 318 280 317 296 326 322 316 314 342 264 268 271 265 
 82: 287 282 339 295 312 275 307 267 297 290 272 325 299 276 301 346 303 309 296 335 279 270 316 329 323 318 331 328 294 304 343 264 342 315 306 305 291 319 293 322 313 265 288 280 336 285 281 289 298 286 311 348 337 317 277 302 327 268 326 314 341 338 330 344 278 324 320 292 284 321 274 269 300 333 334 273 350 308 266 271 283 310 
 82: 321 313 319 314 318 279 344 275 298 304 309 289 266 312 307 273 281 345 299 303 338 284 297 308 264 287 334 339 305 310 301 336 333 271 280 315 296 306 294 337 328 342 291 332 283 290 323 300 331 286 320 327 292 265 282 326 343 276 285 278 270 335 346 268 269 288 293 322 324 330 277 316 311 317 350 295 325 272 329 267 302 341 
 78: 289 273 323 276 285 343 269 284 298 328 319 337 299 300 330 309 324 306 288 307 286 295 316 333 303 271 296 338 283 327 272 345 266 270 314 292 312 280 297 318 301 310 287 331 341 313 348 302 322 274 334 281 294 339 278 326 275 308 268 344 304 336 346 311 265 282 350 332 279 291 305 277 342 329 290 315 335 317 
 80: 313 338 312 288 319 269 264 322 326 292 348 279 309 298 265 330 299 328 270 267 311 341 343 310 315 327 314 295 275 281 274 302 335 291 296 289 329 336 333 344 323 268 297 342 345 282 283 266 286 293 305 307 303 273 334 284 350 325 301 332 277 272 324 321 304 318 287 294 306 317 346 276 316 339 331 337 271 300 320 285 
 82: 344 292 304 294 265 281 266 348 328 280 264 307 295 286 267 341 329 312 326 345 297 327 315 290 269 301 338 350 288 334 274 322 287 275 336 310 277 319 299 306 283 343 316 335 298 330 342 268 291 325 324 282 303 284 293 317 302 313 314 276 332 333 318 296 331 279 271 346 309 305 270 321 285 323 311 273 337 289 278 339 320 300 
 75: 326 311 302 329 285 338 321 280 327 272 339 346 264 330 334 328 296 303 284 298 283 341 305 299 348 294 344 337 343 297 309 322 277 336 268 350 315 310 316 307 295 279 271 293 278 318 301 282 292 304 320 324 333 273 274 300 276 265 308 313 319 314 287 331 275 323 266 281 332 267 335 291 345 290 317 
 68: 336 281 334 273 313 264 303 266 312 323 304 350 329 283 268 290 280 286 328 293 285 296 288 271 300 289 279 291 276 267 327 316 326 265 337 339 325 341 306 269 344 301 270 275 331 342 335 332 330 302 272 278 320 284 314 338 282 309 315 297 307 318 298 274 321 348 324 319 
 71: 292 286 269 341 329 293 310 333 305 306 345 300 334 272 265 270 288 304 337 314 307 348 315 344 271 278 303 325 290 327 335 282 317 342 350 277 318 268 319 276 323 326 275 274 273 281 346 338 331 266 336 296 301 287 320 324 330 294 312 302 284 332 343 309 321 308 297 267 322 283 289 
 84: 333 283 319 268 341 265 271 288 303 267 346 269 294 306 286 282 299 330 278 297 285 264 304 291 275 318 279 348 290 302 323 342 284 315 332 308 335 338 273 336 280 270 272 314 343 266 311 334 307 322 339 321 329 292 274 317 305 345 298 301 328 296 276 326 327 287 310 350 331 300 277 325 295 293 312 324 289 281 313 344 337 316 320 309 
 68: 331 335 305 291 328 313 266 288 334 290 303 332 338 321 304 308 280 273 329 318 339 287 292 274 265 344 330 270 337 327 297 264 314 293 324 277 298 294 269 278 284 309 323 310 286 282 320 346 343 312 345 299 348 322 281 271 275 336 350 301 276 326 311 315 283 272 295 317 
 68: 279 285 338 329 266 264 333 296 298 293 326 345 312 282 309 280 302 350 311 316 321 271 265 308 300 304 335 339 306 315 301 336 324 269 330 313 322 281 272 320 319 297 305 268 337 287 334 270 328 295 344 343 273 348 318 332 331 277 307 283 325 275 267 299 290 294 303 341 
 79: 327 276 283 282 342 324 310 286 338 336 295 297 321 350 308 323 331 346 275 270 337 318 291 277 341 280 330 329 319 298 309 348 302 301 326 344 279 306 343 293 288 271 264 332 290 294 320 289 300 339 269 266 315 313 307 312 296 334 268 284 335 345 303 273 311 272 265 292 267 316 299 325 317 278 281 274 333 304 322 
 73: 280 310 316 305 328 336 326 278 318 276 324 325 286 345 333 312 290 271 291 295 265 296 323 270 319 350 293 279 274 337 308 317 332 342 313 301 267 300 269 322 284 348 264 266 282 288 292 311 287 302 330 304 277 283 331 289 329 344 327 346 299 343 273 298 275 315 314 320 321 335 334 339 294 
 64: 302 288 323 314 300 280 309 346 270 316 310 284 272 301 341 342 327 285 273 319 304 320 336 331 350 289 348 278 299 308 298 290 306 271 326 305 293 279 297 307 321 295 324 281 344 296 266 329 276 294 325 334 264 287 322 339 315 317 338 345 283 333 328 267 
 76: 321 298 332 265 297 333 300 337 323 324 295 292 310 302 280 283 285 326 315 325 341 343 304 266 287 306 267 272 278 338 327 268 339 322 303 276 279 299 311 293 319 273 291 305 270 307 281 290 301 320 289 264 277 312 317 331 308 336 294 271 318 282 348 335 284 275 329 350 296 286 334 344 346 313 330 309 
 73: 289 330 333 273 339 319 338 348 345 307 285 350 332 318 293 274 287 300 280 278 336 325 272 317 276 284 298 321 315 294 335 277 334 342 310 269 328 304 346 311 283 344 266 337 303 288 306 323 320 322 301 326 270 296 305 264 281 265 290 279 292 275 286 297 271 313 343 341 309 295 302 268 267 
 78: 280 312 279 286 328 264 271 297 276 295 283 339 296 304 268 308 278 325 287 332 294 344 307 270 313 290 292 281 322 335 321 345 284 348 291 350 306 316 275 336 301 303 320 330 334 317 305 343 324 265 319 289 293 315 277 266 302 323 318 309 272 314 267 326 273 346 300 331 337 338 274 269 329 285 282 310 311 299 
 70: 310 276 289 300 308 295 312 346 326 305 316 337 302 285 313 324 327 273 344 269 283 267 315 342 291 314 304 333 348 311 297 318 303 278 298 274 320 290 330 329 319 309 296 339 286 294 284 280 306 265 328 331 275 322 317 272 334 282 341 325 335 264 332 293 292 350 279 345 281 277 
 82: 283 315 337 314 284 280 341 345 324 326 277 267 339 295 270 318 319 268 288 287 266 334 272 329 285 317 299 307 343 313 305 304 342 279 346 276 292 327 293 289 290 286 302 310 269 298 303 282 348 336 331 344 306 311 321 328 275 296 308 264 301 320 281 322 330 312 300 316 291 325 338 278 333 294 350 273 323 274 309 335 265 332 
 75: 286 276 300 333 277 336 343 294 342 304 315 344 321 275 289 280 298 341 282 328 345 283 293 274 305 278 272 295 281 319 303 318 313 297 306 317 322 335 269 324 350 320 270 323 348 273 268 292 264 311 290 325 291 330 332 314 331 327 334 326 310 267 309 312 339 299 284 266 302 296 301 279 316 308 338 
 68: 338 346 322 299 313 265 284 300 318 319 345 310 329 305 279 303 309 268 269 297 312 264 323 334 332 289 326 343 320 266 276 292 290 278 330 325 272 286 296 336 295 294 283 308 302 328 304 271 293 314 327 331 280 288 335 277 342 316 285 324 307 270 274 282 267 341 333 281 
 84: 326 297 332 333 307 317 291 298 270 334 287 327 337 314 280 285 328 275 308 272 324 300 271 325 331 284 296 277 265 323 303 264 329 292 318 342 336 311 350 269 281 304 278 348 273 312 288 310 344 343 309 286 268 320 289 267 315 294 322 283 282 339 313 306 302 316 321 346 295 266 293 305 299 335 279 301 345 341 276 290 338 319 330 274 
 78: 304 300 298 344 288 309 328 345 306 290 313 297 332 340 325 311 303 341 343 318 326 338 330 312 352 281 348 356 355 294 357 358 319 321 336 289 339 322 347 361 295 317 305 349 282 346 353 324 350 292 301 293 284 333 296 337 331 283 291 307 360 335 287 308 285 327 302 354 323 299 342 315 310 334 314 286 351 359 
 78: 292 348 311 288 312 344 331 293 350 328 354 286 338 298 360 310 359 300 308 329 345 340 322 334 291 320 315 296 317 283 307 347 282 352 299 316 290 306 313 333 284 353 289 346 342 287 335 285 302 314 309 301 324 321 341 336 343 332 304 355 303 337 319 318 327 295 297 326 323 330 294 351 325 357 358 361 349 305 
 70: 342 285 341 335 310 282 340 324 286 312 325 332 289 357 326 356 308 359 329 334 328 293 315 343 331 345 292 295 338 336 314 347 323 307 301 348 300 302 319 317 349 299 337 303 333 353 291 344 311 321 306 296 288 290 281 318 330 361 283 322 316 287 354 313 351 309 305 298 352 346 
 79: 337 356 308 327 302 353 297 361 314 325 290 352 310 292 348 343 316 281 341 307 326 355 322 311 304 317 358 294 338 301 285 312 296 360 291 306 342 288 346 286 336 351 289 318 319 321 340 328 303 349 320 309 330 283 315 293 300 298 344 323 359 333 339 350 324 335 329 282 334 313 299 331 284 345 357 354 295 347 305 
 66: 283 305 352 337 297 322 296 290 353 300 299 327 357 326 329 344 358 281 313 356 346 307 350 289 317 351 359 309 338 321 335 361 320 341 354 292 285 306 348 325 295 336 318 302 342 360 316 286 312 308 311 293 315 298 332 345 323 330 340 301 314 303 287 355 319 347 
 62: 353 330 341 291 318 327 360 300 356 314 319 320 338 361 326 282 313 346 324 297 315 357 284 333 307 323 358 337 359 350 349 316 308 283 310 328 301 347 340 334 288 331 355 285 354 293 289 312 348 309 329 351 343 292 321 345 305 325 287 317 304 339 
 77: 344 286 359 334 307 294 345 338 283 343 335 356 351 342 292 303 319 291 281 336 347 304 309 285 324 284 323 339 313 357 341 337 327 315 346 321 340 360 318 288 296 325 293 355 358 299 326 311 348 331 330 302 316 332 295 301 354 333 298 282 305 306 329 290 361 328 287 350 353 289 349 352 317 310 322 320 314 
 79: 342 344 316 319 331 330 317 325 323 298 361 292 328 315 334 304 293 349 343 356 312 345 353 283 352 358 321 302 282 338 326 360 294 320 297 335 290 286 308 291 299 359 333 337 354 314 295 285 289 309 300 281 327 310 341 303 347 329 296 306 355 357 348 324 301 287 311 340 288 322 332 346 336 313 350 339 284 305 307 
 70: 321 292 343 307 291 309 289 323 329 355 313 312 290 319 288 286 322 318 301 356 337 341 306 347 324 359 295 349 304 357 320 315 303 346 316 344 336 305 328 297 360 333 331 342 302 345 282 332 298 353 352 285 284 317 314 335 350 340 281 338 327 293 351 310 361 348 354 334 294 283 
 73: 306 354 307 342 311 357 290 352 332 299 304 284 310 359 296 289 331 297 300 292 303 285 335 283 294 323 343 329 346 314 324 318 301 337 319 344 286 282 320 298 305 334 328 355 302 339 336 321 356 291 341 327 348 358 317 350 361 293 281 353 345 287 347 326 295 360 330 333 340 312 315 338 309 
 67: 309 354 282 302 320 351 326 286 313 307 316 339 294 312 327 352 335 318 343 344 324 321 359 299 328 350 332 300 287 285 336 289 342 303 301 304 349 298 317 291 337 290 329 292 319 331 334 310 361 293 340 347 356 296 330 355 357 346 288 341 314 322 315 323 306 311 333 
 63: 338 350 284 352 307 336 319 343 357 296 351 356 326 346 295 355 341 285 281 299 293 325 313 309 305 301 287 290 292 306 354 334 345 314 312 324 328 331 311 317 302 332 360 333 303 297 348 289 358 329 304 340 315 286 288 323 353 310 361 342 294 327 300 
 79: 329 312 343 322 302 314 349 309 330 301 334 320 289 344 338 327 324 353 345 340 315 331 307 282 321 335 341 316 358 318 361 288 290 308 355 299 336 303 285 298 311 352 326 347 337 323 350 281 296 287 317 319 356 351 339 348 283 354 328 357 342 286 346 313 359 333 292 332 295 293 305 360 284 294 291 297 304 325 306 
 71: 315 294 325 317 297 301 307 349 333 289 359 299 357 304 283 300 348 326 343 355 338 316 290 350 354 306 352 285 327 358 291 336 286 292 347 322 318 345 346 296 340 361 281 342 356 320 309 328 295 312 319 305 303 341 293 311 284 287 337 313 321 288 308 298 331 323 329 353 282 339 302 
 62: 315 303 318 317 282 324 349 320 310 337 347 293 325 281 350 339 335 332 327 294 290 358 321 356 323 296 289 340 341 305 346 311 286 288 292 306 297 361 344 343 345 284 300 319 326 291 298 302 352 330 301 355 359 295 338 360 353 307 336 322 357 348 
 79: 310 291 323 331 336 349 338 317 315 318 308 339 290 301 351 330 285 354 322 361 298 302 356 321 352 305 286 288 297 355 314 328 341 293 316 300 326 359 350 294 296 319 320 340 312 313 335 324 289 353 343 325 309 292 295 299 334 345 311 358 337 346 282 332 304 327 344 360 303 342 329 284 306 357 333 283 307 348 347 
 81: 353 281 329 290 314 304 283 327 338 317 289 333 291 286 331 301 305 356 316 339 311 284 309 326 307 340 354 348 336 330 312 300 298 313 343 360 321 315 324 320 295 303 292 334 328 296 344 319 350 355 318 325 306 288 287 349 359 308 297 302 293 352 347 345 335 358 351 357 332 323 361 294 285 299 310 322 342 346 341 282 337 
 65: 330 329 317 295 343 353 332 291 283 307 289 352 314 339 297 323 284 355 290 305 303 299 328 338 335 333 337 345 342 346 304 288 311 310 309 327 324 300 301 315 331 318 298 306 293 325 322 302 351 294 320 312 285 319 326 341 350 336 360 358 308 286 334 340 282 
 76: 356 284 355 326 350 335 321 351 319 325 308 345 327 314 333 297 360 338 288 348 340 301 306 312 346 332 302 344 339 323 298 359 358 343 293 318 281 311 299 334 322 349 303 316 300 286 295 296 310 287 307 294 331 282 292 361 317 328 341 357 324 309 313 291 336 342 285 289 347 305 337 352 283 290 330 315 
 65: 302 289 288 321 327 345 333 282 318 310 357 351 361 309 341 283 323 290 287 324 347 339 337 325 305 326 285 286 306 314 322 319 293 303 350 358 335 297 353 340 356 311 313 336 294 348 284 312 352 292 344 343 299 334 360 329 359 317 301 328 346 308 331 320 281 
 63: 360 302 314 324 300 284 318 316 345 320 337 336 344 352 301 294 293 297 285 343 340 349 295 313 289 312 321 359 303 334 351 356 333 305 281 290 292 308 287 306 339 335 330 282 331 286 323 283 350 328 309 342 358 315 348 332 361 291 298 325 355 311 353 
 76: 290 349 313 360 315 321 344 317 303 295 283 319 293 281 302 318 339 316 289 309 355 287 329 284 353 335 305 346 333 358 326 359 323 311 345 342 306 296 298 301 361 308 314 338 294 292 343 341 334 351 288 307 337 282 340 324 299 332 322 328 312 336 310 286 297 304 325 327 356 347 354 352 357 350 291 300 
 70: 327 303 345 336 300 302 293 285 301 320 360 310 328 306 325 341 348 291 307 330 287 313 282 315 324 342 354 316 322 349 356 361 308 314 281 357 343 333 288 352 344 323 319 311 351 359 305 332 326 331 329 346 309 304 298 286 334 347 284 289 339 338 340 353 350 312 294 283 358 335 
 77: 359 335 333 324 319 300 313 293 309 352 339 286 294 330 332 346 320 297 291 360 304 295 351 289 305 283 281 315 317 347 334 328 307 345 306 284 356 340 288 298 323 322 341 348 287 325 336 296 344 350 353 303 329 349 292 311 301 326 331 299 312 290 316 308 318 310 338 361 357 327 282 285 343 321 337 355 354 
 63: 311 341 329 291 284 306 313 335 338 344 353 327 326 351 360 320 324 340 312 321 283 293 307 317 345 286 305 354 322 316 308 314 346 343 288 323 292 342 357 309 287 290 350 310 302 334 330 298 339 303 347 325 297 315 281 300 304 285 328 318 349 299 336 
 74: 352 315 291 320 324 342 355 314 333 287 301 337 349 292 360 328 325 344 281 345 335 346 316 302 306 309 288 350 334 283 304 358 282 348 331 329 326 298 338 317 307 357 336 285 341 353 313 347 297 332 310 319 312 327 340 323 339 359 354 311 351 286 299 330 289 305 295 343 296 293 284 303 322 318 
 76: 325 349 323 338 335 361 294 290 300 320 328 318 313 355 288 353 312 352 326 311 319 348 327 359 330 321 358 283 337 345 346 310 340 344 293 315 341 308 286 299 309 314 316 282 284 343 304 360 302 291 347 342 350 324 301 295 333 297 331 292 351 356 339 332 303 322 285 329 287 357 281 296 336 307 298 317 
 77: 329 351 321 356 328 323 347 286 315 355 306 304 292 320 319 297 325 318 349 326 310 291 302 285 309 332 284 294 317 312 345 333 295 307 361 353 298 346 327 283 316 300 324 335 359 330 348 342 287 344 281 289 322 282 334 288 299 290 301 338 313 331 358 360 296 305 308 352 350 354 314 311 337 341 336 357 293 
 61: 340 360 297 329 346 324 298 300 354 337 349 318 314 302 294 327 320 333 353 321 312 344 339 336 286 288 303 285 352 315 284 357 291 328 307 316 330 290 306 281 350 323 289 317 347 325 322 359 313 305 295 341 343 309 283 332 334 326 299 358 292 
 73: 281 319 351 293 289 340 314 323 303 296 300 291 304 327 292 337 352 354 301 302 284 335 326 361 282 299 350 325 316 355 346 309 311 317 320 308 286 353 283 315 307 324 285 328 288 287 347 333 294 339 341 343 318 358 321 310 312 332 344 334 306 322 356 360 329 290 305 298 297 338 313 336 295 
 64: 319 318 304 354 301 359 322 298 303 315 351 357 333 302 347 320 346 343 299 344 295 316 314 291 326 350 281 361 342 330 309 328 283 323 296 290 306 339 355 336 349 289 348 292 325 305 338 288 337 312 310 331 308 282 313 300 332 285 297 311 293 335 340 294 
 79: 311 291 314 332 296 358 345 325 297 331 315 338 286 294 318 302 353 328 347 283 293 357 303 299 327 351 322 348 284 336 306 309 350 335 308 329 285 359 287 323 282 281 317 292 349 301 312 352 356 346 330 361 321 295 354 333 343 344 355 288 298 313 324 341 319 320 340 307 290 316 300 304 337 342 360 334 339 310 326 
