# Data generated from a SDPTSP-E instance solved in two phases
# nbTasks=376, nbWorkers=212
# Random number generator seed = 0
Type = 1
Jobs = 376
 367 442
 369 470
 373 436
 389 445
 389 503
 392 486
 396 470
 438 541
 441 511
 443 541
 470 579
 471 590
 477 549
 484 499
 484 544
 490 584
 491 526
 491 554
 493 580
 494 575
 498 540
 502 620
 503 604
 511 569
 512 586
 522 640
 525 559
 526 576
 530 572
 536 634
 544 583
 544 640
 546 577
 556 675
 566 613
 575 647
 578 687
 579 698
 585 701
 589 675
 593 678
 596 715
 598 630
 603 722
 612 716
 615 694
 617 643
 617 681
 627 705
 630 669
 631 701
 644 760
 657 775
 658 707
 660 700
 662 709
 662 781
 663 707
 664 748
 664 774
 673 712
 674 693
 674 739
 677 787
 678 782
 678 795
 681 754
 687 720
 687 774
 697 776
 700 790
 701 816
 704 788
 708 772
 710 818
 716 778
 719 799
 728 819
 737 781
 740 855
 755 795
 757 873
 760 812
 761 852
 762 809
 762 827
 764 826
 770 822
 775 861
 780 831
 783 860
 783 889
 804 864
 807 901
 809 840
 809 901
 812 889
 819 909
 830 893
 835 927
 835 946
 836 897
 840 957
 844 879
 846 943
 850 875
 850 962
 855 955
 858 911
 869 946
 872 947
 874 913
 874 980
 885 997
 886 938
 891 929
 891 1004
 893 1009
 894 1003
 902 1013
 907 1012
 909 953
 910 1025
 915 1034
 921 1023
 923 943
 930 951
 944 1021
 952 1059
 957 1030
 959 1069
 975 1064
 980 1063
 990 1025
 993 1014
 994 1013
 1003 1018
 1007 1106
 1025 1055
 1025 1062
 1027 1084
 1034 1070
 1036 1122
 1042 1156
 1043 1114
 1048 1131
 1051 1146
 1061 1086
 1066 1095
 1067 1185
 1070 1175
 1078 1167
 1080 1133
 1080 1141
 1080 1185
 1084 1178
 1088 1202
 1092 1138
 1092 1172
 1108 1177
 1113 1144
 1118 1211
 1121 1143
 1122 1205
 1128 1188
 1129 1243
 1140 1199
 1140 1235
 1142 1200
 1142 1247
 1151 1229
 1153 1239
 1156 1190
 1157 1208
 1160 1222
 1161 1239
 1169 1218
 1175 1195
 1180 1252
 1195 1280
 1203 1242
 1204 1320
 1208 1265
 1210 1317
 1222 1301
 1225 1287
 1226 1299
 1232 1295
 1238 1297
 1242 1271
 1242 1318
 1244 1360
 1248 1321
 1248 1347
 1253 1367
 1258 1368
 1264 1364
 1270 1328
 1273 1305
 1287 1381
 1302 1319
 1318 1368
 1320 1406
 1322 1355
 1324 1402
 1331 1356
 1332 1372
 1337 1448
 1337 1455
 1341 1415
 1342 1447
 1344 1435
 1344 1448
 1358 1474
 1359 1374
 1360 1381
 1360 1421
 1365 1455
 1366 1476
 1367 1407
 1367 1454
 1369 1425
 1370 1477
 1374 1462
 1376 1424
 1384 1484
 1395 1444
 1406 1425
 1407 1423
 1421 1473
 1422 1469
 1424 1543
 1430 1531
 1441 1488
 1444 1561
 1450 1514
 1450 1527
 1450 1533
 1453 1507
 1455 1518
 1455 1551
 1469 1562
 1472 1501
 1473 1569
 1476 1555
 1478 1596
 1479 1587
 1482 1561
 1486 1521
 1490 1598
 1492 1581
 1493 1612
 1497 1603
 1500 1577
 1503 1589
 1510 1563
 1514 1632
 1515 1613
 1515 1630
 1519 1572
 1519 1593
 1519 1593
 1520 1558
 1521 1608
 1527 1640
 1531 1579
 1538 1584
 1538 1638
 1540 1573
 1541 1577
 1543 1648
 1544 1629
 1544 1630
 1551 1629
 1551 1644
 1560 1653
 1562 1614
 1562 1618
 1562 1651
 1565 1633
 1572 1634
 1573 1682
 1573 1687
 1575 1629
 1583 1698
 1584 1659
 1587 1603
 1587 1666
 1592 1705
 1598 1709
 1598 1711
 1600 1717
 1609 1703
 1612 1664
 1612 1690
 1617 1682
 1620 1704
 1621 1645
 1621 1722
 1623 1691
 1624 1672
 1625 1715
 1629 1676
 1633 1714
 1633 1751
 1643 1747
 1653 1669
 1654 1699
 1655 1768
 1657 1689
 1657 1722
 1659 1768
 1660 1776
 1666 1741
 1667 1780
 1669 1777
 1670 1711
 1674 1741
 1675 1752
 1680 1799
 1681 1757
 1684 1803
 1686 1738
 1686 1771
 1687 1724
 1690 1772
 1694 1789
 1697 1804
 1704 1787
 1707 1793
 1711 1751
 1713 1770
 1718 1824
 1721 1781
 1724 1777
 1724 1780
 1724 1796
 1725 1840
 1728 1779
 1730 1804
 1734 1853
 1737 1852
 1741 1803
 1744 1778
 1746 1781
 1751 1832
 1756 1873
 1757 1876
 1759 1831
 1762 1830
 1769 1828
 1770 1864
 1778 1820
 1786 1901
 1787 1902
 1793 1888
 1795 1913
 1797 1914
 1798 1884
 1800 1919
 1801 1917
 1805 1885
 1805 1888
 1806 1897
 1811 1837
 1813 1831
 1822 1902
 1824 1869
 1824 1892
 1827 1887
 1834 1911
 1841 1920
 1844 1896
 1846 1884
 1847 1914
 1864 1900
Qualifications = 212
 77: 70 71 2 26 32 39 13 74 21 53 15 9 73 54 24 22 87 14 72 56 8 4 59 68 42 51 82 61 75 58 28 67 16 20 35 11 85 19 38 46 40 55 37 64 43 25 41 69 5 18 57 78 3 76 10 34 52 63 1 49 36 77 0 65 30 44 7 31 12 23 33 6 29 84 17 66 27 
 77: 33 80 7 8 69 55 45 40 12 77 9 94 1 26 10 51 24 86 5 6 30 23 63 21 49 29 68 64 14 72 89 78 28 54 37 48 50 42 13 75 17 19 15 43 2 67 85 0 60 27 61 87 4 38 46 47 18 22 34 70 3 59 39 36 65 35 73 66 62 52 71 57 41 74 31 44 84 
 77: 0 85 70 89 58 87 10 20 27 49 55 31 53 62 41 59 77 54 3 6 16 7 33 40 39 74 12 43 44 82 26 24 42 84 47 78 19 71 64 52 15 68 5 4 94 8 1 35 23 67 9 51 72 37 76 48 13 36 86 60 30 57 25 17 21 2 18 63 38 56 46 75 65 80 11 66 73 
 79: 70 84 14 34 5 10 66 75 43 25 94 46 78 13 65 27 39 71 76 21 29 72 26 74 77 37 22 42 73 11 60 80 16 28 49 32 20 6 58 0 56 55 62 3 30 82 41 4 35 67 38 52 86 57 53 31 89 64 51 17 15 69 59 33 19 12 23 48 61 44 85 36 54 24 45 1 18 87 47 
 80: 86 35 7 94 19 1 33 26 37 56 53 77 47 59 57 52 62 3 48 60 32 24 64 27 82 17 46 21 55 51 39 25 13 71 76 0 11 28 15 70 2 66 50 34 54 89 22 41 72 30 42 20 4 36 16 43 58 10 69 84 6 18 5 85 31 49 38 44 63 65 80 74 8 78 67 68 87 40 23 73 
 72: 5 52 47 41 56 34 64 28 63 36 31 30 39 53 23 13 16 43 22 94 26 24 44 45 66 33 14 9 68 29 54 77 85 70 0 74 40 60 17 71 59 38 51 55 78 20 72 65 69 67 1 15 75 62 80 37 61 2 35 32 49 8 3 7 10 21 86 25 48 87 82 11 
 83: 21 44 60 75 76 1 82 0 78 57 73 89 12 24 30 70 47 62 9 2 43 25 65 40 31 58 16 17 69 49 7 45 23 34 85 26 27 71 28 38 15 48 72 42 5 19 66 87 74 4 50 61 52 18 29 11 67 51 53 36 80 13 84 8 41 10 14 94 68 32 86 35 46 55 56 33 39 37 22 59 77 6 20 
 79: 21 70 32 36 26 14 94 16 31 2 11 22 10 47 13 35 54 85 55 89 39 60 77 24 58 41 62 51 38 86 82 68 66 69 80 37 45 46 15 18 76 67 59 0 9 73 29 87 7 34 42 48 74 52 33 5 61 65 71 27 49 75 8 63 19 50 3 78 56 72 44 6 20 17 28 84 64 4 30 
 83: 55 17 38 80 34 54 5 72 22 23 74 15 19 87 82 45 9 85 65 84 62 20 89 77 3 49 31 40 10 39 0 30 71 94 37 47 75 86 32 42 21 33 46 7 56 76 64 57 59 25 66 48 8 68 44 52 14 27 67 51 70 6 58 29 43 16 73 18 36 13 63 60 1 53 69 26 2 50 41 11 12 61 35 
 82: 14 64 59 33 41 29 38 53 20 46 13 76 1 10 49 25 9 15 18 48 70 55 27 84 65 6 82 34 23 16 0 86 85 42 68 39 45 77 22 60 28 54 36 51 80 66 61 67 12 37 19 69 74 4 26 75 40 32 7 52 43 31 72 5 2 56 57 30 47 24 58 71 11 35 8 50 73 17 87 63 21 62 
 81: 27 15 3 41 18 76 21 14 43 16 62 84 19 26 58 71 77 20 7 11 50 42 45 12 1 4 35 69 22 17 5 24 51 65 86 53 68 54 28 25 10 82 75 48 39 56 29 30 31 34 87 38 40 57 61 80 32 89 67 73 66 13 2 60 23 49 59 72 6 85 55 0 70 63 8 64 36 52 94 44 74 
 81: 51 8 4 75 66 14 5 22 23 25 65 52 28 53 61 63 57 89 1 31 19 21 77 11 39 46 73 18 94 48 12 43 45 50 30 24 59 38 62 68 78 47 69 40 34 0 3 70 32 13 29 84 56 26 55 58 17 71 60 41 64 54 10 2 44 37 7 33 9 67 15 86 6 87 27 49 80 16 35 42 72 
 68: 75 13 73 63 70 53 61 78 50 39 94 64 7 32 27 48 76 52 1 66 77 82 80 14 20 51 18 19 23 11 69 21 8 29 41 33 35 62 60 6 46 84 31 68 87 4 15 5 2 55 37 86 34 22 38 57 17 10 56 85 24 72 65 3 71 67 42 16 
 78: 63 8 59 18 2 77 22 57 23 76 12 52 1 45 19 71 39 20 13 74 48 17 28 32 51 38 70 5 72 16 68 34 0 43 64 27 56 35 49 21 60 94 41 33 15 46 66 40 82 65 29 11 80 75 47 62 26 53 87 14 73 24 84 7 67 58 4 25 85 55 37 50 36 78 9 61 89 10 
 83: 67 13 75 27 72 29 19 34 18 6 42 40 45 51 3 65 44 43 87 11 56 69 82 94 14 74 36 54 89 85 28 15 9 58 53 80 47 24 20 32 57 35 41 77 22 70 4 0 52 60 78 73 39 50 31 8 64 71 55 38 76 49 37 5 17 59 21 2 63 10 33 84 30 68 62 86 1 23 16 46 26 61 48 
 69: 4 77 49 45 30 37 31 51 28 71 62 68 82 43 75 69 15 60 26 42 6 63 1 17 36 33 0 11 94 32 80 35 9 29 87 57 8 74 47 34 50 76 64 13 52 59 23 61 86 24 73 19 20 66 54 67 84 53 56 38 2 27 12 55 14 48 72 39 65 
 77: 5 41 46 27 31 49 1 22 82 32 30 70 78 65 23 64 25 26 56 3 8 6 53 66 86 14 36 13 7 72 71 40 11 62 21 51 68 24 74 94 55 28 33 67 58 60 52 45 15 43 10 19 76 9 29 61 57 4 38 0 54 59 16 48 42 20 44 89 87 17 63 73 34 75 50 47 35 
 73: 70 75 69 38 19 46 66 65 77 9 6 62 15 31 61 57 1 36 84 26 52 32 85 40 42 25 94 4 24 27 47 67 16 56 82 5 23 54 28 80 10 64 13 17 74 33 34 14 20 53 7 73 49 12 89 76 45 29 44 60 39 21 55 71 63 58 68 72 41 37 11 3 78 
 71: 40 76 49 34 57 50 15 16 17 21 5 39 27 20 63 28 22 24 23 85 42 4 14 69 87 7 71 77 2 62 52 48 61 12 86 32 36 82 66 46 75 38 11 31 80 45 1 8 65 19 74 29 10 41 30 6 89 43 3 59 73 72 55 13 70 67 18 64 53 47 58 
 75: 38 31 69 94 85 82 52 48 75 15 35 62 30 14 72 9 60 49 23 80 32 11 50 56 43 5 17 78 73 76 3 8 65 54 42 45 70 77 21 41 51 39 57 24 71 20 74 59 7 67 53 29 4 0 33 47 55 18 63 68 64 13 1 86 40 2 87 16 6 36 46 58 12 34 10 
 85: 56 24 41 85 0 87 43 73 9 54 15 1 33 13 8 75 74 76 69 17 26 71 25 68 45 37 10 29 62 61 7 5 42 35 30 60 63 94 3 18 64 49 44 51 46 2 22 67 12 40 39 32 86 16 59 6 19 82 72 52 77 65 14 21 34 57 23 84 47 36 58 27 11 31 55 78 89 4 38 66 28 48 50 53 70 
 71: 53 37 39 43 76 87 36 23 42 89 20 55 25 75 22 31 38 77 12 85 72 58 35 50 47 64 49 0 16 62 51 14 10 40 15 46 6 26 34 5 57 82 29 11 2 30 73 80 68 32 7 69 4 1 66 52 78 44 67 45 94 59 61 17 60 3 24 41 70 8 27 
 83: 15 48 75 66 89 78 20 61 52 34 30 80 69 29 57 36 16 37 10 59 8 64 12 7 68 74 54 17 77 3 32 53 28 76 86 33 11 67 13 2 87 38 25 51 6 5 23 21 56 26 73 70 14 9 39 47 72 41 44 58 45 82 63 27 0 55 24 43 85 35 46 1 22 49 60 31 84 4 65 62 40 50 18 
 77: 22 76 38 61 17 2 9 6 53 14 35 65 84 3 41 54 64 42 27 46 78 48 63 77 39 12 67 59 82 23 4 32 49 29 33 94 10 36 13 0 66 71 85 40 57 44 11 50 86 58 47 37 15 74 8 62 73 55 19 75 28 80 25 52 87 72 60 1 31 89 5 20 7 69 24 70 26 
 87: 55 24 71 73 2 84 63 45 56 47 80 78 48 8 69 59 60 85 3 18 19 37 39 77 28 14 11 26 5 22 94 17 68 58 15 32 50 86 52 74 76 87 75 70 51 66 61 16 57 33 30 34 53 4 13 25 67 40 42 12 31 64 27 0 46 41 43 44 89 65 62 20 72 35 1 9 29 54 10 21 82 36 6 38 49 23 7 
 80: 32 11 19 72 82 77 12 48 89 52 68 2 71 21 26 66 56 9 43 53 70 15 1 64 8 40 28 49 76 78 69 25 85 10 41 33 63 20 58 59 18 36 54 16 27 50 23 45 38 61 87 30 67 60 4 6 31 35 22 24 47 86 42 34 44 94 65 74 84 57 75 17 55 5 3 46 73 0 7 37 
 87: 2 66 6 30 76 78 50 22 77 24 3 73 53 20 51 33 15 35 11 43 63 19 41 71 60 47 8 45 75 94 16 70 18 49 0 10 36 82 61 32 28 85 72 54 84 5 87 64 62 39 57 40 65 29 12 46 48 7 9 13 27 21 23 56 89 37 74 55 25 4 1 26 38 52 42 86 58 44 68 69 67 59 34 14 17 80 31 
 73: 29 31 52 35 82 23 66 60 57 37 30 54 2 62 9 87 6 65 3 15 5 67 72 24 84 38 21 42 78 0 1 73 63 32 85 55 64 39 7 69 68 4 74 19 51 58 46 18 80 14 8 20 45 12 47 71 25 43 70 16 48 40 86 50 22 49 36 11 44 53 41 89 56 
 86: 76 74 3 23 75 55 52 39 28 87 16 34 27 94 2 63 29 11 64 7 6 61 18 17 26 82 49 89 31 14 77 8 78 51 13 0 30 65 1 20 36 80 4 25 38 24 85 73 22 33 57 15 21 5 43 60 32 41 37 48 42 86 40 67 54 58 50 68 53 47 62 59 12 69 9 35 56 72 71 44 84 45 46 10 19 66 
 66: 67 32 89 46 75 37 57 59 28 63 65 64 52 9 71 40 86 70 72 55 94 25 42 51 29 78 74 49 82 39 24 77 38 23 35 54 41 0 27 68 62 10 15 17 21 1 14 8 26 11 2 31 45 58 48 80 36 16 43 6 4 19 50 87 33 18 
 77: 13 35 37 40 28 20 51 15 14 2 16 63 94 75 61 72 33 19 65 55 8 30 27 32 4 12 77 46 76 68 66 64 29 5 34 71 60 48 86 45 87 57 44 10 73 47 7 22 11 58 1 25 26 3 36 84 74 59 49 80 70 39 41 43 67 31 0 82 6 21 53 54 24 23 52 50 17 
 80: 25 9 57 5 17 74 45 84 7 29 21 38 68 18 13 22 6 67 75 11 46 60 56 87 31 3 82 80 39 0 65 14 48 61 20 73 36 66 86 49 19 30 15 35 77 34 37 2 94 53 33 59 64 72 16 47 54 28 50 78 26 4 41 55 24 63 43 69 70 23 71 76 42 89 51 44 52 85 32 40 
 66: 4 72 29 70 54 47 19 71 38 41 31 49 35 84 78 40 11 89 51 69 34 10 44 46 67 5 23 32 1 76 55 17 26 61 65 52 80 14 94 33 53 27 37 25 82 85 74 8 13 12 22 60 39 9 62 43 18 75 48 6 45 28 50 0 7 63 
 66: 12 2 70 65 43 42 9 55 59 1 14 73 57 24 64 7 78 74 21 72 48 22 4 41 31 94 51 6 86 84 32 63 46 17 87 82 35 62 61 49 89 75 60 37 80 8 69 15 68 19 29 26 33 10 52 20 77 13 76 44 34 0 53 23 50 66 
 96: 66 36 96 21 16 61 80 91 38 14 126 58 34 95 40 20 93 19 29 97 71 64 65 102 109 56 35 111 22 115 47 88 60 90 27 42 121 57 98 94 125 30 39 24 26 46 63 89 48 72 103 107 104 83 105 85 84 108 45 68 52 73 25 101 33 87 75 86 49 15 41 67 114 18 28 53 44 17 81 31 76 59 55 13 110 82 69 74 100 50 62 70 54 92 43 32 
 81: 19 29 54 83 31 87 97 53 99 101 79 98 66 45 108 88 57 55 70 33 73 14 80 71 35 48 126 77 105 42 61 43 95 36 27 22 38 59 125 65 37 49 51 64 74 56 107 103 100 52 26 89 76 96 40 72 90 58 44 75 92 60 94 47 81 50 104 63 62 24 69 78 84 114 68 34 39 21 82 25 13 
 90: 21 115 121 89 46 81 66 31 57 67 83 56 98 14 47 55 49 79 51 72 76 70 69 33 32 84 43 103 18 99 91 109 64 102 34 39 105 13 26 53 38 45 42 100 94 24 30 61 63 88 126 86 96 82 68 58 50 44 74 16 92 36 95 108 114 48 37 111 73 125 101 60 27 75 65 97 107 80 15 35 19 20 77 28 29 90 25 62 22 93 
 78: 70 54 75 98 110 46 34 96 111 71 52 15 88 14 36 95 29 43 31 92 69 77 58 115 44 105 37 65 78 126 107 66 60 57 90 30 48 18 85 64 45 61 89 35 67 16 101 59 76 103 81 28 20 51 121 108 50 13 93 32 79 38 39 19 86 49 53 40 25 84 62 94 41 87 72 68 83 33 
 93: 58 79 93 100 56 63 13 36 83 61 73 46 91 87 62 76 86 29 71 121 49 74 115 66 26 85 90 101 105 34 45 69 57 59 38 16 54 65 77 68 14 55 24 109 50 51 40 53 43 18 22 125 60 52 41 64 75 104 33 78 88 67 98 15 108 25 39 84 103 23 31 47 35 37 42 92 96 44 81 82 17 126 102 89 80 70 95 114 97 107 99 27 94 
 79: 111 90 88 102 107 24 33 38 94 98 29 83 59 21 30 60 97 43 39 68 126 36 95 55 80 86 93 35 40 92 108 26 17 42 50 69 114 28 78 54 48 71 74 23 77 22 32 72 53 85 31 96 49 121 76 103 44 79 109 27 82 57 125 84 19 63 81 62 13 115 64 101 34 52 37 18 15 47 75 
 89: 50 38 67 99 61 65 63 35 77 43 41 100 56 26 17 22 21 76 42 57 39 33 68 84 110 92 16 52 59 89 114 74 49 44 105 83 98 71 96 108 70 94 111 103 87 48 125 40 62 31 72 58 60 36 102 75 20 18 104 101 86 19 81 85 73 32 30 80 23 126 88 55 15 25 47 95 54 91 34 79 29 45 66 46 27 51 78 14 90 
 91: 35 57 23 96 89 29 105 98 114 25 46 33 54 49 74 14 18 43 22 13 66 70 108 94 109 77 103 26 39 32 52 81 50 84 53 16 67 73 111 41 115 63 93 71 92 62 76 47 125 102 30 99 100 75 104 15 17 64 97 24 60 20 36 40 82 126 38 72 80 87 107 58 78 110 65 121 69 31 42 48 37 68 86 101 90 91 27 21 44 61 45 
 82: 30 65 24 87 33 89 67 86 22 27 74 81 54 111 64 60 97 63 16 79 51 104 62 55 99 56 91 92 59 49 125 68 88 126 36 39 90 103 80 25 19 32 48 13 85 45 50 75 58 102 101 121 37 78 109 72 100 26 108 46 53 42 70 82 107 17 76 93 73 14 29 94 96 31 52 84 114 115 28 40 71 34 
 78: 97 25 103 43 31 85 52 108 81 101 23 102 87 125 75 44 84 46 55 37 26 35 86 22 41 111 61 65 28 40 47 29 39 59 76 74 19 42 83 71 90 21 50 72 89 107 92 99 30 105 70 96 17 109 13 63 77 48 78 126 56 115 88 82 79 67 32 64 95 80 100 62 33 66 16 20 121 53 
 96: 44 34 27 88 60 28 96 64 39 41 43 110 95 114 90 85 53 65 22 74 25 47 107 51 104 37 14 89 31 101 82 38 58 15 66 126 62 52 125 108 56 109 100 68 24 42 75 67 46 99 76 87 69 102 63 40 57 55 77 59 84 29 72 80 36 81 97 61 19 35 79 32 33 21 78 111 30 71 13 93 45 83 20 17 105 48 94 98 18 70 26 49 16 91 92 86 
 95: 54 43 101 59 66 105 35 19 36 82 15 85 76 95 46 39 75 89 94 32 47 17 109 87 99 108 22 16 53 88 27 62 60 97 57 31 78 114 51 92 33 37 96 23 102 30 126 18 64 41 71 61 81 125 70 25 84 115 13 38 50 72 26 34 103 42 79 40 29 63 121 91 73 111 68 104 69 90 98 74 20 80 58 24 52 110 107 67 56 86 65 48 100 45 93 
 101: 125 59 16 15 91 115 126 79 28 57 51 19 22 121 49 82 69 55 39 70 84 45 47 89 38 80 103 30 94 101 32 111 31 17 68 99 62 100 23 14 60 26 37 64 109 36 52 24 92 104 65 108 13 71 107 18 58 81 41 72 48 97 46 20 63 43 25 67 95 93 44 35 98 76 53 61 74 73 114 40 105 42 87 77 54 90 83 110 88 56 86 66 78 29 102 27 50 33 21 34 96 
 86: 61 59 99 105 40 52 87 115 90 23 17 13 50 93 94 63 56 41 111 107 60 21 62 18 77 84 103 81 51 43 96 31 89 70 42 19 109 38 82 125 29 86 126 25 100 48 92 47 58 24 49 76 64 80 114 69 91 20 65 108 74 30 57 44 33 22 98 88 121 55 37 68 95 110 79 66 67 36 39 75 83 45 97 101 32 14 
 84: 69 63 55 42 114 39 46 59 107 99 101 79 111 85 87 72 66 51 108 94 24 19 64 45 110 27 91 48 40 41 86 18 17 58 13 57 20 103 104 21 105 74 84 126 47 121 109 50 96 15 43 65 75 81 44 89 26 28 100 80 37 70 54 92 77 76 25 102 60 61 16 71 73 23 98 68 93 78 56 115 52 62 22 36 
 99: 92 46 125 69 71 109 40 29 48 61 107 89 59 126 21 74 58 37 57 19 52 98 70 20 100 83 105 30 91 77 108 55 96 80 85 73 39 72 66 50 44 27 121 62 76 15 36 14 111 115 64 110 88 114 75 65 43 87 84 99 17 67 28 47 94 68 45 38 54 41 42 56 18 81 97 82 53 95 32 34 63 22 23 49 35 16 78 90 93 86 26 33 13 79 25 31 24 101 102 
 85: 41 36 90 31 56 84 86 13 75 76 98 17 53 94 71 115 80 50 82 29 25 68 61 67 21 111 95 39 62 60 101 105 47 73 85 30 121 34 114 16 27 70 57 19 72 103 99 28 51 14 109 96 24 33 126 77 97 54 22 91 52 18 87 32 48 102 110 63 64 45 79 88 38 108 78 40 42 66 49 23 104 55 92 37 93 
 81: 33 32 39 62 24 100 16 110 61 49 114 30 70 17 80 66 87 19 64 88 67 35 107 91 109 99 48 89 92 125 50 60 59 41 43 75 101 23 52 15 84 42 54 72 63 58 22 105 108 37 97 121 104 96 13 40 55 86 29 83 68 26 115 76 34 103 94 57 44 31 79 69 56 81 102 90 93 25 36 27 65 
 78: 73 66 68 92 114 67 32 25 42 40 72 78 76 107 75 109 101 71 74 37 93 121 34 64 47 20 33 44 61 31 86 22 21 59 104 90 41 60 77 35 82 91 79 62 88 45 96 46 55 38 103 27 15 94 24 28 63 39 48 51 69 95 53 102 125 65 57 14 49 19 30 18 115 105 85 98 97 87 
 100: 93 111 39 107 71 99 37 74 43 21 38 110 65 44 57 20 75 70 126 78 17 64 46 77 28 27 40 101 66 26 60 19 61 55 14 96 24 95 52 15 18 25 36 83 125 22 48 92 72 59 85 102 114 80 47 49 89 91 29 84 69 73 58 33 56 90 67 45 42 53 105 81 121 31 16 23 54 87 13 86 35 98 109 62 100 41 50 82 51 103 108 32 76 88 30 94 34 97 63 115 
 97: 35 27 83 103 102 15 32 34 100 21 61 59 65 24 126 69 44 66 88 43 48 51 22 99 30 105 78 37 52 68 77 108 70 87 71 81 109 53 14 57 74 23 26 72 40 98 17 96 64 62 75 60 111 86 89 25 41 90 46 91 29 63 110 38 115 80 95 67 125 82 33 18 58 94 49 73 93 55 121 114 92 76 50 107 45 42 56 19 13 54 28 104 79 16 101 31 36 
 85: 99 29 93 23 75 110 70 80 108 74 27 65 54 111 52 88 92 60 57 98 72 30 79 89 20 109 19 56 115 78 68 33 18 41 58 114 25 87 16 21 71 94 82 103 24 67 15 62 38 53 44 91 55 77 104 61 51 17 35 32 90 126 22 26 95 64 125 63 96 81 86 39 42 45 76 66 101 37 43 50 69 14 31 47 85 
 81: 84 68 76 59 39 51 91 27 72 105 86 121 107 36 80 16 125 99 97 71 21 54 96 41 65 103 28 20 62 42 78 87 77 17 52 14 18 35 108 49 56 38 57 47 111 102 44 94 92 60 98 23 114 58 50 81 101 75 22 64 89 93 32 88 26 66 69 33 70 34 37 67 40 90 46 25 55 30 43 15 85 
 103: 114 16 20 65 33 83 99 103 40 53 94 58 92 77 47 98 110 41 91 37 96 48 21 101 78 79 105 125 82 126 90 24 54 28 34 64 62 109 59 14 51 45 22 27 73 13 97 75 35 95 108 72 100 52 66 76 84 30 57 93 19 68 36 85 15 80 43 87 102 104 46 38 74 44 69 25 55 115 49 17 107 121 60 61 56 31 88 71 111 86 89 63 50 29 23 81 26 39 18 67 42 70 32 
 83: 102 53 115 18 45 100 17 41 20 54 98 67 95 90 108 23 107 75 21 121 111 92 37 56 78 66 65 47 34 104 68 22 73 27 70 105 49 29 42 35 81 15 58 109 38 16 69 36 97 32 88 14 25 99 86 72 50 125 83 30 63 52 126 93 74 46 87 76 84 55 77 19 96 80 114 28 48 79 24 43 33 26 85 
 93: 65 62 31 105 27 85 87 36 22 108 82 76 111 90 25 94 37 42 89 81 64 38 102 15 44 91 97 86 55 14 63 74 60 59 45 35 20 49 93 47 30 69 67 68 72 107 61 125 109 110 104 101 41 95 96 21 28 84 51 54 57 98 50 46 83 73 58 88 43 126 23 92 29 24 71 78 39 48 103 115 77 32 17 79 33 13 18 75 114 40 100 19 56 
 92: 60 87 62 55 101 93 107 78 51 100 73 79 37 47 39 23 86 27 40 38 76 36 50 111 33 66 17 82 34 91 43 90 48 49 52 64 114 58 65 32 125 59 28 18 84 14 92 85 20 22 121 70 109 41 29 26 81 126 96 83 44 25 19 24 89 54 68 42 16 98 71 115 46 67 80 94 88 75 30 103 21 53 56 69 102 105 108 104 15 72 57 35 
 80: 48 70 18 97 36 81 74 20 55 90 56 71 41 37 32 31 60 27 85 28 16 115 39 105 95 92 22 13 30 77 47 96 101 15 126 19 65 82 83 52 125 49 110 86 66 73 29 53 68 88 63 69 91 54 14 43 79 108 40 46 104 51 44 100 80 57 50 72 21 17 76 24 98 94 35 59 45 84 42 102 
 100: 64 69 65 101 50 74 61 70 110 24 78 16 93 86 94 126 87 38 109 29 45 62 27 19 60 85 102 33 59 34 42 111 115 18 15 107 114 22 95 88 71 99 51 21 30 77 73 105 56 47 41 121 76 25 39 66 92 23 17 82 43 72 83 91 81 53 125 35 75 32 100 58 90 104 54 80 20 63 52 96 97 37 79 103 55 49 67 44 36 89 40 14 13 26 57 48 31 28 108 68 
 102: 88 109 26 53 108 34 52 82 56 104 58 71 22 83 75 121 29 39 72 62 21 38 24 93 23 19 68 50 105 41 107 47 32 101 111 115 60 15 54 63 14 78 66 67 102 13 31 51 125 17 92 27 61 44 84 28 85 99 35 20 18 80 89 49 45 74 97 55 48 36 43 25 40 90 30 86 95 57 70 100 65 69 96 103 37 76 42 91 110 46 126 98 73 114 16 79 59 81 94 77 33 64 
 78: 55 114 81 29 94 126 26 69 44 78 73 90 77 58 19 23 84 111 43 96 65 59 97 66 25 75 121 105 71 64 115 38 48 108 100 21 93 31 27 88 76 24 101 85 42 72 34 95 92 62 39 60 46 68 57 86 14 53 41 125 33 107 18 37 91 56 52 22 110 45 74 104 83 87 103 47 99 102 
 84: 63 26 39 35 67 99 18 40 102 125 46 32 52 55 60 104 107 79 103 34 105 95 69 61 84 73 90 68 25 20 93 14 121 77 108 88 74 64 111 109 101 36 81 24 19 89 22 45 92 115 31 17 16 33 62 47 126 80 28 56 100 44 37 49 98 59 70 58 15 65 85 96 42 86 94 27 48 97 30 41 38 53 76 83 
 91: 82 114 46 40 30 99 23 75 126 101 121 57 69 115 84 100 64 14 107 95 93 42 103 53 68 80 81 97 26 111 87 44 83 33 85 110 19 76 38 20 58 25 49 17 108 105 86 104 39 61 50 41 59 125 70 67 66 102 51 35 65 36 60 56 74 34 45 109 77 31 63 21 32 29 47 78 43 79 37 54 92 13 22 48 90 91 62 27 96 55 94 
 95: 72 15 104 43 97 29 92 60 34 59 105 45 69 62 35 100 14 55 30 70 125 74 65 108 80 32 18 85 36 52 48 44 16 54 75 50 37 110 56 93 89 46 66 87 102 21 71 81 23 39 94 83 13 31 22 99 115 103 41 95 101 42 67 33 77 73 111 82 79 126 53 68 109 27 19 64 76 84 57 78 88 98 51 86 24 25 121 90 96 91 114 28 107 17 26 
 83: 200 175 122 136 147 135 104 143 126 176 170 187 165 158 103 198 164 166 129 121 183 157 180 133 163 148 149 105 160 125 186 116 156 181 153 190 151 109 185 118 140 137 174 169 188 130 113 142 162 179 112 124 150 161 139 146 123 134 182 127 171 177 115 120 128 108 110 119 184 102 117 178 131 106 138 173 152 145 107 168 154 155 159 
 89: 107 148 144 102 113 187 139 119 150 163 154 109 135 140 164 133 137 123 118 146 153 127 198 111 128 124 200 161 134 115 126 112 151 181 169 138 186 183 174 171 158 168 105 180 189 114 117 132 170 108 157 184 152 172 156 142 177 131 121 145 143 149 106 122 147 167 179 110 136 188 176 162 190 185 130 116 182 129 166 103 159 120 125 165 104 160 155 173 175 
 74: 122 127 164 144 140 190 137 116 181 186 198 138 113 110 185 112 128 174 115 125 124 182 132 118 131 108 151 154 184 134 130 106 109 153 142 135 169 165 150 163 156 145 168 149 161 158 104 148 175 189 188 177 102 172 179 129 139 178 126 107 136 159 117 103 176 162 114 152 133 146 121 123 187 120 
 73: 188 115 179 160 117 173 108 148 110 171 149 102 167 168 154 174 126 159 132 166 170 138 105 107 123 175 127 104 183 169 133 156 165 124 180 198 129 147 113 118 155 186 128 130 116 185 143 109 122 190 103 131 139 135 161 120 163 150 181 162 177 176 137 114 178 134 142 189 112 121 184 144 146 
 79: 141 153 175 109 167 182 105 159 123 132 128 151 139 186 115 180 121 200 134 124 131 127 140 162 116 147 150 133 111 187 112 114 103 119 149 145 178 129 120 152 130 190 176 172 177 106 161 135 138 146 107 179 189 143 158 102 142 122 155 164 181 144 136 183 168 188 148 104 185 173 108 113 160 125 110 174 154 163 117 
 77: 117 176 122 175 164 159 153 133 116 147 108 115 104 155 144 129 106 152 127 140 135 166 132 138 200 189 186 119 177 171 185 162 151 190 150 163 148 170 110 172 187 183 158 107 134 130 169 198 118 184 173 160 113 165 167 149 154 142 112 128 178 180 157 124 145 181 114 103 141 111 105 123 120 131 139 137 156 
 71: 163 158 160 106 125 167 190 115 139 137 113 149 148 165 122 135 154 150 141 180 162 109 134 123 131 166 179 178 116 153 174 126 151 157 145 198 117 129 108 184 114 183 200 118 171 107 138 110 170 177 169 185 124 121 119 140 172 132 176 146 127 152 136 186 182 147 144 130 111 187 128 
 76: 140 200 139 105 163 173 181 185 117 198 130 141 162 156 138 118 142 179 108 152 180 148 155 167 122 190 104 134 158 157 151 187 143 114 115 177 129 149 189 133 111 123 132 109 161 110 128 126 184 176 166 119 120 102 168 153 178 188 164 175 127 183 137 131 165 116 121 103 174 107 124 172 186 170 112 160 
 81: 133 154 185 198 159 189 131 126 119 178 157 120 160 179 166 141 167 146 123 134 150 125 140 136 173 181 117 175 176 171 121 163 129 105 187 124 116 172 112 148 155 168 132 144 107 147 128 184 115 145 183 142 180 174 182 151 170 138 127 104 118 164 113 152 165 111 161 156 139 169 109 188 114 122 186 110 108 162 102 137 190 
 77: 110 121 153 141 187 181 186 190 161 198 123 108 180 119 163 131 151 147 183 125 105 104 171 132 160 152 146 112 188 159 155 185 184 143 124 135 150 176 154 140 157 158 107 149 145 167 118 113 173 103 126 120 177 106 165 166 148 137 200 117 133 136 169 178 144 182 164 189 172 127 170 168 175 130 179 115 116 
 87: 148 119 161 137 118 126 157 125 188 149 135 142 136 110 104 122 105 183 155 164 152 131 186 189 123 170 121 163 190 166 113 102 198 175 176 177 158 130 169 156 154 180 145 173 129 143 112 151 124 117 150 181 171 139 141 111 132 160 184 114 127 103 172 168 185 106 108 144 133 200 146 116 147 138 167 178 153 140 109 159 120 162 179 115 128 107 165 
 79: 164 132 153 149 116 184 121 166 126 104 133 180 156 124 119 139 141 118 144 107 135 130 112 129 125 171 127 113 115 160 155 167 148 152 188 151 157 172 111 154 102 181 177 105 161 136 183 114 128 131 190 140 168 162 108 163 146 175 109 200 186 198 143 106 189 169 123 150 110 174 122 158 182 120 103 173 138 170 185 
 74: 155 106 134 143 178 140 145 112 182 144 154 108 159 123 183 130 135 113 126 162 170 157 107 131 186 198 148 177 109 181 121 187 120 153 124 175 185 116 158 152 125 102 147 110 151 189 180 173 128 171 111 167 160 137 179 127 172 165 129 141 142 133 163 166 103 119 146 118 188 174 117 164 122 104 
 83: 104 198 147 128 181 117 180 177 116 155 158 200 163 185 108 152 103 161 160 186 140 150 114 162 134 156 113 148 171 167 170 136 164 166 102 141 142 145 130 168 111 178 125 173 112 119 144 124 188 106 149 159 133 122 182 137 131 190 139 126 172 146 153 109 189 123 165 120 183 118 127 184 135 138 179 107 110 174 175 151 169 129 121 
 88: 117 106 172 154 171 111 184 135 142 165 102 186 174 177 115 107 175 169 164 182 189 157 130 181 136 188 120 133 126 200 158 122 168 151 114 131 110 116 148 198 170 144 113 163 109 150 132 139 185 161 112 140 166 156 167 159 183 146 118 103 178 105 129 160 127 152 180 187 162 141 125 121 134 137 173 119 179 176 123 138 128 124 190 108 104 149 153 143 
 83: 119 164 139 176 183 188 182 190 127 122 178 186 187 156 185 184 181 177 105 125 108 147 132 117 134 161 123 165 140 150 167 110 126 163 102 136 104 144 159 129 148 103 135 120 114 175 141 200 113 173 174 107 171 142 137 152 143 115 160 109 116 179 128 157 153 112 149 172 189 130 162 146 180 158 169 111 166 151 145 154 121 168 138 
 78: 129 162 156 107 173 169 136 152 185 137 103 170 147 139 119 121 176 138 172 148 126 149 167 140 150 125 180 116 128 153 143 110 131 155 146 142 178 177 118 159 198 184 113 189 127 117 175 179 160 145 163 134 120 166 111 124 158 135 165 144 123 130 106 154 104 157 132 161 171 141 164 108 187 112 109 181 186 190 
 81: 104 134 131 165 164 176 109 154 157 174 103 135 167 106 121 116 105 107 141 140 113 153 114 185 110 179 115 182 189 117 171 128 125 144 111 147 136 152 162 126 150 151 139 160 188 163 146 173 186 149 159 143 129 178 138 142 190 168 180 132 108 124 137 200 175 102 133 181 155 187 158 177 112 172 119 166 127 118 130 145 198 
 89: 135 106 184 147 181 124 175 128 189 107 108 123 177 161 155 185 164 170 138 110 148 130 113 183 136 105 115 140 132 122 171 200 151 131 118 180 142 179 160 133 144 158 163 150 159 127 139 190 119 126 129 134 145 116 188 102 182 176 178 146 173 157 143 172 169 111 103 112 156 168 141 165 149 198 104 174 137 167 125 187 114 154 153 117 186 120 121 166 162 
 77: 151 161 200 180 124 107 148 189 134 173 118 181 163 126 110 153 130 135 174 155 166 154 116 179 150 114 185 104 162 165 143 108 121 164 186 171 183 184 157 149 144 136 188 137 160 115 146 138 145 177 113 128 133 103 176 109 125 111 169 142 172 158 198 131 182 117 175 190 120 170 178 156 167 105 132 112 140 
 86: 138 180 122 112 169 176 142 166 200 178 110 153 149 171 181 146 185 173 182 156 103 120 127 155 102 150 131 113 167 159 128 177 114 111 109 119 161 170 154 190 123 133 106 184 124 108 165 152 189 129 141 132 179 134 168 130 151 148 136 160 137 164 163 145 158 104 139 143 118 157 174 117 162 135 126 198 187 186 172 188 175 116 121 115 183 105 
 70: 129 136 169 137 166 115 126 175 167 117 144 109 173 128 135 177 160 125 156 146 170 188 141 183 161 155 130 147 189 122 112 186 124 119 198 143 165 113 102 164 182 157 107 174 142 145 133 176 104 179 158 111 151 103 121 163 134 184 149 116 132 185 153 139 105 127 172 154 131 120 
 76: 116 128 189 179 177 150 115 149 187 175 153 171 157 144 180 121 188 178 136 164 170 125 130 140 186 156 131 104 108 145 184 161 112 162 137 155 117 135 126 134 167 160 105 103 182 109 142 183 133 102 123 146 106 169 138 158 141 114 124 148 163 159 190 198 127 151 111 122 139 152 181 200 107 147 166 129 
 78: 140 136 134 151 169 179 172 123 113 141 144 111 142 120 125 108 128 116 187 154 126 119 165 137 115 188 146 168 122 106 180 185 181 145 174 184 148 162 135 164 109 155 105 182 102 139 177 156 132 200 124 189 159 170 175 118 147 130 149 103 186 133 152 117 129 138 178 166 190 163 183 150 167 104 158 127 173 160 
 72: 144 179 160 159 131 127 138 177 107 126 145 105 176 114 158 175 128 198 170 152 151 190 154 156 112 124 155 116 141 187 174 102 129 167 123 186 181 125 173 183 110 120 132 184 185 137 115 166 157 172 106 189 111 146 108 147 162 165 133 161 148 153 149 140 150 113 134 188 164 109 163 200 
 77: 148 184 173 105 124 123 144 143 168 108 161 126 154 180 163 106 120 147 187 179 171 122 112 167 119 162 117 166 132 190 156 170 134 198 138 136 111 114 169 185 116 149 159 165 177 164 174 189 181 175 153 150 104 152 135 176 128 103 178 188 127 110 151 140 133 182 139 155 157 158 102 129 160 146 107 183 115 
 88: 141 103 176 127 110 153 118 128 186 180 150 189 124 174 144 134 178 154 169 125 175 198 109 138 106 152 104 173 142 111 145 135 165 181 185 117 112 156 114 126 133 161 102 149 123 108 182 177 163 113 170 184 188 167 164 121 148 155 130 107 187 136 166 146 190 162 143 179 137 158 120 115 172 171 116 140 160 129 147 157 132 168 200 159 122 131 183 105 
 82: 153 179 143 102 147 109 176 135 167 119 141 148 165 170 125 130 151 138 181 132 175 159 190 198 200 104 168 106 184 169 173 178 123 128 177 149 160 142 172 187 137 108 110 161 156 140 180 114 121 185 115 118 136 120 162 188 154 157 129 189 182 166 158 111 134 131 144 139 107 127 155 163 150 133 116 105 122 126 124 112 113 183 
 79: 117 149 127 122 144 116 187 182 136 128 119 147 189 198 113 159 133 150 190 146 108 139 134 109 141 137 103 173 181 172 107 184 200 163 105 171 161 118 112 130 115 169 179 123 153 180 126 167 131 111 176 164 145 157 160 174 152 104 156 102 129 120 168 138 125 110 143 140 135 114 185 124 148 188 186 175 132 165 142 
 74: 154 193 182 140 205 195 192 211 224 158 202 150 187 171 194 135 228 164 148 153 147 132 186 162 136 188 190 173 197 165 144 184 176 166 146 155 180 159 142 198 161 167 152 139 169 185 168 137 178 196 156 174 199 170 138 209 160 214 175 201 227 177 215 204 133 131 172 141 163 221 151 219 179 143 
 68: 177 155 150 215 160 164 171 145 166 170 135 157 178 228 216 141 219 221 227 172 201 175 136 179 224 149 214 183 195 153 165 168 174 138 142 144 202 196 131 185 147 200 180 156 151 187 184 204 199 198 205 197 191 158 148 169 190 161 132 137 209 192 162 159 188 167 139 146 
 70: 140 209 184 182 144 134 194 216 221 149 164 191 196 205 160 201 190 181 206 193 168 187 228 172 227 171 166 186 173 199 159 203 136 174 215 150 151 137 178 175 158 188 189 147 195 153 131 161 163 211 167 148 197 169 133 192 142 135 157 183 179 138 165 200 177 202 185 145 170 141 
 79: 195 219 164 211 185 173 165 228 216 191 148 168 175 144 190 139 188 137 186 131 143 200 203 183 162 150 199 177 221 196 152 135 180 166 156 187 140 132 184 147 179 158 160 193 189 209 198 227 141 138 157 136 204 161 178 194 145 215 214 169 170 154 192 205 153 149 134 167 197 174 146 163 224 202 159 206 155 171 201 
 66: 189 183 196 215 179 135 169 194 187 185 141 221 150 133 151 173 145 200 175 191 178 201 195 131 136 176 171 163 140 154 228 202 193 205 177 180 186 159 155 134 165 148 204 211 199 147 161 224 157 206 166 146 168 149 219 164 138 181 184 162 203 172 153 227 170 137 
 82: 187 183 203 191 162 186 151 150 163 206 141 201 219 147 142 194 181 143 148 134 202 135 169 173 195 175 199 179 172 137 177 184 180 153 224 159 170 156 168 214 136 160 133 138 164 209 193 149 190 152 146 227 145 182 139 189 221 171 185 216 157 204 140 211 197 205 161 198 228 200 165 188 178 176 158 132 144 174 131 196 192 154 
 68: 159 148 153 214 149 140 200 190 177 170 198 221 165 179 161 219 173 156 151 145 199 202 176 147 164 188 141 184 224 186 133 168 163 193 216 204 171 138 162 155 132 158 191 180 183 181 182 167 187 131 136 154 152 209 189 185 178 172 146 227 195 192 135 150 175 205 203 157 
 77: 188 159 219 139 228 137 150 216 169 161 215 177 141 146 145 153 193 164 131 148 201 175 200 191 160 172 185 133 147 142 186 182 171 194 221 224 190 155 165 227 158 163 179 138 209 136 157 156 166 211 204 167 134 144 176 180 154 135 184 183 196 187 192 162 168 195 202 199 152 178 181 174 170 140 203 189 151 
 67: 158 185 177 227 164 154 162 144 175 145 135 193 155 150 142 199 136 157 214 137 209 173 132 200 174 189 206 167 138 219 141 186 147 203 215 196 146 153 181 205 188 159 133 166 143 165 194 160 211 190 184 169 179 171 180 183 148 221 140 216 191 163 228 131 156 204 178 
 85: 158 175 164 139 168 144 187 199 167 197 224 193 141 172 152 185 177 211 162 140 202 156 142 203 147 154 171 151 173 174 149 133 209 196 160 143 161 166 215 146 192 137 204 221 182 150 188 189 186 183 227 145 135 170 155 176 194 148 136 138 134 181 195 169 200 153 184 214 198 191 216 179 219 190 206 201 178 165 163 180 205 159 228 132 131 
 66: 176 192 178 157 198 156 165 195 175 146 131 141 173 149 186 189 166 170 204 143 142 164 193 199 197 136 214 215 188 179 133 177 152 155 227 135 134 168 163 169 203 174 140 151 150 200 184 202 159 182 160 172 194 158 211 216 180 153 228 171 196 190 219 161 167 187 
 75: 204 175 150 137 146 164 160 206 214 151 155 143 183 177 198 201 221 148 178 172 181 132 180 144 136 184 186 140 154 224 167 161 163 145 171 157 191 141 165 185 152 211 190 131 162 149 200 188 134 133 189 159 203 209 202 219 205 168 179 170 194 142 228 187 195 192 193 196 166 216 139 147 135 227 173 
 68: 136 195 132 146 198 148 182 219 158 179 185 133 162 180 197 196 143 187 139 199 137 159 138 228 141 144 202 177 205 175 176 135 190 167 131 193 154 169 211 142 134 203 221 201 188 170 214 224 163 183 216 227 150 166 181 149 204 186 152 155 161 153 145 215 168 147 140 157 
 81: 204 176 142 169 188 193 143 159 196 156 215 199 174 175 162 190 182 183 187 173 167 140 205 189 164 172 161 137 177 131 219 158 151 149 171 178 150 165 209 216 195 163 157 211 185 186 145 180 179 147 133 228 146 155 138 201 160 197 141 170 221 194 198 136 132 135 203 152 144 181 148 227 134 224 214 192 153 154 166 184 206 
 67: 201 144 150 138 143 183 199 219 132 198 180 168 141 169 174 176 148 200 140 227 139 164 165 192 137 145 166 152 133 202 182 131 135 195 187 160 159 161 196 146 155 154 134 203 170 209 167 221 214 185 205 204 136 178 156 215 147 193 197 173 171 157 228 142 188 224 211 
 65: 211 159 227 163 189 143 145 152 166 132 136 175 197 177 161 142 160 182 131 198 149 144 153 206 154 179 187 178 170 148 134 209 216 176 137 188 219 205 158 140 164 181 173 185 194 151 203 135 147 200 215 150 168 186 157 183 184 171 191 195 228 214 133 155 141 
 65: 224 227 195 204 214 164 147 174 180 148 197 181 189 151 165 159 143 216 190 173 200 141 215 150 169 152 196 171 149 219 203 135 139 176 179 170 183 160 211 185 178 133 162 131 168 156 166 154 205 193 228 155 134 177 201 137 146 144 175 209 184 188 132 158 199 
 81: 137 184 206 175 139 168 181 183 209 177 187 221 163 146 211 224 148 150 156 165 133 196 193 167 144 142 197 136 192 200 186 158 180 138 161 185 190 151 160 152 178 132 153 140 174 171 201 179 227 182 195 204 149 164 188 215 169 199 131 176 219 203 172 191 198 157 205 214 159 134 145 147 155 135 154 170 173 162 189 228 216 
 75: 197 180 189 221 135 176 164 211 178 169 161 152 174 131 195 133 191 143 185 215 202 200 144 163 160 170 194 216 142 204 193 224 199 192 145 158 154 141 134 203 173 153 205 182 146 183 206 168 201 187 136 198 214 219 156 149 190 140 175 188 150 137 132 209 165 172 228 177 227 167 179 155 184 196 157 
 69: 221 206 150 202 152 195 200 142 145 188 144 131 138 183 181 179 224 193 172 162 216 214 196 204 186 136 227 228 165 189 205 187 191 151 140 211 169 209 168 194 184 148 185 137 175 161 139 219 182 160 215 201 177 135 149 174 170 132 154 163 203 143 171 157 190 147 133 192 199 
 82: 203 159 182 190 176 173 200 181 194 227 216 174 205 196 179 199 165 214 149 169 139 153 189 134 145 180 148 206 172 167 195 164 191 156 162 155 193 157 170 201 133 132 221 228 142 204 135 140 150 151 147 215 138 177 144 211 137 152 143 197 168 154 141 131 146 163 183 185 166 198 184 224 161 136 202 175 219 209 160 178 171 186 
 67: 159 174 184 185 135 160 202 214 215 166 150 155 180 142 175 190 199 137 151 162 191 139 173 167 163 189 144 201 145 200 154 136 149 132 221 196 211 209 161 194 197 188 168 134 183 147 192 219 153 224 186 172 158 206 204 148 164 177 181 178 143 187 133 152 227 141 156 
 66: 160 191 131 135 209 154 194 174 172 180 132 150 148 162 145 142 166 152 206 199 175 183 196 171 176 193 228 204 195 138 168 179 158 221 156 177 163 153 215 198 219 159 167 181 165 134 202 170 169 214 187 227 157 164 141 201 200 147 136 139 184 197 189 143 203 161 
 73: 194 136 211 200 156 160 149 161 171 221 203 152 184 189 155 188 187 170 141 138 192 216 143 145 159 201 146 131 135 168 132 191 193 169 205 134 185 165 174 167 214 150 204 162 163 158 181 148 224 140 197 139 172 177 199 198 182 137 206 202 228 153 219 215 133 151 186 176 180 142 190 227 196 
 75: 209 145 181 155 143 138 196 150 166 140 154 187 221 132 228 179 189 157 147 185 149 180 133 203 168 205 202 171 197 135 182 136 152 184 158 224 156 186 163 137 188 162 175 167 206 131 178 160 172 195 215 164 174 151 173 142 204 176 139 144 134 199 192 141 190 161 219 193 170 194 191 153 159 198 177 
 67: 197 161 204 136 227 143 203 131 194 172 221 132 150 224 228 182 141 186 206 153 187 146 174 202 133 200 178 171 211 181 191 149 148 205 201 173 198 162 157 214 164 176 193 175 158 137 177 165 134 179 192 188 168 147 142 151 152 185 195 180 190 135 184 216 154 215 163 
 84: 133 184 146 150 149 183 178 157 168 221 142 169 160 228 177 196 194 179 195 166 219 187 203 164 216 176 144 200 148 138 198 180 185 137 171 190 206 188 154 227 147 139 204 167 153 143 135 131 163 170 186 201 199 192 162 141 165 140 136 156 134 173 189 214 132 193 215 191 158 181 174 152 159 197 145 151 202 224 161 209 182 175 172 155 
 65: 221 173 164 158 166 171 174 136 175 177 169 196 148 140 138 156 135 201 132 149 203 200 142 199 155 188 151 146 172 131 186 139 189 178 168 219 153 193 147 167 150 145 197 154 194 195 157 179 152 206 159 209 216 160 224 211 180 185 205 183 191 134 163 182 165 
 66: 173 151 149 134 133 186 162 154 200 166 206 185 159 196 172 183 178 132 227 191 209 163 150 228 137 189 152 169 181 141 190 131 153 139 156 175 194 219 143 192 138 165 188 211 205 201 199 204 171 148 135 167 184 215 202 144 157 198 164 216 193 179 147 195 182 170 
 125: 275 244 325 302 246 235 262 308 271 236 238 285 205 333 233 323 241 306 324 209 243 234 334 239 230 344 281 310 242 282 231 250 336 260 300 255 331 218 330 278 312 232 249 288 314 270 311 211 252 297 254 256 268 272 315 338 213 259 207 204 264 320 283 208 299 203 223 226 316 303 296 287 269 293 284 289 326 210 247 322 328 225 307 335 295 279 237 286 280 263 301 228 294 304 298 206 219 214 240 319 318 309 291 267 217 266 265 343 257 248 227 329 221 251 258 276 273 253 216 292 245 261 317 212 313 
 107: 286 207 292 240 309 222 298 211 316 239 311 310 276 218 259 212 208 313 285 289 229 223 254 209 233 215 221 256 294 258 205 236 252 318 257 232 287 237 235 267 301 335 279 317 247 314 214 277 323 263 262 322 213 299 275 329 271 281 312 248 268 290 308 255 238 333 217 336 231 307 304 226 224 330 295 283 293 278 261 334 246 319 305 296 320 249 273 266 225 274 206 331 220 227 282 343 260 253 324 230 210 265 306 284 241 250 315 
 117: 276 290 241 231 243 266 301 282 328 333 237 245 336 265 248 226 230 284 252 268 299 344 325 261 249 270 205 229 222 216 272 240 302 304 279 300 307 312 204 317 323 309 207 296 251 253 314 293 257 255 246 219 343 326 274 324 335 217 228 303 206 331 223 294 322 263 238 287 271 211 280 262 286 289 208 308 239 310 318 254 214 235 306 291 264 316 218 278 236 334 298 283 232 247 256 269 210 311 281 224 234 227 233 244 277 330 315 288 202 259 225 242 285 313 203 212 260 
 127: 223 205 247 322 319 240 310 313 283 273 272 225 302 204 303 234 343 259 306 269 284 230 314 293 242 312 329 317 328 300 325 271 213 276 222 243 261 224 290 291 249 292 298 296 289 320 250 336 278 206 203 309 277 260 267 330 279 305 324 232 315 268 281 209 333 266 264 235 226 246 202 219 252 248 229 218 294 214 331 326 288 244 318 239 301 253 241 254 287 265 233 227 285 258 297 215 316 307 280 344 274 212 228 220 208 221 263 286 323 231 334 275 262 255 282 311 295 237 335 217 299 338 245 236 211 207 304 
 110: 243 291 211 280 302 276 299 218 244 315 312 271 314 303 333 297 208 331 253 286 318 235 335 288 269 213 250 272 282 310 273 227 295 329 279 322 326 252 214 238 206 308 202 316 237 233 334 268 292 207 248 270 256 320 304 284 330 306 220 328 336 264 246 217 209 210 224 205 325 262 232 212 245 324 290 203 274 241 240 293 344 311 278 254 249 258 222 307 294 251 228 234 267 215 223 301 313 300 305 236 287 231 277 247 285 323 230 289 221 309 
 118: 300 224 261 287 260 238 290 253 326 265 335 281 207 243 258 330 317 338 271 203 297 214 233 255 245 283 301 228 270 295 331 285 272 246 309 296 223 220 264 273 289 284 210 215 322 279 213 241 305 278 277 288 208 334 315 226 262 236 254 219 328 282 267 202 294 263 217 231 227 336 299 306 269 206 292 204 316 239 251 314 307 232 249 329 324 343 323 320 266 274 276 259 344 216 318 235 275 237 209 280 221 252 302 242 222 310 257 268 291 225 247 325 256 230 333 304 229 211 
 116: 325 263 314 204 226 328 303 343 287 305 240 266 233 260 265 211 276 230 239 306 291 217 249 264 282 277 329 246 257 203 334 250 273 309 256 223 251 317 268 292 295 255 227 225 234 219 241 258 206 336 208 237 335 221 235 285 253 236 323 229 261 293 218 262 315 313 316 312 308 207 297 322 300 294 271 248 280 288 212 289 244 213 274 344 311 238 310 242 222 338 215 231 202 320 319 301 318 216 331 269 270 209 272 284 333 278 279 330 299 247 286 267 210 214 283 220 
 109: 280 257 309 294 319 285 258 249 261 276 334 268 230 266 223 254 247 270 246 273 328 323 233 326 232 252 307 267 265 320 302 335 231 333 274 229 251 227 243 256 343 209 284 215 313 318 292 331 205 250 240 214 277 317 291 283 220 279 208 299 239 260 315 338 336 263 316 255 206 282 344 322 248 259 202 222 271 287 216 213 303 275 329 244 224 312 298 289 297 226 219 262 217 245 296 238 306 308 330 295 300 324 225 211 288 314 304 311 221 
 133: 253 306 226 325 304 303 235 302 248 270 316 324 314 252 216 230 206 295 240 269 212 243 211 258 335 207 218 294 210 278 205 320 222 246 274 202 271 225 331 213 319 214 250 221 229 288 301 231 245 256 247 238 204 249 276 307 234 266 309 264 228 217 251 220 279 239 312 315 313 290 215 260 299 322 300 233 328 265 241 268 285 296 203 330 280 272 273 224 259 255 262 305 318 333 242 329 282 275 287 317 344 227 232 209 267 343 298 281 254 284 257 336 323 326 263 292 237 223 244 236 297 308 219 293 338 311 277 283 261 334 208 286 289 
 117: 267 308 259 273 229 208 263 311 291 256 310 269 329 307 249 296 213 216 304 284 239 202 297 285 270 300 272 323 305 215 320 255 258 303 257 295 338 315 317 248 247 225 276 212 266 214 223 268 288 210 330 209 222 237 234 286 309 333 241 282 250 242 281 231 224 265 299 243 319 326 211 298 271 306 233 206 290 203 235 274 301 244 245 252 236 246 318 289 260 230 293 278 294 302 264 343 204 331 280 292 314 221 227 254 218 217 275 283 324 344 251 334 238 279 313 240 205 
 115: 277 301 204 286 269 229 227 254 282 271 241 293 331 214 278 209 264 260 256 276 281 299 343 287 288 319 237 265 251 262 268 248 324 219 285 233 263 289 240 316 314 325 250 274 206 223 203 222 232 217 215 279 235 292 230 226 284 306 253 329 315 249 225 303 307 244 220 326 261 202 330 255 317 296 224 213 280 257 290 246 212 297 283 313 312 272 266 305 267 334 238 344 205 231 228 211 323 218 243 335 320 245 234 258 270 300 295 247 294 318 302 322 207 298 310 
 134: 263 260 286 250 257 274 211 219 276 205 218 269 319 310 343 293 216 298 243 278 318 215 301 328 256 344 240 305 203 300 236 294 229 253 287 329 316 255 308 244 213 239 288 227 284 331 228 231 245 303 217 222 291 233 252 204 306 242 202 304 212 292 265 208 270 296 312 226 330 248 207 241 285 267 333 262 221 225 237 283 334 232 254 335 323 210 297 238 317 268 224 307 302 322 266 230 289 271 313 247 258 220 315 309 223 261 273 264 338 235 206 336 281 214 290 299 311 249 275 325 326 277 324 251 279 234 295 272 259 246 209 282 320 280 
 130: 319 311 256 225 239 298 338 343 333 312 219 268 224 228 251 316 245 246 244 214 261 223 291 242 241 218 258 243 287 310 335 325 309 294 301 235 276 209 203 262 295 212 271 221 226 302 313 284 252 248 293 326 297 230 314 344 280 237 254 208 216 220 277 299 267 247 215 286 300 227 318 315 322 232 328 238 231 234 292 308 222 307 283 236 217 202 253 289 273 296 290 272 233 324 207 305 250 285 270 281 274 304 306 259 240 330 329 211 317 249 288 269 265 336 279 213 334 210 206 205 278 260 282 263 204 331 264 255 257 275 
 107: 234 338 286 275 202 315 231 214 264 302 241 270 311 230 224 266 203 236 282 280 271 334 260 331 204 248 254 272 258 291 277 243 213 289 303 307 299 298 217 263 267 313 228 308 255 229 318 250 273 284 249 325 322 314 216 222 335 208 211 265 219 292 245 210 262 293 326 218 220 226 225 215 309 206 227 281 301 207 276 329 221 274 268 253 317 242 287 319 279 235 246 297 328 305 306 238 278 296 324 247 323 295 252 239 209 288 336 
 121: 284 217 323 324 280 295 238 265 325 301 343 335 329 306 271 255 245 313 230 296 203 305 240 326 308 263 259 237 220 202 209 218 317 216 235 293 258 269 330 319 211 291 242 251 334 288 298 322 236 274 260 210 206 275 208 273 283 228 239 215 266 279 232 243 229 244 290 344 246 289 250 336 310 223 212 338 328 254 294 302 331 333 314 248 257 286 307 262 309 231 303 249 297 221 276 225 267 278 205 311 204 264 214 272 299 304 261 252 315 207 226 300 287 253 233 222 316 247 320 270 292 
 135: 247 319 313 334 305 273 331 216 290 287 261 223 235 268 294 246 256 302 252 309 211 338 271 310 230 267 301 237 205 285 276 288 255 308 240 212 296 298 239 272 311 329 224 262 279 257 202 306 291 213 292 254 221 248 286 335 228 225 243 229 297 299 280 204 263 258 314 269 277 274 217 203 307 210 283 253 207 218 325 300 278 214 220 244 226 236 266 208 336 282 326 245 320 328 304 303 219 324 259 260 333 318 293 265 231 315 270 284 317 241 250 222 234 289 312 275 232 343 238 330 215 316 264 323 206 251 233 344 322 242 249 295 209 227 281 
 106: 336 274 315 302 312 227 318 299 256 323 235 247 241 245 222 334 248 238 206 330 253 290 208 258 234 217 273 242 240 292 212 224 249 252 295 300 254 294 215 223 205 306 288 317 220 275 272 225 257 297 313 333 228 251 271 304 264 210 280 298 301 265 311 246 202 259 331 267 236 221 279 278 282 213 319 307 219 268 250 230 204 335 283 309 322 308 329 328 343 216 291 232 266 269 303 239 203 284 324 344 286 325 293 211 281 326 
 131: 291 260 303 222 263 307 208 317 228 284 237 258 267 294 214 242 299 285 264 333 253 276 234 224 325 256 316 238 344 283 275 204 266 286 261 297 232 252 279 203 309 243 247 220 244 216 239 298 324 280 323 269 213 319 311 246 305 273 310 265 225 292 241 293 336 270 236 334 328 268 215 254 218 205 308 314 219 326 211 329 231 331 295 282 255 312 274 277 306 210 335 313 249 202 235 212 338 259 278 302 223 322 272 287 240 226 217 257 290 206 304 262 301 281 288 248 233 300 289 227 251 343 250 229 209 330 271 315 320 245 207 
 133: 252 269 218 331 293 280 228 277 270 266 231 261 256 203 323 250 236 309 334 259 264 251 314 214 204 238 312 287 249 333 324 202 241 275 243 296 300 281 291 217 247 305 322 316 254 229 219 288 242 226 209 211 205 224 255 304 313 212 239 213 220 325 307 232 215 260 284 267 207 265 278 227 208 225 289 233 335 272 303 216 338 230 276 302 253 329 308 295 298 290 257 262 319 292 206 248 343 258 297 222 294 344 235 301 210 271 285 306 336 240 311 282 279 246 244 273 234 245 221 299 274 318 317 315 263 237 326 283 223 310 268 330 286 
 125: 322 239 242 276 238 249 285 273 267 243 311 272 220 257 205 269 287 203 302 255 236 281 292 336 213 294 307 308 283 234 300 331 275 319 222 325 335 266 202 210 312 228 251 289 230 278 215 291 316 237 280 284 296 206 259 303 204 254 310 326 247 256 248 277 314 225 235 240 301 282 245 298 329 338 274 264 219 328 223 224 324 263 252 313 214 250 315 330 221 209 218 261 212 297 318 217 279 343 293 271 295 305 268 299 265 334 286 207 241 304 260 344 290 232 320 323 231 258 244 288 309 229 270 253 246 
 112: 281 307 246 205 242 310 276 267 290 305 234 326 245 244 230 289 258 318 271 304 296 334 288 261 260 228 247 338 291 311 224 216 302 298 300 293 269 287 312 294 314 206 308 232 259 283 274 282 236 320 344 208 263 203 264 210 256 252 335 240 265 331 315 217 211 329 214 303 218 213 212 209 292 262 207 226 266 222 322 219 333 301 272 279 268 223 229 278 231 253 235 324 295 254 323 225 238 270 309 343 325 227 317 215 257 202 297 241 306 233 249 280 
 128: 224 267 320 232 280 263 226 261 252 272 211 238 319 229 294 223 314 206 264 205 278 246 291 322 343 240 334 237 231 312 273 335 262 230 305 274 256 266 245 329 293 283 212 221 279 324 344 225 259 236 255 207 310 284 282 330 234 247 222 300 213 289 250 325 241 277 258 304 242 217 285 209 298 311 336 307 219 216 308 338 276 235 244 271 214 248 331 286 292 281 309 328 290 265 203 316 210 318 251 299 323 326 204 296 306 249 297 208 295 333 227 215 243 288 275 220 317 202 253 303 301 269 315 268 228 287 260 239 
 114: 248 299 234 328 247 319 210 230 203 261 245 286 264 285 219 338 297 333 316 204 336 260 288 281 236 238 209 239 272 262 282 277 221 256 331 218 263 312 302 267 330 335 301 205 294 273 309 228 222 271 235 202 343 213 320 208 304 325 311 307 296 240 315 318 207 276 259 212 257 292 254 334 223 268 275 308 314 253 283 287 226 300 329 237 313 290 326 291 284 278 244 295 269 233 241 289 266 243 317 231 220 216 322 293 303 323 225 217 249 265 279 255 232 242 
 128: 315 255 292 271 202 289 211 294 253 261 318 222 264 230 314 246 338 248 260 278 304 224 203 283 336 343 279 215 305 208 214 280 252 269 308 333 209 243 270 227 293 229 268 262 242 239 300 275 282 233 322 265 223 231 325 288 334 235 205 286 241 234 335 303 311 245 299 317 212 302 237 228 310 256 258 219 267 220 232 266 276 226 324 251 295 249 257 328 272 213 244 326 281 329 217 284 290 216 301 240 263 225 319 273 285 323 306 309 254 296 207 259 313 236 331 307 221 330 277 250 274 320 206 316 210 291 312 287 
 133: 319 316 239 231 263 343 218 315 220 274 302 219 230 334 290 205 322 265 292 207 306 206 233 325 313 266 301 240 214 326 226 270 281 310 215 204 272 331 268 311 245 228 254 285 297 223 294 252 309 246 267 259 280 330 258 344 289 279 212 227 303 213 248 320 244 291 251 296 211 338 278 308 328 312 335 293 288 238 262 260 253 286 225 295 249 314 317 247 277 287 217 304 261 329 222 229 307 202 305 241 333 269 255 209 283 250 336 323 242 221 284 243 236 234 318 224 324 271 235 264 203 276 256 257 299 282 275 208 232 216 298 273 210 
 105: 255 273 208 224 288 261 308 223 275 322 279 302 225 274 264 304 323 247 243 267 220 338 286 266 268 344 210 226 271 296 256 289 212 257 318 282 328 295 227 254 214 251 301 258 319 242 290 249 291 221 239 235 202 229 329 246 326 211 206 236 297 317 335 316 219 238 216 311 292 313 277 293 269 283 233 209 333 315 232 299 241 240 280 204 320 287 213 260 265 309 300 331 284 281 262 310 276 237 324 272 303 263 218 253 306 
 119: 320 211 294 239 300 227 323 267 256 304 326 255 286 344 272 234 308 274 316 301 338 208 210 217 232 242 241 299 298 258 251 297 238 235 220 334 222 314 292 279 336 313 312 288 302 233 203 229 202 293 262 331 252 221 231 248 318 278 206 212 335 240 261 247 246 295 289 296 311 309 226 329 214 250 315 324 284 260 317 281 291 228 213 224 257 204 230 249 310 269 305 215 268 270 306 218 266 275 205 223 254 245 219 244 282 307 207 209 253 287 236 330 264 237 265 283 259 225 263 
 119: 296 287 274 292 291 226 330 283 322 249 279 267 208 247 244 257 280 320 278 324 289 248 343 250 238 206 307 232 293 271 210 256 297 305 336 303 304 240 207 216 209 311 316 262 227 315 214 284 231 300 246 333 329 313 269 286 328 219 236 331 294 254 308 252 202 272 229 220 281 212 223 299 222 270 301 203 290 275 310 326 335 273 288 309 215 235 338 263 243 312 306 204 213 323 285 237 211 277 276 251 253 264 318 217 259 234 230 261 205 258 314 325 295 221 266 225 241 265 242 
 110: 329 223 239 302 252 274 235 323 246 217 278 326 330 255 254 219 244 258 228 312 276 208 204 287 233 305 282 234 203 249 314 299 334 303 216 296 272 263 280 226 284 344 286 319 307 267 230 211 293 264 283 294 285 295 229 243 291 301 317 231 215 250 311 322 343 313 315 273 256 205 202 266 238 260 306 240 253 336 207 328 212 309 331 298 338 227 318 304 232 247 325 269 220 271 270 209 237 316 265 206 248 224 251 259 277 292 288 333 275 218 
 118: 220 287 314 316 320 301 212 281 251 335 207 274 246 307 312 260 306 291 218 286 245 318 222 264 239 237 263 329 309 202 204 262 344 249 319 299 293 253 242 336 326 298 292 343 247 273 219 308 238 223 266 256 216 288 240 233 211 315 330 208 248 279 255 265 271 231 322 259 328 206 304 311 270 210 277 235 303 214 280 313 227 284 269 294 230 283 267 310 289 241 276 324 205 317 295 338 296 297 325 285 333 275 203 250 243 229 261 217 302 300 323 268 278 226 272 209 257 334 
 133: 243 329 242 290 305 320 237 238 271 285 289 215 276 256 259 241 301 226 214 296 269 234 219 319 292 284 265 302 224 230 236 281 283 314 213 254 287 343 227 207 306 323 280 221 203 202 232 297 299 220 211 311 324 250 336 209 235 222 278 252 244 212 245 312 206 262 303 240 317 282 229 217 261 315 218 239 335 300 304 205 248 233 268 263 258 266 223 277 318 308 309 328 208 216 331 253 295 204 313 273 251 228 210 255 231 322 307 257 260 344 291 326 267 333 330 338 298 334 274 288 270 293 310 275 286 249 294 247 225 272 246 264 279 
 120: 234 228 259 318 268 251 292 265 298 203 344 218 237 296 266 319 244 303 208 247 295 336 284 271 343 238 287 328 202 256 329 267 326 248 214 207 231 242 269 241 286 302 291 301 334 312 278 233 213 261 281 297 304 204 277 308 246 279 262 252 210 324 206 283 230 219 223 273 322 229 239 264 249 263 220 215 205 224 209 289 316 320 338 313 222 293 280 333 314 216 294 330 305 211 212 217 331 306 317 253 270 227 243 282 260 285 225 240 235 272 257 323 236 258 310 232 221 255 300 254 
 127: 244 216 220 297 336 322 242 281 238 241 311 334 310 224 303 308 304 290 243 245 338 232 325 268 227 260 221 252 317 251 280 210 202 291 261 212 256 223 296 249 274 331 233 343 298 255 240 278 214 282 335 235 324 299 231 234 283 315 250 211 248 265 247 226 253 292 236 312 230 273 266 276 320 289 259 288 309 328 305 218 239 203 286 323 213 205 344 293 254 262 306 263 208 207 295 204 272 307 302 270 237 225 264 287 300 314 222 294 217 301 229 206 318 246 271 330 319 316 277 258 228 284 326 313 333 279 275 
 113: 257 231 239 292 329 269 238 266 311 317 226 320 249 265 248 234 296 324 240 259 260 247 254 214 272 285 298 281 293 252 244 271 291 224 217 307 344 222 204 264 241 328 326 206 330 300 290 331 295 322 305 205 268 316 262 263 230 236 283 279 308 310 343 302 208 251 286 304 245 220 299 303 212 225 243 242 237 309 255 315 216 323 335 218 278 232 301 246 338 282 211 229 333 213 288 280 219 253 261 228 274 289 221 325 287 223 210 313 276 258 273 209 306 
 131: 244 209 311 248 225 310 229 336 333 331 265 226 238 302 224 299 202 247 252 329 212 324 237 287 344 230 270 283 319 240 309 322 262 264 234 249 203 278 251 334 241 227 326 257 330 217 267 323 243 271 210 343 308 304 289 260 246 296 306 276 275 208 273 266 316 320 290 315 215 303 338 279 282 286 220 254 314 228 211 272 293 281 236 292 222 300 284 205 313 245 268 263 259 242 261 250 301 239 291 253 235 325 256 216 206 213 297 295 335 255 221 207 305 219 280 231 204 233 258 312 232 218 277 298 269 317 307 288 285 274 214 
 132: 309 288 252 215 210 282 217 343 310 331 344 241 242 231 301 251 333 303 323 335 239 208 237 225 261 336 272 330 279 276 211 296 326 253 246 320 291 329 228 270 213 254 283 248 249 294 240 218 245 308 298 268 289 315 334 255 206 258 286 312 250 247 257 204 212 305 275 223 235 238 209 302 304 322 311 316 280 229 214 233 319 222 219 221 265 295 244 292 299 338 264 262 260 207 232 266 230 267 324 314 203 307 236 274 220 278 297 313 234 226 227 273 263 300 216 317 205 277 325 256 293 328 285 281 224 243 202 287 318 284 271 290 
 130: 203 231 249 269 273 296 317 245 212 236 218 305 295 210 234 239 313 222 277 240 289 335 281 318 280 343 228 202 310 272 254 334 328 330 257 325 320 267 262 309 314 211 324 206 214 216 291 242 229 205 331 266 207 298 302 288 323 235 208 286 303 264 284 276 253 220 274 225 230 223 315 300 252 213 312 307 246 224 311 260 336 217 322 209 329 283 270 282 294 290 338 219 204 243 258 275 319 251 263 248 233 241 292 293 299 279 244 261 308 285 247 304 256 227 344 287 232 306 268 226 265 333 238 301 278 297 221 271 326 316 
 120: 266 258 313 293 314 235 275 279 227 316 259 236 224 205 249 322 283 230 265 338 324 306 256 229 245 326 333 218 291 304 260 207 261 299 307 281 309 298 210 273 296 267 336 234 251 212 222 308 250 329 268 280 277 237 274 263 320 310 226 334 284 231 214 271 285 292 239 276 202 295 252 305 269 240 211 215 241 319 203 270 344 278 238 246 213 257 209 206 254 262 253 216 315 325 232 302 219 289 286 287 225 255 328 294 242 272 208 288 318 221 335 233 243 311 220 290 300 204 228 301 
 117: 263 256 209 253 277 223 207 273 325 212 202 244 247 240 302 235 287 220 228 227 270 230 268 237 254 210 261 331 260 288 229 241 271 205 226 213 204 255 303 304 282 262 319 242 296 219 264 214 344 294 280 308 312 208 314 329 275 224 300 266 246 336 257 338 301 285 326 307 245 231 305 206 236 215 330 278 291 251 252 306 333 295 269 298 217 233 281 322 276 334 320 211 234 274 239 317 238 311 328 343 286 323 267 216 249 225 310 335 259 315 316 265 218 243 313 297 299 
 134: 318 277 205 243 262 270 284 278 222 240 203 316 286 275 326 307 241 334 293 215 271 324 298 206 300 265 251 302 296 220 208 320 305 204 209 228 323 317 328 218 259 313 227 225 234 269 213 309 335 299 314 254 272 210 283 301 260 329 233 267 281 333 224 287 202 331 235 263 322 244 239 216 308 232 236 219 282 311 319 207 246 256 214 248 250 223 290 292 238 291 274 273 242 229 211 252 338 255 245 231 217 310 268 325 303 280 285 279 266 288 344 295 230 315 330 336 247 294 258 312 297 264 343 257 212 226 306 249 237 253 221 304 261 276 
 129: 329 217 272 209 270 204 305 314 275 223 220 218 311 215 227 267 313 274 234 336 245 265 256 251 283 255 202 328 307 331 247 316 240 262 322 277 335 212 343 231 229 252 242 228 310 303 273 263 278 248 222 294 296 233 300 211 261 320 324 293 214 280 338 309 279 299 259 291 333 219 325 249 290 295 266 244 326 344 241 243 282 330 319 237 246 284 225 258 254 226 203 216 260 287 292 264 238 297 289 208 224 285 230 235 306 250 232 302 317 269 268 315 207 221 239 206 205 312 253 304 298 213 286 301 276 236 308 334 318 
 119: 281 238 329 242 316 286 330 204 314 249 290 264 266 289 221 215 331 262 252 245 265 304 218 202 277 241 226 310 214 244 268 206 230 253 284 305 271 317 324 269 251 306 326 220 298 285 291 235 205 209 222 272 250 338 227 282 259 325 260 300 258 312 224 219 328 267 203 213 313 288 333 210 261 302 231 229 278 297 211 233 239 254 279 217 228 309 257 319 273 263 292 283 237 207 323 208 255 275 234 256 303 335 225 318 287 243 270 344 334 322 216 301 299 280 236 212 246 308 320 
 119: 292 311 202 255 251 302 317 285 254 277 216 298 240 320 223 209 204 264 231 225 290 328 270 229 313 261 243 205 300 252 303 291 315 267 242 206 271 241 326 274 284 286 306 275 282 295 272 232 268 331 278 257 207 287 228 239 289 293 319 309 249 343 211 248 294 316 344 288 304 234 222 330 281 214 314 215 213 219 308 258 273 224 305 333 226 312 307 263 250 283 212 301 247 279 299 325 318 236 238 220 322 265 210 338 256 253 266 244 203 280 230 221 335 310 260 334 323 217 259 
 138: 348 295 291 260 373 246 271 293 309 366 323 360 365 358 289 252 321 301 243 307 299 310 367 256 345 292 356 311 233 286 327 255 313 346 308 261 263 330 363 375 254 325 257 344 251 370 265 302 270 234 235 277 253 282 314 274 303 328 374 273 369 317 245 347 336 331 338 298 306 279 272 283 249 352 284 324 357 333 244 281 339 285 362 372 264 335 300 319 267 259 239 341 305 287 236 342 250 297 316 359 337 237 349 320 258 290 340 326 296 278 242 351 269 334 318 280 294 322 275 353 361 329 262 315 355 354 371 368 343 266 350 304 276 268 240 241 332 312 
 129: 258 304 358 326 293 266 362 339 323 279 278 372 263 252 247 269 312 290 282 237 315 340 234 256 341 239 244 265 243 245 335 320 264 328 343 325 294 291 233 296 272 283 361 235 276 289 373 236 300 351 242 288 342 347 327 329 285 268 321 352 333 313 355 255 286 301 292 314 336 334 330 257 241 240 370 332 331 316 356 280 246 368 295 303 284 364 374 249 297 324 298 277 275 344 366 367 363 318 259 260 360 253 248 238 317 261 254 274 337 305 267 349 311 310 306 250 270 299 346 302 354 322 338 273 348 353 287 251 357 
 124: 280 281 342 313 333 323 245 348 332 314 290 344 345 236 254 337 267 238 261 300 250 322 340 269 293 360 274 268 327 285 244 331 305 240 320 297 263 249 288 279 266 318 365 311 346 252 271 357 367 335 336 283 299 303 358 373 273 338 315 359 262 354 295 298 321 256 306 302 248 324 233 362 241 242 329 355 363 291 353 309 264 341 372 349 296 292 251 356 351 260 247 317 272 259 343 278 265 289 294 319 347 235 234 282 374 328 312 304 276 287 246 369 326 253 375 339 301 352 284 286 277 330 370 257 
 116: 240 287 370 342 272 306 343 344 371 316 363 251 290 256 302 299 361 367 311 366 305 358 348 327 273 341 245 271 292 375 280 322 354 237 297 313 282 357 331 264 296 346 335 285 321 338 281 332 345 261 334 369 360 349 244 279 283 267 320 301 257 324 323 317 277 314 359 350 293 260 353 254 326 270 300 235 325 246 238 308 263 278 304 336 303 291 315 241 373 255 337 268 253 276 294 248 347 339 242 372 328 351 319 318 250 364 247 295 352 312 289 307 265 355 239 330 
 108: 292 372 369 365 288 344 354 274 350 362 345 245 320 335 275 285 340 311 317 287 325 298 250 299 243 264 363 258 301 256 338 242 239 293 349 278 277 306 244 371 261 282 368 297 260 364 360 281 315 358 279 280 271 342 263 266 313 370 291 253 267 322 296 347 270 318 331 237 252 330 257 336 302 326 247 290 375 352 333 329 319 359 255 314 269 303 328 305 233 357 324 316 309 346 238 236 334 241 355 254 308 348 327 276 307 373 366 337 
 126: 364 248 337 360 261 260 288 265 368 369 282 321 311 252 300 347 309 344 281 346 303 316 302 357 338 371 239 313 356 245 233 271 343 287 280 367 293 272 351 362 354 240 349 355 324 263 258 264 247 292 339 352 348 297 335 274 298 234 276 294 257 320 250 334 283 325 305 273 277 254 256 323 301 326 375 259 306 374 365 253 373 359 291 266 329 328 270 279 295 372 332 318 312 308 244 336 269 319 268 341 275 370 267 333 363 310 304 237 243 286 299 314 242 262 327 307 278 246 331 345 340 238 251 322 361 296 
 123: 281 237 312 305 259 359 311 299 279 247 283 313 323 360 256 298 363 252 266 354 329 310 282 268 271 345 234 370 324 320 269 337 251 300 258 358 349 331 330 261 254 314 276 315 372 375 334 291 284 260 286 322 257 296 373 352 339 341 325 264 236 303 270 355 241 253 321 243 348 235 249 233 340 272 319 317 295 356 318 287 289 244 307 343 326 369 245 335 350 265 364 288 293 240 280 346 353 238 274 374 248 309 297 267 262 239 361 304 371 336 301 344 294 347 292 368 366 328 316 255 302 332 250 
 135: 316 320 244 312 351 372 245 336 375 318 270 296 259 250 307 277 359 292 335 302 350 273 323 293 317 349 254 361 294 263 342 287 252 348 367 269 256 329 242 275 368 371 326 274 288 284 268 328 266 313 363 353 295 237 331 262 354 338 330 260 366 357 362 332 325 278 352 243 248 247 298 235 303 271 364 337 347 355 356 265 253 249 345 267 234 315 279 258 280 369 257 283 344 241 240 308 291 255 282 261 343 290 374 373 310 358 339 327 236 311 233 305 322 346 333 304 299 341 286 238 306 297 365 264 276 285 301 309 321 239 319 300 281 289 314 
 128: 234 372 281 237 305 254 274 271 368 350 343 297 366 361 369 246 348 306 250 263 371 238 280 335 339 295 353 241 315 316 330 247 259 319 244 278 311 323 300 239 293 324 233 251 248 341 236 235 257 275 345 334 269 351 360 344 276 289 264 328 318 262 308 261 340 317 312 253 290 375 272 337 310 260 255 240 285 273 302 303 268 266 243 258 321 288 331 296 282 291 245 327 333 355 338 279 287 299 325 326 301 332 358 286 352 307 292 329 277 370 336 367 294 363 322 270 365 374 347 252 284 314 349 357 320 359 313 298 
 108: 314 305 238 261 301 251 344 328 237 290 330 308 263 271 254 340 313 346 255 260 373 278 342 280 252 264 350 361 363 357 266 317 289 300 329 365 256 334 247 331 332 270 355 375 285 277 236 283 240 265 287 268 352 371 322 246 306 296 291 242 366 315 303 347 337 327 304 309 279 356 299 369 359 372 244 281 239 358 286 349 259 326 267 370 302 282 245 323 248 339 294 272 310 288 351 318 319 297 262 273 298 368 295 293 274 269 312 341 
 127: 364 259 286 299 365 309 273 341 279 374 274 342 361 235 356 345 305 271 233 317 269 334 277 246 348 314 258 327 251 240 247 354 256 252 360 316 297 257 265 289 278 326 261 363 253 280 291 333 262 293 357 328 330 336 331 323 362 315 324 298 319 290 300 358 276 243 285 332 372 263 287 301 266 307 321 268 338 344 318 238 371 310 337 370 343 267 335 264 255 355 275 313 304 302 352 239 284 245 367 237 325 369 295 368 288 296 260 311 375 351 294 244 373 272 282 306 236 303 349 292 322 234 312 339 254 359 270 
 108: 283 247 352 313 237 278 239 284 268 235 370 273 354 303 351 316 269 310 333 340 309 315 339 267 332 281 375 314 318 246 259 252 250 300 320 308 368 265 287 271 345 307 349 238 260 319 285 289 371 257 350 276 298 362 291 330 242 311 280 249 263 329 266 312 305 296 255 336 337 326 372 299 243 361 357 334 327 288 254 346 302 258 270 244 240 293 321 356 306 317 331 348 256 282 344 264 353 328 324 347 343 245 304 236 253 358 234 261 
 131: 244 365 234 295 363 279 321 297 350 268 329 319 340 245 331 344 271 346 251 287 282 249 312 255 371 238 362 258 265 310 296 304 368 324 339 359 242 333 298 280 236 292 358 307 336 264 276 327 351 313 369 317 299 361 330 354 320 325 233 305 241 375 300 277 334 235 285 254 248 337 301 352 257 338 306 332 303 316 261 311 275 343 374 247 256 373 273 269 318 274 315 283 286 328 290 243 291 370 342 309 347 270 294 252 341 356 293 266 240 360 322 372 314 288 262 259 348 326 345 250 278 335 302 260 253 267 237 246 284 263 323 
 125: 272 363 307 288 250 277 332 372 243 258 269 314 325 302 285 241 287 329 334 375 298 299 305 238 271 262 333 297 253 276 367 268 318 366 357 311 358 330 256 295 286 315 304 294 266 349 235 290 326 351 313 283 341 353 324 340 350 319 234 263 364 261 296 291 354 368 242 335 237 337 275 292 345 310 278 338 374 362 236 244 259 254 240 279 365 322 328 344 373 320 336 233 327 355 284 348 301 309 342 249 369 255 346 267 245 312 339 323 239 361 343 317 300 270 359 316 281 274 280 260 264 360 252 321 371 
 117: 355 263 343 347 337 242 261 375 307 262 281 278 357 255 333 300 254 321 259 271 320 362 332 348 341 292 349 247 267 280 293 322 285 342 279 235 371 250 368 312 338 340 335 360 273 346 234 298 241 309 248 374 316 239 305 367 284 356 302 323 246 268 240 274 351 277 238 317 364 354 370 327 326 288 344 301 270 249 237 264 251 339 353 363 244 336 236 233 311 319 308 361 243 359 331 314 318 372 358 245 306 365 291 283 324 325 289 350 287 257 296 299 256 265 329 304 272 
 142: 336 245 243 237 244 255 371 319 303 352 358 366 315 320 290 338 306 317 238 287 308 256 240 258 329 280 356 266 346 274 259 272 254 286 246 334 271 281 293 330 367 335 298 332 316 235 314 374 288 296 357 373 284 236 361 359 360 328 302 370 267 310 350 375 313 278 321 345 324 322 275 372 344 262 325 349 253 311 291 305 250 309 297 251 307 299 304 248 341 340 257 326 368 347 252 318 354 273 294 282 289 249 339 268 327 323 369 300 333 364 263 292 270 276 355 342 242 301 312 247 234 331 285 241 365 337 264 353 283 277 351 239 233 260 343 362 261 265 348 269 279 295 
 118: 321 359 369 329 358 343 365 349 238 297 311 372 272 363 262 316 308 293 333 361 266 370 348 320 344 249 233 278 322 371 304 340 342 353 296 373 236 265 337 284 245 256 303 237 287 275 346 281 251 319 347 364 350 269 327 317 234 336 326 235 332 300 325 298 263 328 305 312 268 279 310 260 302 313 362 357 345 255 261 253 271 351 301 356 247 339 290 273 274 341 246 360 283 257 331 323 334 282 355 338 291 241 254 276 252 315 294 318 368 258 307 309 335 375 324 352 250 285 
 138: 255 338 291 279 322 258 259 313 344 307 332 292 328 253 339 296 336 360 356 257 284 241 260 238 239 256 266 303 321 318 319 367 365 326 345 235 290 288 302 275 293 331 368 372 341 340 289 308 358 314 334 282 248 294 274 270 244 357 349 242 347 295 337 369 371 300 304 236 285 252 276 324 246 269 353 374 325 299 281 309 333 301 364 310 251 240 249 359 366 350 245 330 233 273 286 343 373 278 280 271 363 362 305 287 254 297 265 351 263 237 327 312 317 261 243 268 315 267 247 346 298 361 355 277 272 264 262 311 342 283 370 348 323 320 306 335 329 352 
 112: 287 309 366 282 235 247 342 320 358 352 279 321 233 278 323 338 273 254 276 365 307 298 357 335 246 308 313 363 257 242 267 353 241 238 263 255 271 299 236 373 269 369 333 284 275 341 360 370 295 340 345 303 237 368 311 362 374 327 274 291 330 280 285 301 281 328 265 316 302 300 344 296 371 289 343 322 351 372 288 354 347 240 250 305 258 367 332 251 349 268 364 325 304 264 294 324 361 256 245 286 348 277 355 337 252 243 310 375 244 259 319 318 
 136: 373 297 296 331 304 310 300 372 268 321 301 375 365 346 249 336 319 360 235 352 255 274 317 374 259 326 243 283 334 289 342 353 271 290 354 357 318 240 356 260 307 332 266 306 280 278 335 250 337 275 312 258 303 239 344 343 323 285 305 371 320 366 351 368 261 246 267 348 288 253 369 279 262 244 329 276 277 322 340 350 347 345 328 264 245 349 333 263 292 302 338 265 316 242 281 234 247 291 341 299 257 256 364 282 270 339 286 355 309 311 294 324 358 287 272 363 273 293 233 251 367 284 330 237 370 315 269 248 313 361 238 325 254 359 295 241 
 113: 328 249 255 276 371 366 316 258 285 319 250 268 261 236 326 238 272 240 367 270 351 246 273 308 327 293 282 360 346 347 245 301 324 233 295 291 357 322 235 243 363 274 290 343 344 299 253 306 264 339 312 281 277 317 330 288 302 267 254 248 303 284 329 266 333 362 242 350 280 353 263 340 256 314 310 365 321 300 259 271 305 369 372 348 341 318 337 355 354 297 292 265 315 309 374 334 307 304 325 323 244 313 332 359 338 289 349 252 278 375 234 370 296 
 108: 348 302 331 249 260 237 314 298 356 284 321 349 294 289 279 291 245 317 301 327 345 347 340 248 360 312 351 363 368 313 271 367 362 332 238 297 355 240 262 274 307 292 305 342 276 373 278 247 328 273 326 250 335 266 343 269 282 300 281 359 295 319 287 303 354 283 315 320 258 338 286 334 357 341 236 311 358 365 234 261 270 350 259 263 253 361 318 324 322 252 293 233 374 329 333 375 241 242 370 280 239 257 369 267 277 316 299 290 
 129: 316 346 264 257 327 268 355 294 270 352 311 296 263 312 278 336 244 345 274 353 356 234 292 358 282 370 329 361 332 325 265 334 247 341 363 259 243 315 258 246 344 342 288 351 339 255 375 313 276 326 308 330 272 365 340 302 328 305 290 250 241 289 314 242 368 238 252 283 256 322 350 371 331 359 267 293 304 298 253 374 269 303 248 285 266 333 280 260 321 343 239 237 277 338 366 310 318 249 279 262 273 291 323 364 254 354 275 287 295 372 286 235 320 245 348 360 349 367 324 307 271 306 357 299 373 240 309 362 319 
 132: 289 263 234 240 253 242 346 269 353 337 364 302 361 305 264 326 297 308 318 280 345 367 336 270 330 260 366 237 266 370 236 343 267 281 246 339 243 338 288 362 372 279 249 250 359 262 291 299 273 290 309 348 371 244 287 328 258 293 265 365 321 329 278 357 355 257 276 368 247 341 325 347 255 373 335 284 349 274 296 272 233 271 360 363 313 374 256 259 277 285 314 323 306 344 245 354 317 307 239 241 301 342 315 283 310 298 340 375 334 327 282 292 303 295 352 268 252 254 320 333 286 261 350 248 324 332 304 322 319 358 369 235 
 129: 277 355 241 330 278 374 298 269 310 347 237 268 305 365 334 353 351 340 329 342 373 314 255 285 356 350 320 336 307 234 239 316 245 248 240 357 375 270 275 252 284 311 280 360 354 289 370 315 333 272 282 301 366 276 274 367 318 249 233 238 319 358 325 341 281 304 327 324 253 242 271 251 246 349 273 335 235 243 322 361 306 283 291 344 290 309 345 247 372 362 326 312 294 236 250 288 337 264 295 287 321 258 260 369 303 338 254 359 323 296 368 292 308 299 265 300 331 256 317 363 343 352 267 339 328 262 286 266 364 
 121: 373 316 314 244 321 243 356 234 256 343 349 347 310 282 361 327 248 251 263 335 365 299 275 368 252 238 266 329 255 304 340 317 290 305 332 291 363 350 298 294 369 293 352 277 366 281 334 370 246 362 279 324 250 326 245 270 264 364 257 260 284 333 358 265 288 345 283 313 289 233 272 258 357 336 247 295 360 367 325 273 303 323 267 254 320 307 296 300 274 302 322 280 328 271 239 240 353 286 330 342 331 253 319 372 375 276 268 309 278 359 269 312 315 297 311 355 344 337 292 354 235 
 142: 298 305 284 277 266 336 257 333 372 345 315 261 249 358 321 317 367 356 268 260 290 364 273 281 236 320 280 272 373 359 239 248 353 245 311 275 360 250 370 283 252 238 302 255 344 357 264 278 366 334 247 267 258 318 368 314 269 343 241 326 243 347 328 340 263 338 313 312 303 287 330 304 342 308 327 339 270 246 319 310 259 337 262 354 362 301 291 296 279 288 293 332 265 363 234 341 256 325 276 324 346 355 233 316 240 351 322 292 289 349 371 335 235 297 350 323 244 294 331 282 306 329 365 274 286 242 237 348 271 295 254 374 300 361 307 285 253 352 375 369 299 309 
 140: 300 281 266 286 362 233 292 357 326 278 332 327 251 303 298 306 350 311 237 250 345 316 337 284 335 267 239 320 323 308 328 312 249 296 361 358 269 256 367 299 283 277 360 257 244 236 252 276 315 319 288 325 271 344 293 261 240 340 322 313 287 330 290 347 235 373 274 372 309 374 248 318 333 259 331 273 338 342 370 369 366 302 241 247 349 260 280 279 351 295 334 336 243 245 254 368 356 238 289 346 314 246 263 354 371 264 317 265 270 275 285 305 272 329 355 294 282 339 301 255 353 258 234 268 321 253 262 291 307 242 297 341 352 348 324 364 363 310 304 343 
 133: 250 329 297 327 352 342 346 372 348 275 269 234 311 298 295 268 349 362 244 280 242 317 312 322 253 358 356 365 369 243 336 261 283 313 341 233 366 267 238 270 321 265 236 293 246 288 325 308 287 248 258 374 235 299 239 237 277 355 328 359 357 286 305 260 315 368 251 340 262 350 371 360 353 272 296 310 363 285 314 273 318 240 256 303 332 300 257 241 274 276 291 255 375 264 307 364 338 294 301 373 309 245 370 254 284 278 335 333 345 304 324 289 263 339 351 323 330 347 249 337 320 344 316 292 361 334 326 302 354 319 247 306 290 
 129: 263 341 277 356 301 253 296 345 271 299 288 276 344 320 284 244 255 265 306 240 280 367 372 254 300 241 361 347 359 304 251 256 309 260 371 334 298 283 259 249 364 360 264 274 252 315 275 358 365 292 268 246 350 328 316 279 302 322 313 330 351 348 297 357 243 295 312 269 282 293 238 245 326 235 338 332 291 323 237 273 314 308 305 266 236 325 343 281 270 303 363 333 248 375 272 287 346 340 352 374 353 369 366 349 242 294 310 318 373 247 335 278 319 368 342 234 289 257 370 285 286 317 307 331 337 250 239 324 362 
 141: 328 294 341 247 335 264 334 361 316 352 356 303 324 354 278 304 285 357 371 365 364 266 362 373 359 259 331 330 302 283 284 250 318 276 319 314 298 306 343 375 237 299 273 310 312 342 253 367 256 249 265 360 262 366 311 269 327 280 309 329 270 235 345 255 296 350 242 355 337 315 292 358 277 271 348 347 282 313 369 260 363 287 374 336 239 293 263 333 301 234 254 274 295 258 243 240 320 238 244 268 346 279 290 236 300 245 241 322 368 372 308 332 257 339 317 281 326 288 267 349 251 272 353 286 289 370 325 344 297 248 291 323 321 305 233 340 307 338 246 275 252 
 131: 253 298 237 313 252 346 260 250 345 255 354 356 270 357 331 278 334 309 369 358 304 365 373 243 306 353 361 259 245 374 283 271 256 311 335 247 307 266 317 324 338 276 282 300 289 268 341 241 302 248 349 301 367 285 299 336 360 315 370 350 372 327 352 310 347 269 238 316 273 348 363 258 320 375 337 325 342 295 326 296 339 368 330 321 240 267 236 351 263 305 275 235 332 292 242 280 262 312 308 277 340 290 279 355 319 281 333 244 265 362 328 323 249 322 303 297 343 254 261 294 284 257 293 359 274 251 264 314 329 239 288 
 126: 271 240 370 361 253 329 304 311 330 315 317 244 279 266 287 313 346 352 236 273 256 283 250 277 373 301 247 374 331 357 327 298 355 251 340 350 369 302 291 324 265 314 343 344 235 248 263 309 372 354 238 243 371 293 246 288 320 337 358 255 261 339 333 294 366 332 262 241 234 284 264 307 368 254 295 260 303 310 297 325 360 321 363 280 270 338 245 267 269 258 367 272 345 285 305 259 274 335 276 319 278 289 268 328 242 290 252 347 365 233 341 296 336 237 353 342 292 239 322 349 356 334 275 249 323 282 
 111: 305 285 333 328 273 326 356 358 298 317 250 339 274 266 314 343 346 313 357 323 351 365 354 364 335 338 372 344 368 349 347 256 291 240 249 321 244 311 233 327 265 275 278 243 293 320 299 340 303 292 348 296 290 309 270 322 260 281 375 373 332 257 289 287 329 359 336 234 370 363 371 271 283 324 280 235 295 286 259 367 362 246 361 264 315 241 255 312 297 242 236 369 360 277 284 350 276 345 262 310 300 366 272 331 251 248 304 342 237 330 318 
 108: 337 286 262 282 318 327 293 336 304 316 367 373 309 294 350 278 305 374 251 353 297 338 272 311 314 257 245 253 285 347 248 331 301 341 265 324 369 247 361 372 302 320 317 299 322 356 370 351 365 358 235 339 287 315 239 266 319 238 352 237 359 268 255 250 267 310 330 264 344 281 233 270 332 273 241 342 366 306 321 357 246 242 348 263 375 335 345 346 279 354 261 313 249 252 275 243 288 280 340 259 303 234 329 362 368 360 284 276 
 115: 372 279 273 278 326 248 305 331 369 237 316 368 302 356 338 350 236 261 293 282 244 294 365 283 320 307 308 263 319 358 238 281 306 284 352 289 327 344 253 300 252 309 250 304 346 260 265 375 337 272 335 270 254 267 317 342 367 245 332 351 295 347 313 325 355 274 296 303 268 292 323 328 373 345 257 363 360 329 362 251 364 298 322 336 314 297 361 353 287 239 366 315 359 290 243 277 285 341 318 235 255 370 233 259 280 258 299 310 241 301 234 249 276 349 242 
 137: 292 296 352 373 300 242 370 256 307 372 341 237 357 359 327 319 240 236 333 315 286 353 299 291 246 275 337 335 271 268 309 334 261 345 255 289 262 330 257 339 351 294 358 326 304 336 310 355 317 290 267 324 258 365 316 284 361 363 301 277 308 265 346 340 288 259 314 243 312 263 332 269 278 297 282 287 328 293 279 325 349 306 235 329 285 302 303 249 364 347 253 368 280 250 354 348 295 338 321 342 331 320 311 298 374 318 313 276 356 251 322 248 238 244 239 366 254 241 283 233 367 245 274 247 266 369 350 371 273 323 260 270 234 360 264 252 362 
 116: 276 363 255 245 335 242 326 282 333 311 300 339 240 347 350 257 351 318 261 312 348 368 349 281 358 277 329 267 239 253 341 313 254 273 356 374 336 283 284 238 359 233 269 372 367 260 291 250 307 258 234 328 289 298 346 246 262 331 364 304 271 365 342 265 237 344 264 355 293 319 343 316 268 375 275 290 323 373 243 241 295 315 274 287 294 303 308 259 302 334 320 263 299 309 352 285 360 292 244 310 296 366 371 278 249 235 321 306 340 256 252 297 317 247 357 324 
 131: 300 360 277 345 361 283 294 293 335 250 334 282 321 242 254 279 340 315 313 266 264 319 370 290 287 322 247 325 355 306 374 317 324 358 251 326 330 268 353 356 309 269 238 312 341 349 249 259 305 363 368 253 272 275 265 323 328 256 351 271 308 357 314 369 257 304 262 332 299 296 303 344 270 252 331 289 245 297 298 329 301 288 295 281 285 372 274 246 260 375 239 359 337 284 240 366 333 367 373 364 244 371 339 302 362 291 352 234 263 267 316 243 347 327 342 276 365 278 346 320 237 310 311 235 354 350 343 261 336 338 286 
 121: 359 285 332 299 246 276 360 361 329 357 370 345 365 333 290 302 282 336 247 241 270 323 309 319 362 337 286 322 235 242 261 339 279 237 301 263 375 243 349 325 250 316 320 254 297 356 344 338 273 314 262 342 340 245 293 334 312 268 259 304 249 315 306 317 269 248 366 310 294 348 335 324 284 354 281 346 300 305 318 252 369 289 371 347 326 277 343 352 238 327 265 350 253 260 292 255 267 283 353 330 328 303 280 272 251 351 274 244 264 258 321 374 257 313 278 233 239 367 311 364 256 
 119: 271 297 287 348 333 248 295 289 245 265 303 375 272 246 346 277 283 326 319 294 366 342 273 282 374 331 321 341 285 314 292 322 363 244 278 262 368 365 250 353 259 323 324 242 311 296 367 239 260 257 261 233 241 269 281 354 234 240 328 298 347 291 371 305 293 340 327 359 307 256 308 343 325 336 360 306 320 276 255 338 302 299 344 300 237 313 236 264 312 286 268 329 317 355 364 335 352 349 318 247 345 275 339 369 316 274 243 310 249 280 288 370 235 356 350 373 362 358 361 
 133: 258 266 289 238 356 324 303 251 267 249 309 273 281 242 282 253 314 248 370 264 287 272 237 338 326 373 372 298 363 340 331 308 334 328 346 351 355 300 262 280 275 345 294 234 257 301 361 269 347 284 312 236 247 259 246 348 316 256 322 311 299 339 279 353 343 365 292 369 260 255 357 333 350 296 288 360 323 310 375 354 268 319 318 240 297 317 368 254 332 315 270 359 304 286 321 252 325 291 271 293 349 241 307 250 366 239 274 243 261 244 358 305 265 330 371 362 290 364 342 278 283 285 327 245 263 276 335 344 277 306 352 337 233 
 111: 307 293 282 241 265 351 267 242 313 262 260 263 372 368 302 294 352 361 292 356 258 271 238 327 273 346 342 367 300 369 323 261 333 277 301 374 349 373 341 331 298 324 295 283 325 297 290 289 255 355 234 276 239 340 359 371 363 246 337 316 343 233 318 362 311 275 248 322 306 249 287 303 345 328 332 259 365 312 266 305 286 317 253 278 354 251 309 326 350 338 291 296 329 339 334 280 288 281 348 269 319 357 315 237 321 353 256 270 358 247 268 
