# Data generated from a SDPTSP-E instance solved in two phases
# nbTasks=204, nbWorkers=147
# Random number generator seed = 0
Type = 1
Jobs = 204
 360 400
 367 399
 376 436
 391 429
 431 509
 445 534
 447 480
 466 554
 476 584
 480 518
 486 529
 487 536
 494 564
 494 583
 495 598
 498 609
 499 553
 507 622
 510 561
 514 600
 521 561
 526 605
 529 596
 529 621
 532 585
 535 605
 536 640
 540 619
 545 570
 545 609
 559 649
 582 695
 583 640
 586 612
 593 624
 603 708
 626 722
 646 686
 652 755
 652 762
 655 750
 673 774
 694 780
 695 727
 699 746
 700 786
 713 808
 719 758
 735 838
 746 784
 751 776
 782 832
 800 910
 810 857
 820 882
 831 852
 834 858
 846 956
 849 967
 854 913
 857 920
 858 953
 876 940
 878 929
 878 945
 883 915
 883 917
 885 953
 888 903
 893 932
 895 993
 897 1010
 900 944
 900 974
 903 991
 910 948
 916 1031
 929 1044
 933 1028
 934 999
 935 990
 942 1056
 967 1066
 973 1033
 976 1075
 978 1070
 986 1060
 991 1093
 998 1081
 1005 1049
 1007 1101
 1009 1119
 1010 1107
 1027 1055
 1027 1109
 1029 1118
 1031 1065
 1034 1110
 1046 1157
 1047 1126
 1048 1081
 1053 1128
 1061 1118
 1069 1167
 1070 1114
 1078 1175
 1083 1137
 1083 1177
 1094 1209
 1094 1210
 1098 1194
 1099 1149
 1103 1209
 1105 1222
 1126 1174
 1127 1200
 1141 1260
 1147 1176
 1162 1224
 1162 1256
 1164 1226
 1165 1247
 1166 1232
 1177 1287
 1180 1285
 1182 1227
 1184 1294
 1189 1239
 1191 1301
 1216 1235
 1218 1301
 1219 1240
 1220 1307
 1222 1251
 1223 1302
 1228 1309
 1232 1300
 1235 1313
 1246 1339
 1257 1320
 1264 1312
 1268 1346
 1269 1384
 1290 1319
 1297 1407
 1321 1398
 1335 1433
 1342 1422
 1348 1441
 1349 1377
 1352 1410
 1362 1424
 1362 1431
 1362 1481
 1401 1458
 1406 1457
 1410 1520
 1430 1547
 1436 1554
 1438 1553
 1445 1526
 1454 1496
 1456 1541
 1464 1519
 1473 1564
 1480 1580
 1488 1556
 1489 1593
 1497 1584
 1509 1557
 1516 1599
 1519 1621
 1524 1641
 1526 1644
 1531 1569
 1536 1576
 1539 1658
 1549 1603
 1554 1661
 1559 1669
 1588 1673
 1594 1695
 1605 1628
 1619 1688
 1643 1716
 1650 1742
 1651 1769
 1654 1709
 1656 1693
 1673 1787
 1675 1741
 1680 1709
 1699 1720
 1707 1770
 1707 1790
 1711 1756
 1720 1792
 1731 1838
 1732 1823
 1762 1779
 1774 1832
 1791 1865
 1870 1900
 1871 1911
Qualifications = 147
 52: 4 13 1 47 50 6 16 42 51 33 17 2 37 44 3 10 29 41 8 20 26 24 0 22 34 32 7 18 5 35 49 48 46 30 19 38 25 15 11 12 40 14 36 45 28 39 31 23 9 43 21 27 
 40: 23 29 17 36 12 43 35 27 13 9 33 38 10 41 48 0 8 25 50 37 7 51 15 20 3 2 49 47 40 4 16 30 42 45 19 11 6 34 32 44 
 47: 11 44 24 32 20 25 27 43 39 15 48 5 29 18 37 47 38 4 12 42 36 51 23 28 30 34 49 45 16 13 9 19 46 40 50 31 7 0 22 21 17 1 41 26 6 33 2 
 45: 47 36 19 15 12 44 7 43 38 13 16 4 11 49 42 21 30 22 34 5 10 23 0 24 50 8 9 31 28 35 3 48 20 37 32 51 27 39 18 2 33 14 40 26 1 
 47: 13 36 21 33 26 47 22 9 31 34 39 45 23 38 37 6 48 7 4 46 42 44 20 50 11 2 0 51 28 25 14 40 10 5 16 43 24 12 3 29 30 18 49 35 41 17 8 
 44: 40 35 0 36 38 46 2 6 47 48 27 13 45 3 25 28 32 30 19 26 51 33 23 12 4 22 1 42 20 24 11 9 15 37 39 34 44 41 49 8 29 17 18 10 
 50: 23 34 37 36 43 39 40 6 19 22 28 31 48 5 29 26 38 3 13 14 20 17 11 42 27 1 50 7 0 18 24 4 12 8 9 49 46 35 15 41 16 21 47 10 25 51 2 33 45 44 
 40: 37 15 33 14 35 39 43 40 32 47 9 31 2 7 18 3 17 46 50 48 11 30 34 49 13 26 6 36 28 16 22 44 24 20 25 0 5 29 41 1 
 43: 37 22 41 23 39 29 26 12 15 42 5 6 27 44 16 20 30 50 34 36 49 14 8 9 4 3 19 7 51 10 46 21 48 28 11 33 45 24 18 0 31 40 47 
 49: 2 16 44 17 25 51 15 48 11 37 30 20 34 7 36 32 0 50 42 21 12 33 23 9 47 40 28 4 31 49 19 26 43 39 5 10 13 29 8 41 46 45 3 22 38 1 27 6 24 
 52: 42 17 24 4 29 30 25 33 22 43 41 3 45 50 8 5 28 10 1 20 27 19 36 38 15 32 37 47 14 9 0 40 12 35 11 31 18 2 6 48 46 16 21 13 7 51 34 39 23 49 26 44 
 42: 15 37 9 3 40 20 38 51 30 1 22 24 18 33 36 11 50 48 34 2 10 26 29 23 31 43 12 45 0 21 6 49 32 35 16 13 42 41 17 47 44 46 
 43: 48 44 28 51 26 21 43 24 9 50 37 0 35 38 40 5 41 14 27 49 12 36 19 30 39 3 32 46 7 42 33 11 20 18 29 8 15 1 45 25 23 10 16 
 52: 14 36 1 44 0 22 43 42 19 4 33 45 13 10 2 39 37 20 12 32 40 3 21 6 34 23 25 30 47 26 49 50 27 29 5 18 17 16 48 7 51 11 41 15 28 38 46 35 31 9 8 24 
 45: 16 5 28 33 37 10 21 14 31 24 42 25 12 7 9 4 29 13 23 20 48 17 43 50 2 3 47 34 0 39 30 38 35 32 36 46 6 18 40 19 22 15 44 8 27 
 43: 32 29 46 11 34 22 21 33 31 30 26 25 15 16 28 7 23 5 13 50 6 0 10 37 9 8 41 48 51 47 35 24 36 42 38 39 20 44 4 2 18 14 1 
 40: 13 0 11 19 45 24 50 25 4 29 17 10 7 38 49 14 22 26 8 39 51 18 28 37 9 44 23 16 47 36 1 34 32 31 2 41 42 12 6 21 
 49: 15 45 48 35 44 21 27 37 2 8 31 36 23 5 33 25 4 9 46 6 12 10 40 20 30 13 0 43 17 24 39 7 34 22 49 32 42 14 51 50 18 11 3 1 47 29 26 19 16 
 52: 15 44 16 50 12 41 9 14 1 19 39 49 3 23 31 32 21 38 47 4 10 36 20 30 27 51 34 5 0 13 26 22 17 42 43 33 46 6 29 35 40 48 25 11 8 45 37 2 24 7 18 28 
 48: 46 20 12 22 18 24 21 33 15 36 9 28 37 4 13 0 43 7 29 44 39 32 23 5 1 3 8 51 19 47 26 34 25 50 49 2 31 40 38 35 14 10 27 30 17 6 45 42 
 41: 37 26 24 48 43 19 25 7 44 40 27 36 41 32 22 21 13 16 46 39 51 9 5 10 12 0 23 30 29 1 31 47 49 15 6 50 35 38 2 8 17 
 51: 8 24 12 10 35 46 6 7 41 50 14 9 4 21 20 11 26 42 51 36 27 0 49 40 28 13 31 18 25 47 29 2 16 30 22 34 15 39 37 3 1 45 19 32 44 5 43 33 17 23 48 
 48: 12 16 32 37 10 8 27 33 25 0 40 28 19 38 47 36 23 46 6 4 44 3 51 48 22 18 39 13 26 50 42 34 24 1 7 45 43 5 11 49 31 2 17 41 15 9 20 35 
 40: 51 6 7 11 40 25 5 4 34 20 49 30 21 23 44 9 37 15 42 39 10 3 46 43 14 31 48 27 0 8 17 28 26 12 29 36 22 1 41 32 
 46: 12 25 50 44 10 3 6 24 21 38 27 19 7 14 13 17 33 32 8 35 42 2 36 1 39 20 22 51 15 40 45 23 48 16 46 43 5 28 26 29 9 49 4 11 41 31 
 51: 31 13 7 17 11 24 28 45 15 14 47 21 0 42 40 3 46 23 16 25 18 38 5 2 50 27 51 48 1 39 33 49 32 10 9 20 43 37 30 22 36 26 4 41 34 6 19 8 44 12 29 
 54: 19 30 64 69 60 9 22 51 20 49 25 56 41 33 27 29 38 47 10 72 32 65 39 31 21 43 23 35 52 18 66 62 61 48 11 42 45 12 14 40 15 57 13 67 36 37 55 16 24 26 50 17 46 28 
 60: 59 24 45 33 75 53 39 43 56 25 16 36 34 17 21 52 12 64 68 9 49 44 42 48 31 66 69 15 23 41 28 61 11 55 60 51 65 30 18 46 29 67 63 27 37 10 47 13 62 14 38 22 19 50 32 26 54 20 72 40 
 54: 10 69 35 27 15 53 21 24 39 45 37 55 61 42 63 40 62 17 33 23 72 13 57 44 67 47 25 50 19 54 30 11 65 59 68 38 34 28 75 22 14 31 46 52 18 26 29 12 9 60 20 41 36 32 
 54: 64 21 26 35 59 38 15 63 75 27 62 24 54 11 9 53 12 17 46 60 14 39 57 29 22 51 69 65 50 43 20 47 19 48 41 36 42 55 44 45 16 10 52 37 13 33 28 61 72 23 32 56 18 67 
 55: 10 44 25 14 29 57 56 42 52 66 38 41 54 9 23 46 53 45 43 19 61 63 16 69 40 35 36 50 27 20 15 11 60 18 12 62 34 59 32 72 55 22 49 64 21 39 13 68 31 47 24 48 75 67 33 
 50: 12 18 41 49 21 39 10 17 45 42 32 68 69 26 46 30 43 54 59 35 24 11 9 25 53 31 34 62 15 75 63 52 57 56 67 28 51 40 61 44 29 23 13 19 36 50 37 38 16 47 
 56: 64 68 56 33 35 25 69 36 23 43 39 65 19 20 28 75 41 44 16 21 66 30 22 15 67 63 34 48 12 57 61 24 13 54 45 37 60 31 27 9 49 42 26 52 32 14 51 55 47 38 18 10 72 62 40 50 
 51: 55 59 52 54 56 60 48 16 23 31 67 46 63 72 65 27 22 68 49 33 25 15 61 9 51 18 35 19 57 42 64 36 11 50 44 66 62 10 34 45 53 28 40 30 24 43 41 21 47 39 17 
 57: 48 13 14 53 41 54 49 29 50 24 60 21 65 67 12 22 20 38 23 10 32 75 64 33 45 43 34 9 52 51 36 59 39 72 26 44 19 18 42 61 46 11 17 35 40 68 30 66 55 28 37 31 57 69 63 16 27 
 50: 55 13 26 49 35 39 11 9 12 38 65 47 34 56 42 37 48 27 10 32 40 68 21 50 33 23 57 22 20 30 28 19 60 52 15 59 69 67 24 72 14 44 25 66 61 36 46 64 45 75 
 52: 15 11 20 75 64 37 72 42 67 17 40 54 56 38 32 21 31 43 28 55 36 25 41 26 27 9 45 44 52 59 18 35 61 62 29 10 65 13 46 47 12 53 69 23 49 50 19 39 16 66 34 51 
 48: 17 24 26 19 44 9 14 65 66 20 11 63 40 30 59 52 69 13 34 33 46 75 36 27 57 29 38 18 55 53 68 41 50 45 56 28 32 64 72 61 54 35 47 42 10 15 60 49 
 54: 61 11 15 34 55 40 67 72 42 50 19 24 35 47 60 10 29 52 38 22 69 68 62 43 45 37 53 12 59 30 13 23 63 36 64 18 41 65 16 14 28 56 49 25 31 33 27 54 20 57 17 46 44 75 
 50: 13 22 52 69 14 16 62 53 63 33 75 65 64 15 34 40 25 49 41 30 42 61 39 19 38 31 20 56 43 17 28 26 11 59 12 36 44 32 57 50 55 45 54 10 47 68 27 24 66 51 
 56: 48 60 23 29 15 21 38 72 64 75 13 49 19 43 67 26 59 63 52 24 42 54 35 31 41 55 65 33 30 44 14 9 40 68 50 34 37 45 18 27 12 53 69 56 17 10 57 46 16 22 20 39 28 11 66 32 
 55: 28 50 62 24 11 68 42 38 13 53 72 27 75 60 57 16 39 12 64 19 32 65 17 56 55 33 25 40 41 61 54 34 44 9 21 63 35 59 22 31 10 67 23 48 49 66 47 45 46 15 20 69 36 51 29 
 53: 26 43 46 52 42 37 29 47 20 11 56 65 21 64 9 59 23 36 44 75 22 19 61 49 14 69 39 51 66 50 35 48 67 25 40 24 54 41 38 33 62 60 34 72 53 17 32 68 18 30 63 55 15 
 54: 24 47 57 35 51 62 48 55 49 59 34 46 61 50 32 37 19 14 33 69 13 67 29 42 22 45 60 40 54 18 65 66 20 43 21 38 26 9 11 72 36 53 39 27 25 68 15 52 17 28 64 44 12 10 
 47: 47 69 43 29 37 49 25 31 28 15 61 16 36 22 68 27 34 65 53 48 32 11 14 26 75 39 40 56 17 57 60 21 44 51 64 33 24 13 41 12 9 30 23 55 66 54 42 
 62: 40 46 53 9 51 19 37 25 72 17 75 39 33 44 29 16 61 52 57 36 50 23 38 15 11 20 34 42 54 60 55 12 10 24 41 49 62 66 47 69 64 63 32 45 35 14 30 21 22 48 28 27 65 59 18 68 26 13 67 31 56 43 
 48: 20 38 57 49 41 37 12 13 67 11 34 66 65 44 51 10 14 47 68 29 22 53 26 48 19 17 60 55 52 9 62 39 31 33 16 24 27 64 54 61 21 15 59 75 30 42 46 28 
 50: 51 21 43 75 30 67 65 45 14 39 27 46 64 41 33 38 49 18 34 16 28 42 61 15 10 66 26 59 69 57 72 19 11 32 47 22 40 54 29 44 12 50 35 55 56 25 60 24 36 48 
 54: 21 15 72 64 17 24 12 55 26 63 46 42 51 40 41 49 52 44 67 43 35 65 10 19 54 69 57 45 23 14 62 34 20 29 48 56 60 53 13 39 33 50 25 9 66 38 27 68 59 22 18 37 31 75 
 52: 32 64 72 12 48 17 33 40 23 31 66 46 60 29 55 53 57 59 75 14 19 36 50 49 62 37 69 34 21 44 20 41 45 25 38 56 9 67 43 27 11 42 28 54 10 47 24 26 61 22 13 35 
 61: 36 69 9 24 64 23 29 46 20 26 62 41 66 49 25 65 11 12 48 19 32 13 34 37 45 31 47 44 35 30 51 61 38 57 54 18 68 50 33 53 17 55 56 40 67 60 14 10 27 16 63 42 59 52 72 28 22 15 43 39 21 
 60: 49 27 19 38 69 43 16 51 21 75 47 62 54 12 53 65 64 13 18 66 23 33 41 61 45 72 29 56 10 67 28 52 24 34 37 59 48 30 40 26 36 14 32 44 35 42 50 15 60 57 63 20 68 22 9 17 31 39 46 55 
 80: 107 104 111 132 73 77 91 58 89 94 98 62 119 105 82 109 74 130 83 139 113 106 70 59 81 61 86 127 65 116 118 137 123 108 69 125 102 68 112 60 115 88 79 131 84 103 76 87 66 124 75 114 64 121 93 95 80 122 97 90 143 140 136 63 120 99 71 134 57 101 85 129 133 100 92 110 128 67 135 78 
 84: 136 109 88 124 99 110 130 94 61 123 91 139 66 89 111 114 128 84 79 58 104 75 71 87 76 86 100 59 105 78 69 125 116 134 65 72 118 137 101 122 67 107 83 131 108 129 62 63 127 126 90 96 117 115 106 57 92 121 60 102 132 80 95 64 140 74 77 82 98 113 70 119 93 85 68 112 143 73 135 103 97 133 81 120 
 83: 67 129 125 143 116 101 102 126 57 73 90 89 122 81 94 96 59 61 135 103 76 84 63 139 74 64 99 87 72 70 82 118 109 119 66 106 132 131 92 58 80 128 62 91 113 93 69 130 134 108 86 107 104 121 60 95 65 120 85 75 127 110 105 111 136 100 117 112 140 71 83 68 97 98 137 114 133 123 79 78 124 88 77 
 78: 117 57 134 114 72 126 123 80 69 85 140 105 104 135 131 96 93 98 74 137 82 83 70 107 115 77 120 61 133 78 132 143 136 121 128 118 89 62 71 124 99 111 100 108 73 112 76 119 63 66 81 106 122 59 139 110 125 97 113 95 109 94 64 90 116 60 87 130 86 102 75 79 67 101 65 127 91 103 
 74: 81 63 79 85 130 119 115 136 67 116 125 106 103 118 76 61 132 143 124 109 128 84 70 107 95 73 60 94 137 68 62 108 139 92 129 113 105 110 64 72 135 123 102 121 111 90 57 74 75 59 122 89 100 134 99 131 114 112 98 91 126 86 83 66 101 96 133 87 65 80 88 97 120 104 
 71: 86 109 131 64 78 121 122 82 84 61 103 119 66 92 130 90 73 80 88 101 93 79 135 117 137 74 58 110 83 105 69 67 113 139 62 89 60 107 133 120 59 97 100 140 63 136 112 106 70 124 104 91 128 96 126 71 134 118 72 129 132 85 76 115 57 98 116 65 108 77 99 
 78: 105 60 113 61 95 117 63 123 111 89 133 131 78 109 125 106 81 130 66 96 88 101 92 68 87 67 70 103 99 127 69 84 82 93 134 139 74 126 58 64 57 86 116 59 140 115 121 122 100 136 102 108 79 98 143 80 77 73 129 107 118 135 104 94 124 119 62 71 120 128 83 112 65 110 90 137 91 72 
 63: 127 125 66 104 60 63 99 76 78 119 107 131 89 133 121 101 96 108 62 112 137 86 64 75 90 87 65 80 122 58 139 103 97 105 110 130 102 68 67 91 129 74 79 82 113 116 70 71 92 85 98 59 115 83 109 88 77 106 111 136 120 94 132 
 78: 64 134 84 74 139 115 120 135 121 136 92 116 125 97 87 99 75 85 80 72 122 128 126 71 91 78 100 79 66 86 81 140 107 60 76 59 98 109 124 102 88 70 68 101 127 82 104 105 108 114 95 143 103 93 90 58 96 112 106 130 113 83 132 117 73 67 110 137 119 61 133 62 131 65 94 77 123 129 
 73: 132 93 106 99 83 124 73 77 103 98 134 82 84 135 79 102 129 118 122 59 115 133 136 121 114 97 137 68 89 64 96 61 92 80 127 110 116 72 120 131 104 95 119 125 130 58 109 88 94 139 126 140 78 90 75 105 111 60 123 74 57 70 62 117 112 76 66 101 86 69 107 65 113 
 68: 71 123 109 111 105 61 85 135 104 63 80 81 99 143 120 132 87 82 69 128 98 57 84 95 91 72 88 116 67 102 93 124 127 76 64 117 121 131 66 110 108 70 133 73 74 129 100 89 58 126 90 122 65 97 118 79 86 106 94 101 113 96 78 83 59 125 115 140 
 73: 77 79 86 84 100 134 96 62 97 109 95 128 126 87 131 83 92 104 140 127 123 98 106 114 129 118 116 105 135 99 67 73 69 137 143 125 112 59 122 139 124 107 111 93 75 110 108 66 119 136 90 74 94 68 120 102 103 72 113 60 76 80 61 70 78 57 101 132 65 85 115 121 71 
 71: 65 77 113 58 90 73 107 87 136 129 85 60 97 83 66 100 101 62 115 81 117 140 64 76 59 119 71 111 104 94 72 126 102 74 143 130 96 89 88 134 123 57 106 125 105 67 69 78 84 61 82 92 137 99 86 68 116 139 80 70 63 133 124 135 110 112 121 114 98 131 109 
 66: 66 103 75 57 112 143 86 129 97 133 81 71 67 114 119 117 73 101 139 137 130 80 59 68 78 131 108 115 64 110 100 125 91 79 118 63 140 107 105 82 120 113 72 69 126 93 116 128 88 99 77 76 98 109 60 135 58 83 136 89 127 132 65 123 85 95 
 76: 120 86 125 67 63 91 113 107 101 136 105 76 126 70 95 117 73 139 83 97 78 94 112 116 127 121 68 82 71 84 96 69 134 61 87 114 77 140 60 58 66 104 100 57 92 132 88 137 99 85 131 93 123 64 130 89 75 109 118 124 103 143 98 108 128 115 106 59 119 74 79 129 62 72 90 102 
 81: 58 78 135 92 121 100 133 106 97 96 134 95 57 87 131 85 103 116 69 102 99 79 70 113 74 119 117 71 67 120 73 94 72 82 143 124 128 122 140 114 139 132 107 64 76 137 91 75 65 89 105 93 112 109 104 80 83 129 101 86 66 63 111 62 98 130 126 108 61 136 90 81 77 88 60 118 127 59 125 115 123 
 70: 96 91 65 94 136 74 99 130 89 86 129 110 137 134 112 132 127 69 85 98 70 131 117 135 73 79 63 60 68 107 121 92 140 123 59 104 128 90 143 61 71 58 87 64 118 76 83 109 113 139 125 116 100 78 97 66 119 82 103 72 77 95 67 111 93 120 105 81 133 122 
 83: 97 59 104 76 89 80 66 68 95 94 124 58 120 65 64 87 85 119 98 70 132 108 140 61 92 91 78 100 115 130 117 134 128 77 126 135 74 60 93 75 110 116 133 96 114 99 81 125 84 122 137 109 103 112 72 62 102 101 143 69 73 90 82 63 106 79 136 83 57 123 105 111 118 88 113 127 107 129 121 131 71 67 139 
 66: 100 84 60 63 62 67 91 75 106 114 97 128 140 73 133 72 71 119 101 125 134 85 131 124 81 94 136 98 129 88 104 115 111 89 96 86 123 112 57 87 122 143 127 120 116 132 93 103 137 121 79 92 135 130 139 102 65 61 113 77 66 90 83 78 58 69 
 66: 105 118 99 81 94 95 120 111 134 143 98 96 101 135 77 84 93 67 116 65 113 103 137 119 58 122 136 102 112 90 87 57 68 100 139 108 79 72 126 69 110 66 60 140 63 129 71 61 123 104 109 117 128 124 125 78 132 62 83 121 73 76 91 74 80 133 
 64: 119 139 57 116 64 62 134 81 72 135 84 90 92 143 71 109 65 107 108 123 80 124 137 78 110 60 127 66 101 114 95 133 85 131 86 125 68 136 76 132 121 115 129 63 77 69 111 70 99 140 128 112 67 94 104 58 98 126 82 106 89 61 102 73 
 79: 64 101 122 116 133 132 89 59 103 105 72 71 121 90 109 86 62 131 82 65 79 94 70 88 127 118 63 111 87 110 123 93 119 74 102 84 60 136 143 58 117 134 85 108 106 137 80 69 57 104 98 97 112 81 95 128 129 113 73 135 91 124 83 92 99 61 75 125 114 77 66 76 120 107 139 67 126 78 130 
 70: 73 62 143 82 61 107 130 127 112 80 70 119 63 74 125 128 129 109 78 111 132 94 83 102 103 136 86 59 105 114 113 85 120 98 135 96 123 93 89 140 116 81 108 66 87 91 67 134 124 101 76 121 122 88 139 57 97 106 71 60 92 64 95 100 79 84 126 69 58 137 
 72: 143 137 77 111 83 72 129 140 98 74 58 69 66 121 115 80 132 75 139 113 124 89 62 110 101 133 73 91 128 61 127 93 108 90 60 76 122 119 71 118 134 106 102 123 126 67 84 95 112 94 120 79 81 59 116 70 86 107 85 109 64 117 87 131 125 104 63 99 65 57 97 136 
 65: 65 59 89 103 94 75 140 74 131 110 113 85 81 109 90 136 133 107 115 134 119 69 108 93 87 139 111 80 70 71 66 95 102 116 92 126 82 72 123 101 117 67 127 143 122 135 60 132 76 112 62 68 91 63 104 73 106 58 64 100 128 125 57 88 105 
 72: 120 100 115 122 81 77 82 93 59 65 67 110 84 121 131 79 91 119 75 125 64 129 101 143 57 103 107 61 58 106 89 97 130 94 99 73 96 66 114 98 80 88 86 136 62 134 78 83 133 137 72 60 132 139 127 140 71 124 126 118 135 63 123 117 113 85 70 74 87 108 92 105 
 69: 122 117 82 151 90 99 126 104 106 146 110 98 138 135 113 124 102 86 129 111 132 100 109 147 88 121 105 142 95 97 145 128 91 84 143 108 92 134 119 127 137 139 116 115 85 133 114 152 93 120 141 83 144 96 149 150 112 89 103 101 131 87 118 125 130 107 140 136 94 
 55: 114 111 108 115 113 135 119 137 93 136 107 144 134 140 109 102 146 149 99 138 124 82 91 152 85 100 125 112 89 98 92 94 96 110 129 116 84 151 105 122 126 131 117 121 142 118 147 123 95 83 120 132 150 104 103 
 55: 132 149 143 95 106 139 137 113 124 136 91 89 115 138 125 122 101 127 109 108 105 94 134 120 82 117 114 116 131 84 103 118 123 86 83 140 98 146 129 88 97 147 126 107 99 111 112 104 151 152 96 130 150 92 85 
 61: 90 106 92 117 141 91 102 136 85 147 126 83 123 146 105 142 124 133 137 97 120 111 151 144 138 84 119 96 130 86 107 109 113 114 134 125 152 145 135 115 100 82 122 143 108 98 87 118 104 127 99 95 88 94 116 101 129 121 103 149 112 
 63: 152 128 98 135 115 91 89 96 119 113 138 145 107 126 117 131 120 106 125 123 146 90 151 85 116 149 137 82 147 87 103 104 112 83 108 84 109 110 129 88 101 118 95 143 100 122 141 130 105 92 97 136 124 111 134 139 121 93 127 99 142 114 140 
 56: 97 102 108 122 143 131 88 145 126 84 127 82 93 133 113 111 135 139 117 116 83 137 110 89 96 90 128 98 150 130 121 125 104 112 105 109 132 85 107 149 103 147 106 115 141 134 86 140 100 124 119 146 123 95 144 120 
 65: 87 136 104 119 108 132 96 124 92 116 111 144 130 118 97 131 99 143 83 115 106 145 112 114 120 139 125 109 138 85 82 93 141 146 98 128 122 134 86 88 142 127 149 150 94 123 90 95 126 105 101 100 103 151 135 117 89 140 113 152 84 137 91 147 129 
 57: 112 134 96 139 91 125 142 92 150 118 149 140 85 86 152 89 143 124 151 145 120 135 90 87 101 93 84 113 98 133 123 115 127 110 82 99 146 147 132 104 97 119 106 116 114 108 102 103 94 137 144 100 122 141 130 129 95 
 56: 82 106 96 103 93 91 124 85 145 139 88 140 116 118 147 144 112 119 120 123 100 142 136 129 87 117 133 141 127 108 149 114 135 130 98 92 89 86 125 115 90 105 122 134 151 131 152 83 97 99 107 84 132 146 95 94 
 64: 124 145 87 95 152 142 92 133 144 125 115 96 149 130 83 143 131 104 135 84 106 88 110 85 141 121 101 93 112 129 113 132 108 98 122 114 86 118 99 100 103 150 82 128 137 120 97 138 147 136 90 139 109 140 116 94 134 91 102 111 119 126 151 123 
 64: 136 92 95 115 129 143 133 106 100 134 82 107 114 116 105 88 130 139 124 84 144 117 93 145 127 101 121 108 112 146 128 137 97 103 152 113 149 98 99 85 126 94 141 123 89 150 125 111 131 120 91 138 118 151 135 90 104 96 109 83 132 87 147 140 
 62: 94 139 140 130 104 138 120 108 100 116 113 98 124 143 129 90 114 112 92 133 105 123 117 151 128 118 85 103 137 95 119 109 83 145 126 82 147 131 97 106 87 136 99 91 122 102 107 101 110 89 150 111 93 121 135 96 144 115 132 134 127 142 
 58: 133 126 117 97 139 83 84 110 123 143 144 137 147 122 108 104 151 114 149 113 145 105 121 111 125 98 138 142 115 140 118 93 106 127 82 131 132 109 141 120 150 130 119 116 134 124 87 103 90 100 91 102 96 92 135 86 107 146 
 63: 89 93 151 147 87 124 137 82 139 98 140 92 112 114 90 107 121 143 85 152 83 91 99 102 111 132 115 123 141 133 105 103 104 125 149 86 101 110 127 100 142 109 88 146 126 131 138 117 97 128 84 94 130 144 120 135 150 96 106 122 113 116 134 
 54: 152 91 101 143 120 127 93 105 150 147 87 121 102 137 146 132 97 135 140 84 89 128 113 104 86 110 103 95 111 122 125 149 134 142 141 144 108 96 123 85 130 109 138 99 92 126 90 82 88 115 112 119 129 100 
 59: 93 116 133 131 140 105 143 110 139 82 137 106 150 117 100 142 136 121 103 118 84 112 115 86 119 122 95 104 152 96 141 107 144 111 89 127 102 126 145 149 130 87 90 125 97 134 92 123 94 101 109 83 114 128 147 135 120 88 129 
 53: 147 139 102 83 97 145 142 100 131 105 103 88 117 104 152 141 129 133 106 111 109 90 116 144 132 124 84 143 146 87 114 119 112 113 149 91 120 92 134 127 138 108 107 136 101 128 125 137 82 123 110 126 130 
 70: 95 146 141 98 111 125 149 105 115 86 94 83 85 108 120 103 119 134 89 127 135 93 138 130 114 116 121 99 100 124 140 126 147 112 133 132 88 91 92 129 106 101 84 117 136 123 82 142 97 143 150 104 96 87 90 152 122 110 109 139 113 137 107 102 118 128 145 151 131 144 
 54: 82 135 142 126 102 140 89 97 129 88 121 117 146 85 84 145 139 130 138 99 114 127 111 144 128 122 115 120 95 103 87 106 98 118 141 147 112 110 124 91 136 152 133 100 107 149 116 119 131 101 113 125 92 134 
 69: 122 111 116 117 105 127 121 95 89 114 106 132 112 149 102 135 124 109 100 147 98 143 94 144 107 125 90 99 93 140 118 82 91 115 101 108 113 130 110 131 151 146 83 96 129 136 97 92 138 150 84 126 119 134 86 123 128 137 87 88 145 141 142 152 120 133 104 85 139 
 62: 125 122 92 87 99 131 97 142 102 139 152 101 121 83 124 136 132 129 106 96 85 103 119 143 93 94 105 111 95 144 135 90 114 89 130 116 98 82 145 84 149 127 140 112 110 104 118 128 123 150 115 137 151 113 88 120 147 126 91 138 107 133 
 58: 129 101 124 114 85 116 143 102 123 94 137 97 84 88 110 147 130 111 151 83 152 145 112 131 87 86 98 120 89 146 138 99 113 126 149 118 115 132 100 134 127 90 117 125 135 106 92 119 142 139 104 122 140 107 95 82 105 128 
 69: 129 112 85 150 105 83 139 95 147 92 117 109 137 121 107 110 143 134 102 123 106 138 111 136 99 146 142 124 116 131 91 133 108 152 86 135 118 113 120 101 127 149 119 130 144 97 122 93 104 94 141 145 88 98 114 82 151 84 90 100 128 115 132 126 89 125 87 103 96 
 54: 138 127 122 94 143 91 134 106 89 123 152 104 96 115 83 126 141 90 93 129 140 135 113 150 149 145 110 99 98 128 92 101 112 147 105 107 142 119 103 108 146 85 120 151 139 137 121 130 144 133 114 97 131 95 
 69: 120 93 117 139 104 118 126 92 146 94 88 109 83 134 138 91 87 149 124 103 112 119 140 84 86 144 107 145 106 111 89 116 130 128 98 115 132 113 100 137 136 102 129 151 135 150 142 143 133 96 127 131 101 123 147 90 114 141 99 85 97 125 152 105 108 122 95 121 110 
 60: 121 89 126 150 127 97 108 128 137 82 104 117 100 101 96 90 111 141 115 124 151 95 112 152 129 120 109 102 132 103 146 135 118 138 122 84 105 133 125 85 116 93 87 91 86 107 149 106 113 92 147 130 98 142 145 144 110 131 139 99 
 50: 173 192 151 149 178 191 171 189 174 199 157 165 160 156 159 162 180 194 150 154 186 153 146 155 176 190 179 181 168 158 188 164 161 170 196 152 145 185 177 148 195 172 193 187 147 183 182 169 175 184 
 44: 181 189 150 158 184 168 188 190 164 199 151 155 153 183 192 146 156 154 162 159 185 167 182 172 194 166 147 193 149 179 191 177 174 186 148 161 157 196 176 160 178 169 145 170 
 42: 162 147 194 186 145 185 181 152 154 189 199 192 156 153 187 148 179 165 167 151 160 182 150 164 146 157 158 155 175 195 193 168 180 170 171 169 161 188 174 176 163 190 
 47: 194 162 187 164 151 163 168 159 166 196 158 149 160 145 186 146 157 167 148 176 183 192 199 195 155 189 174 177 188 165 156 182 184 152 172 154 180 181 161 170 193 169 173 191 175 190 153 
 44: 161 185 178 195 153 167 151 191 152 171 154 179 164 170 186 169 145 165 173 184 168 172 183 176 193 194 187 157 158 146 189 163 182 174 166 155 156 162 148 150 149 199 188 180 
 41: 196 165 163 194 188 172 145 181 146 155 192 154 173 160 171 187 150 164 199 183 167 158 191 147 153 176 170 184 149 159 157 175 168 179 162 185 156 151 195 148 152 
 49: 196 158 190 148 170 181 161 191 168 192 164 176 187 157 160 188 171 186 162 147 150 146 159 193 155 189 184 179 194 165 163 169 182 175 173 185 174 145 154 167 180 151 153 156 195 166 177 172 152 
 50: 179 146 151 172 176 183 188 192 158 162 186 145 194 157 185 165 174 169 154 152 193 155 196 167 150 189 199 182 184 159 166 191 195 160 187 178 161 181 164 171 148 149 180 168 175 147 173 177 163 156 
 48: 185 176 199 166 161 174 188 165 179 154 182 171 181 157 158 159 155 173 177 163 156 191 160 145 172 190 195 194 148 152 147 184 169 187 150 151 153 178 170 193 162 192 180 189 196 167 175 186 
 51: 184 181 182 145 147 178 168 187 152 165 195 193 146 154 177 192 158 189 171 194 190 166 191 186 163 169 160 188 180 174 164 151 153 176 175 170 172 155 199 196 179 173 159 157 149 161 148 183 156 185 167 
 46: 164 145 182 160 161 150 178 199 152 171 147 174 168 188 169 153 185 166 173 183 146 154 148 186 162 180 194 177 172 163 192 189 159 149 151 156 190 196 181 170 193 191 165 167 155 157 
 51: 162 157 199 168 152 164 153 148 190 185 160 149 151 173 183 193 186 188 189 176 169 171 166 195 182 165 196 181 172 163 146 184 145 170 159 179 167 191 161 174 155 180 194 156 154 175 158 192 150 178 147 
 45: 191 160 194 172 185 157 193 189 179 178 147 188 162 173 171 153 177 145 163 146 168 175 150 152 183 148 199 180 170 176 196 169 190 174 164 161 167 181 165 187 156 155 159 195 151 
 41: 147 195 155 191 176 172 157 148 174 181 166 169 183 185 188 165 163 175 146 194 182 164 171 151 180 196 192 178 161 173 170 156 186 145 199 167 152 193 179 149 162 
 46: 146 179 157 184 194 154 177 165 156 185 159 145 181 191 193 199 186 147 167 195 175 182 169 151 189 171 190 150 155 174 164 183 152 148 163 160 192 168 172 153 178 162 176 173 149 188 
 48: 179 146 170 145 199 156 173 188 189 169 180 152 177 176 165 190 159 193 147 168 183 150 196 166 194 158 191 164 185 153 148 155 163 154 192 175 149 174 184 161 195 182 171 167 160 157 181 151 
 45: 166 153 164 190 196 150 185 171 147 146 159 188 174 199 160 163 155 169 149 177 152 189 191 178 186 175 148 193 168 170 154 158 194 151 161 172 176 167 192 179 183 180 145 182 162 
 48: 161 191 189 190 166 192 167 186 178 188 193 174 146 170 185 199 194 157 152 181 154 147 160 163 175 187 168 149 171 177 164 153 180 179 196 155 151 150 195 184 182 162 172 159 169 148 173 183 
 45: 169 148 179 145 164 152 147 178 167 187 188 182 151 199 171 149 186 177 196 159 185 180 150 175 162 176 158 194 193 174 156 191 172 170 165 163 154 166 155 189 168 181 160 153 183 
 45: 193 148 154 192 190 195 153 160 186 196 189 172 155 149 150 169 151 184 159 188 181 158 166 163 180 176 178 157 182 161 183 156 179 147 168 145 199 185 194 146 167 175 177 152 165 
 49: 169 159 164 153 186 166 170 193 150 155 161 192 199 178 156 157 194 175 151 146 184 185 154 158 145 167 162 187 176 168 160 174 148 177 165 149 171 182 172 195 190 147 163 196 173 152 189 180 183 
 45: 189 167 148 173 172 175 168 179 178 158 185 154 187 157 199 160 152 194 150 159 156 186 184 163 164 174 195 151 161 166 162 165 191 155 153 181 183 182 193 145 171 169 170 177 196 
 41: 147 177 158 156 166 152 149 164 188 165 196 163 178 145 176 191 154 167 186 194 182 160 146 151 174 171 157 159 175 170 189 168 180 172 185 184 148 179 162 193 161 
 35: 175 167 180 160 190 174 168 187 186 197 185 188 200 165 176 189 163 177 198 195 184 182 179 181 203 166 202 170 162 196 169 192 193 173 183 
 35: 184 199 168 163 175 195 193 164 191 203 185 166 186 187 176 182 180 165 202 201 178 173 169 196 170 198 171 192 161 174 177 190 197 179 172 
 42: 200 169 165 195 189 163 182 184 166 161 185 192 194 190 181 174 178 175 198 199 172 160 173 183 168 201 164 187 196 202 171 167 186 162 180 170 191 193 177 197 179 188 
 37: 200 178 189 198 173 171 190 184 191 194 177 179 163 169 196 181 164 172 176 161 197 168 170 175 180 186 201 202 182 162 167 195 160 203 183 199 165 
 39: 194 185 165 171 173 203 175 182 201 191 162 192 189 186 195 179 181 190 167 183 198 163 174 178 177 202 196 187 161 188 200 184 169 176 168 197 193 180 164 
 39: 190 199 195 169 165 187 162 164 175 194 176 178 174 192 184 183 202 181 167 189 161 186 201 179 188 166 185 173 198 200 180 168 177 163 197 191 170 171 203 
 42: 168 198 176 186 178 160 188 161 189 180 171 174 170 201 187 199 179 162 175 196 172 193 169 177 184 194 165 164 173 185 163 203 191 192 190 167 195 183 200 202 181 197 
 33: 191 186 163 195 183 193 168 181 203 169 177 180 160 175 173 170 196 164 190 201 167 182 172 187 199 194 165 162 161 197 198 179 189 
 36: 171 185 198 173 186 178 200 179 192 193 164 187 170 190 184 191 167 183 163 169 175 195 166 199 172 174 161 202 182 201 188 162 160 197 189 180 
 43: 191 197 202 192 162 175 185 201 169 172 173 165 163 178 168 189 176 161 190 180 200 199 170 160 195 203 187 174 183 188 182 181 184 186 166 194 179 193 167 164 171 177 196 
 35: 180 196 194 170 163 186 168 171 193 185 167 183 198 188 199 184 178 197 201 187 190 192 174 176 182 177 195 200 164 173 181 189 161 165 175 
 34: 166 195 175 190 170 185 169 162 188 178 179 193 187 200 182 198 192 161 201 199 163 172 171 183 173 160 197 181 189 174 164 180 202 184 
 42: 201 178 182 190 186 196 164 193 202 195 185 160 184 169 189 200 179 183 167 181 188 199 165 172 166 173 174 180 176 198 162 161 194 171 168 197 170 203 192 163 187 191 
 38: 163 200 177 168 189 172 161 196 175 162 184 167 165 164 182 181 171 198 160 183 202 188 199 170 178 173 194 203 176 174 186 179 195 180 193 166 169 185 
 39: 187 186 167 200 161 192 181 199 185 191 166 168 193 182 179 178 202 177 195 164 162 174 194 201 176 180 160 165 198 173 197 172 203 171 190 188 189 184 183 
 35: 161 182 179 198 176 175 169 199 168 201 202 189 165 172 203 167 177 194 187 162 166 170 183 164 196 184 174 192 163 188 173 160 171 180 193 
 36: 176 183 161 203 180 191 179 172 198 174 182 196 175 171 193 194 184 164 166 195 170 189 168 181 185 200 187 162 202 169 163 160 192 178 190 165 
 36: 191 195 163 197 187 183 199 198 192 173 169 171 179 186 164 189 165 193 160 202 182 188 166 200 177 201 175 168 194 170 203 176 180 190 167 185 
 39: 202 160 196 173 169 168 203 194 186 170 200 178 185 187 182 190 201 181 167 176 165 189 162 192 193 166 171 191 195 199 197 184 174 172 188 198 180 163 161 
 41: 161 190 192 198 181 194 203 174 184 188 185 187 178 182 168 202 165 172 175 200 201 166 173 191 176 186 170 162 167 169 197 189 171 164 180 195 160 179 163 183 196 
