# Data generated from a SDPTSP-E instance solved in two phases
# nbTasks=86, nbWorkers=78
# Random number generator seed = 0
Type = 1
Jobs = 86
 370 458
 384 430
 404 431
 456 508
 469 546
 519 588
 527 619
 533 618
 580 666
 582 634
 583 617
 585 679
 588 674
 615 695
 637 736
 659 760
 661 740
 689 765
 705 774
 708 789
 717 744
 717 769
 721 821
 727 784
 745 847
 747 784
 747 843
 751 862
 752 791
 752 800
 769 880
 773 889
 777 808
 806 909
 822 897
 848 929
 874 892
 896 968
 897 948
 898 943
 913 1012
 961 1074
 989 1107
 996 1093
 1034 1118
 1045 1107
 1058 1147
 1070 1150
 1082 1120
 1085 1146
 1092 1199
 1153 1201
 1157 1270
 1163 1204
 1169 1200
 1170 1201
 1178 1217
 1183 1220
 1184 1275
 1186 1238
 1202 1318
 1206 1316
 1212 1277
 1214 1312
 1226 1269
 1240 1326
 1244 1306
 1251 1319
 1259 1316
 1270 1316
 1300 1333
 1314 1385
 1326 1391
 1359 1432
 1543 1560
 1546 1629
 1551 1603
 1551 1649
 1597 1714
 1604 1687
 1623 1718
 1666 1780
 1747 1771
 1759 1878
 1808 1827
 1832 1895
Qualifications = 78
 27: 23 6 22 19 2 10 15 11 5 7 14 21 8 25 29 3 0 28 17 20 4 18 13 1 12 9 32 
 23: 22 25 29 10 6 23 2 12 19 16 1 3 0 11 9 28 20 15 21 8 13 17 14 
 26: 14 16 11 22 12 21 23 7 6 29 18 15 17 2 20 19 25 32 4 5 1 9 13 10 0 3 
 25: 21 8 16 22 1 0 29 3 17 28 25 5 20 15 4 12 18 6 9 13 10 23 14 7 11 
 23: 23 20 21 4 13 11 32 2 6 12 0 22 18 16 8 25 17 7 10 3 5 9 29 
 22: 28 9 15 19 21 16 14 22 2 7 6 18 12 3 23 0 1 5 25 20 17 10 
 27: 32 10 11 14 15 5 29 18 17 22 4 23 13 16 3 8 25 9 19 0 12 21 1 6 7 28 20 
 22: 19 16 12 14 28 9 10 18 32 22 5 4 29 1 0 15 2 17 13 23 20 25 
 25: 25 32 21 1 9 2 0 4 5 7 15 28 20 17 6 19 11 13 14 12 10 23 16 29 3 
 24: 2 4 29 7 17 19 10 9 22 12 0 18 28 23 1 25 20 3 15 5 21 6 16 13 
 23: 14 19 22 16 0 11 6 13 4 10 12 7 2 9 18 28 15 3 25 20 8 17 29 
 24: 18 8 0 3 22 10 20 25 23 32 7 21 15 12 13 17 1 19 4 11 6 2 16 5 
 21: 20 6 12 15 1 17 9 7 16 29 25 32 5 21 4 28 18 10 0 3 13 
 27: 3 5 1 6 14 8 23 15 19 11 13 20 28 29 9 7 21 16 22 2 12 32 0 10 25 18 17 
 23: 13 18 32 2 1 3 8 12 16 22 14 21 7 0 20 29 6 28 19 4 23 25 10 
 22: 28 20 13 16 29 18 25 23 11 15 14 7 22 3 4 12 1 32 19 6 8 10 
 28: 18 7 13 1 16 15 14 29 6 22 3 23 4 5 2 0 12 25 19 8 17 11 20 9 32 21 28 10 
 31: 38 29 23 16 24 5 25 19 12 32 10 18 30 21 14 13 7 8 27 28 35 33 26 15 39 22 20 11 6 17 34 
 27: 9 22 10 27 29 26 30 17 35 16 32 6 39 24 31 20 5 14 18 21 7 11 33 13 12 38 19 
 33: 20 39 35 7 38 16 31 33 5 11 6 17 29 21 10 15 24 30 36 32 27 28 9 19 34 23 8 25 18 14 13 22 26 
 31: 34 26 23 29 22 6 30 10 21 16 24 25 11 36 31 33 12 15 19 7 27 18 5 9 39 8 13 28 14 20 17 
 27: 21 33 11 38 34 35 31 23 20 12 7 39 15 6 32 17 18 24 10 9 14 30 19 13 27 25 8 
 33: 25 26 38 23 33 16 21 29 12 6 32 20 11 17 14 39 28 19 7 35 9 27 31 30 24 10 34 15 8 5 18 13 22 
 34: 17 33 26 22 9 34 38 25 30 14 6 27 29 18 12 8 20 7 39 11 28 23 5 31 15 16 10 35 19 32 36 24 13 21 
 28: 21 33 24 22 16 6 13 8 26 5 11 17 39 35 19 28 38 27 7 29 36 12 31 23 14 32 9 34 
 26: 30 38 6 24 11 33 39 13 8 22 36 12 21 26 35 31 9 32 16 25 20 18 27 7 14 19 
 27: 34 31 11 7 16 26 23 9 27 13 20 5 12 38 35 25 14 33 36 22 24 15 10 32 30 8 19 
 30: 8 23 28 39 34 36 12 9 19 29 7 21 33 38 24 5 14 17 30 26 16 35 11 32 22 25 18 27 31 10 
 28: 22 7 27 19 26 12 13 28 23 34 18 29 10 32 38 8 15 33 16 24 39 5 36 20 35 9 6 30 
 30: 22 5 25 19 33 29 13 18 21 35 31 17 14 9 6 16 28 24 39 36 11 10 23 8 32 15 30 12 34 7 
 28: 16 21 18 23 35 36 14 9 24 5 33 30 6 34 19 29 22 32 26 17 31 28 10 7 8 39 20 38 
 33: 29 13 14 35 12 21 28 10 27 6 24 8 22 34 38 16 7 25 18 39 19 32 11 17 33 26 36 20 31 9 30 15 23 
 27: 9 17 36 34 19 29 7 35 30 8 23 5 18 32 16 38 28 6 24 11 33 31 25 26 20 12 10 
 26: 21 32 26 34 16 12 36 27 11 23 39 17 33 20 5 7 19 6 8 13 29 38 35 31 22 15 
 31: 59 49 58 45 39 60 44 66 43 67 41 50 47 51 68 48 53 40 38 64 36 62 42 56 37 46 69 52 55 35 54 
 27: 35 62 61 52 41 38 54 56 66 68 46 39 51 36 50 42 63 45 60 57 64 53 43 44 58 37 55 
 28: 36 54 52 49 53 45 38 62 56 44 42 57 35 61 68 64 67 60 55 69 41 66 47 58 59 48 40 50 
 31: 64 45 69 59 50 62 53 43 48 57 58 52 46 55 37 42 66 38 49 51 61 44 39 35 40 56 41 60 63 54 68 
 31: 63 40 62 50 64 45 38 49 69 60 43 57 47 66 42 51 67 56 55 36 48 46 59 44 68 37 39 61 35 54 52 
 26: 57 36 48 63 37 56 58 40 47 44 41 68 59 46 67 62 50 61 64 39 69 42 38 43 35 53 
 33: 55 35 49 52 62 45 66 46 61 51 56 69 41 38 53 50 36 67 68 47 40 63 57 58 39 60 42 44 37 54 43 48 59 
 26: 38 68 67 69 62 44 35 66 56 60 45 64 50 59 46 54 53 40 48 43 52 57 36 51 63 37 
 31: 46 36 67 64 53 44 38 59 57 39 60 69 49 55 47 58 66 50 35 63 51 40 68 54 61 37 62 48 45 52 56 
 34: 63 41 62 66 45 55 59 46 44 36 37 39 68 40 64 35 56 67 38 61 57 51 54 47 42 53 43 48 58 50 49 60 69 52 
 27: 45 41 55 36 68 37 52 62 50 63 48 40 44 69 47 53 57 58 42 39 43 56 35 64 46 49 38 
 26: 43 44 58 53 67 60 35 42 62 49 37 51 38 56 36 50 54 41 48 45 66 39 57 40 47 46 
 28: 57 37 67 52 53 36 68 40 44 69 55 50 60 46 59 41 58 54 35 51 49 38 45 43 62 63 66 48 
 30: 45 37 39 55 50 38 62 53 61 49 60 57 36 40 46 35 58 56 48 47 63 66 43 44 54 64 67 69 42 59 
 33: 52 62 57 48 35 69 68 50 39 38 36 42 67 44 40 53 58 41 43 47 46 59 54 63 51 45 60 49 64 61 37 66 55 
 30: 41 47 69 72 44 52 49 42 59 55 48 46 51 45 43 61 65 50 63 62 66 70 57 56 67 71 54 73 64 68 
 27: 65 70 47 69 66 41 43 56 71 44 72 55 45 68 48 60 58 61 50 49 42 52 59 63 46 54 62 
 30: 56 48 70 68 51 63 41 72 53 43 58 42 67 60 59 54 62 66 52 73 45 61 69 57 46 49 64 71 50 65 
 28: 50 56 49 42 65 58 57 44 55 62 43 47 70 53 73 66 48 63 59 71 45 72 60 67 52 51 61 46 
 30: 62 48 65 54 69 43 71 66 50 49 68 53 63 57 42 64 72 45 44 51 61 55 52 67 59 60 58 56 41 73 
 26: 53 56 55 64 52 67 44 65 62 61 66 57 58 60 49 41 54 42 51 43 72 73 71 47 59 68 
 29: 43 59 57 50 66 61 60 48 45 62 56 73 64 41 44 69 49 71 55 42 67 72 46 70 53 51 65 52 58 
 30: 48 65 42 51 57 64 43 56 47 70 69 52 58 41 54 55 45 68 63 53 66 50 46 62 71 59 67 44 72 73 
 27: 45 67 63 56 70 48 49 54 50 64 44 72 58 55 65 62 57 60 71 47 73 42 41 66 68 46 53 
 25: 58 54 42 41 46 67 48 53 68 61 56 71 69 60 47 65 50 43 62 70 66 49 51 64 63 
 31: 66 42 46 62 65 57 41 59 58 55 71 44 60 54 73 68 47 70 48 49 43 50 72 67 51 64 52 61 69 56 63 
 28: 47 53 52 42 57 67 41 61 46 65 56 48 45 69 62 50 43 51 58 73 59 64 71 44 66 55 49 63 
 28: 46 43 69 64 52 57 61 54 42 70 59 44 50 45 60 73 58 71 53 62 63 65 48 67 47 56 55 66 
 29: 48 47 70 41 55 42 54 72 60 52 66 46 51 53 59 67 69 45 73 56 64 63 58 65 62 61 71 44 50 
 31: 68 48 65 70 66 49 72 51 54 73 60 43 64 59 62 61 42 50 45 52 69 53 67 41 56 58 71 47 46 63 55 
 9: 75 81 79 74 77 76 73 80 82 
 11: 76 72 73 79 80 75 77 78 74 82 81 
 10: 80 75 82 74 76 81 78 72 79 77 
 10: 80 75 77 73 76 72 81 82 79 78 
 9: 75 80 76 81 72 82 78 74 79 
 11: 78 82 80 81 79 75 76 73 74 77 72 
 10: 82 76 78 77 75 81 80 74 72 79 
 12: 75 82 74 78 83 84 81 79 85 77 80 76 
 12: 74 81 80 77 85 78 82 84 75 83 76 79 
 10: 85 74 77 75 81 82 80 79 84 76 
 9: 83 80 79 85 82 76 75 77 81 
 9: 82 85 79 76 78 83 74 80 84 
 10: 77 78 82 80 83 81 76 75 85 84 
 11: 81 75 80 76 79 84 77 78 74 83 82 
