# Data generated from a SDPTSP-E instance solved in two phases
# nbTasks=273, nbWorkers=186
# Random number generator seed = 0
Type = 1
Jobs = 273
 361 396
 383 480
 391 449
 393 433
 393 497
 402 462
 405 448
 406 517
 409 451
 415 496
 417 531
 420 462
 426 537
 443 528
 452 491
 462 574
 467 547
 469 514
 469 582
 471 527
 473 526
 474 588
 480 578
 483 514
 493 577
 509 621
 511 566
 515 628
 534 642
 535 650
 544 579
 545 660
 547 644
 548 597
 548 663
 565 628
 580 684
 583 696
 597 696
 604 657
 605 677
 607 649
 611 725
 617 712
 621 661
 631 664
 632 728
 633 678
 648 684
 654 728
 670 740
 671 721
 680 785
 692 742
 694 802
 695 740
 697 777
 698 817
 702 790
 706 820
 713 828
 717 823
 732 803
 745 819
 751 809
 760 818
 763 827
 773 816
 784 823
 792 833
 798 853
 820 907
 825 892
 827 884
 841 857
 843 881
 854 882
 857 960
 859 926
 859 926
 860 925
 863 979
 864 905
 864 957
 865 958
 871 947
 904 985
 920 952
 924 1040
 928 1035
 934 1042
 955 1048
 956 1062
 960 1077
 963 1022
 966 995
 970 1081
 973 1037
 975 1094
 991 1069
 996 1065
 997 1022
 1007 1048
 1020 1052
 1027 1123
 1029 1080
 1030 1093
 1038 1119
 1047 1158
 1049 1152
 1050 1126
 1052 1086
 1054 1167
 1063 1173
 1073 1127
 1073 1137
 1080 1106
 1082 1191
 1085 1130
 1105 1179
 1114 1225
 1115 1189
 1120 1239
 1124 1241
 1125 1231
 1129 1218
 1148 1265
 1159 1214
 1165 1205
 1170 1238
 1174 1210
 1176 1235
 1181 1284
 1182 1285
 1184 1288
 1185 1213
 1197 1252
 1197 1270
 1199 1226
 1214 1267
 1223 1311
 1230 1266
 1233 1298
 1235 1339
 1240 1319
 1249 1293
 1250 1296
 1263 1341
 1266 1330
 1271 1358
 1284 1362
 1296 1360
 1311 1368
 1311 1420
 1312 1380
 1330 1401
 1335 1398
 1335 1448
 1340 1459
 1345 1453
 1353 1453
 1359 1394
 1360 1473
 1363 1468
 1373 1444
 1379 1396
 1381 1428
 1389 1407
 1390 1437
 1393 1458
 1399 1493
 1407 1477
 1422 1515
 1424 1513
 1424 1525
 1432 1546
 1437 1486
 1439 1531
 1452 1563
 1457 1573
 1461 1579
 1464 1483
 1477 1508
 1490 1565
 1490 1570
 1499 1607
 1501 1615
 1504 1606
 1505 1553
 1514 1603
 1516 1591
 1519 1538
 1521 1616
 1526 1589
 1530 1626
 1532 1577
 1535 1615
 1553 1656
 1557 1630
 1561 1588
 1563 1679
 1564 1625
 1564 1641
 1564 1678
 1575 1690
 1577 1625
 1578 1691
 1590 1623
 1600 1693
 1601 1630
 1608 1721
 1612 1728
 1621 1724
 1626 1742
 1629 1720
 1633 1740
 1637 1750
 1645 1679
 1646 1728
 1647 1758
 1651 1685
 1653 1705
 1654 1746
 1659 1769
 1665 1730
 1667 1718
 1669 1721
 1671 1745
 1674 1736
 1674 1737
 1676 1740
 1680 1774
 1680 1795
 1681 1797
 1683 1736
 1684 1797
 1685 1798
 1687 1757
 1697 1766
 1701 1809
 1701 1818
 1703 1757
 1703 1770
 1705 1806
 1709 1745
 1714 1762
 1714 1789
 1715 1818
 1718 1789
 1722 1790
 1729 1765
 1732 1760
 1743 1786
 1744 1785
 1747 1866
 1754 1813
 1755 1866
 1766 1838
 1767 1791
 1769 1855
 1771 1801
 1783 1880
 1799 1859
 1800 1869
 1802 1916
 1804 1902
 1804 1915
 1814 1894
 1826 1914
 1829 1912
 1837 1918
 1839 1885
 1860 1914
Qualifications = 186
 60: 11 68 34 35 57 60 20 15 67 52 19 44 36 47 8 12 53 14 42 5 3 49 46 58 28 22 41 48 33 43 59 37 26 50 56 32 25 30 4 13 54 45 16 61 64 17 1 24 55 9 40 0 21 69 18 7 29 65 10 31 
 53: 21 34 35 3 57 47 33 42 14 7 22 2 15 8 17 46 65 4 6 67 38 58 59 39 52 19 12 55 24 40 9 49 69 37 36 26 60 54 28 20 45 61 43 16 44 10 48 11 0 25 53 13 56 
 54: 26 37 27 46 31 4 50 45 29 2 65 55 25 21 47 10 48 13 64 41 9 43 22 32 66 68 11 17 51 40 49 33 63 34 56 58 28 18 0 7 67 5 38 23 14 52 35 53 20 19 57 1 6 15 
 59: 7 43 3 46 51 40 35 8 57 11 27 52 22 5 9 56 13 20 64 21 45 33 38 69 54 15 49 66 0 50 68 59 26 28 39 25 61 55 65 67 14 47 19 36 1 18 16 62 31 60 42 63 37 44 6 24 10 2 29 
 62: 37 62 48 34 19 64 58 29 66 24 22 52 63 51 27 10 43 11 65 9 56 46 36 61 21 59 28 32 1 47 49 31 4 68 18 16 69 25 42 45 53 50 13 3 33 26 44 39 20 57 67 15 6 23 0 35 60 54 5 12 7 8 
 53: 34 40 69 3 24 7 44 18 36 55 35 5 9 14 42 4 27 30 13 43 66 57 53 59 1 39 60 33 29 61 32 6 2 21 51 64 16 45 22 31 23 11 26 38 65 63 49 52 28 67 25 19 0 
 63: 1 40 9 25 20 32 31 49 7 41 8 47 57 37 50 42 22 29 16 67 45 63 19 53 12 60 43 27 68 51 52 61 39 65 48 17 34 6 26 44 55 5 66 11 18 15 64 56 4 10 58 0 35 54 3 69 38 30 2 24 33 28 46 
 53: 58 68 32 15 47 10 18 38 56 66 13 35 40 26 0 11 49 62 28 46 69 6 55 5 41 65 14 51 27 25 39 21 30 52 20 61 1 24 9 57 4 54 3 17 48 67 42 23 50 53 8 33 45 
 54: 62 16 24 69 20 57 10 64 39 29 42 58 68 12 56 8 21 13 51 7 40 37 6 31 25 33 38 41 19 28 47 45 22 50 55 60 18 9 17 48 43 35 30 53 63 44 52 23 66 32 27 59 1 54 
 69: 50 44 11 65 58 16 68 19 37 13 32 60 51 6 41 3 62 61 57 52 48 26 1 29 64 30 35 47 55 38 23 22 21 18 20 43 49 7 66 33 12 25 45 15 34 42 9 53 54 28 31 8 2 27 46 10 14 56 39 36 17 24 59 40 4 69 67 63 5 
 65: 36 22 61 25 63 64 60 4 52 1 51 49 34 48 0 66 33 26 12 56 46 27 35 39 62 32 3 41 2 30 67 16 38 45 17 69 15 9 68 54 43 37 59 18 40 55 57 50 58 42 5 19 65 10 6 29 53 11 24 21 23 14 31 20 8 
 63: 69 54 41 26 21 38 56 14 28 12 47 18 11 35 55 43 60 0 67 33 16 53 9 57 2 61 45 62 48 6 44 5 13 63 65 20 3 25 50 29 32 27 37 7 52 66 64 49 34 17 8 46 59 36 31 22 15 10 51 39 40 24 68 
 64: 5 64 57 2 66 14 8 69 62 68 37 52 33 11 32 39 40 56 48 6 7 36 18 21 15 31 61 58 59 67 12 50 47 10 13 42 9 19 3 26 55 49 24 41 60 16 23 0 1 35 30 28 45 53 17 34 65 25 44 38 27 46 54 63 
 53: 43 25 11 40 28 36 69 6 2 68 56 61 59 50 46 23 29 1 49 14 13 52 58 7 21 37 35 16 12 34 33 51 38 65 5 63 54 26 9 45 19 0 27 8 44 48 3 17 62 55 18 24 66 
 65: 26 5 65 2 28 60 29 3 41 48 47 8 25 42 17 45 27 13 61 66 68 24 33 6 30 69 23 35 54 10 57 1 36 19 7 32 11 4 20 46 14 50 56 64 44 38 51 37 43 22 34 58 21 31 53 39 59 67 40 16 0 18 52 12 49 
 59: 49 64 38 69 9 7 46 15 25 60 2 66 26 63 54 56 3 35 44 12 62 13 36 52 59 65 40 10 33 51 53 20 30 67 17 11 29 47 43 18 31 45 6 5 27 39 23 48 21 16 1 50 42 14 37 58 57 41 28 
 58: 17 64 4 50 48 51 15 54 8 56 47 29 42 32 13 33 16 24 31 60 1 6 28 67 61 44 69 23 20 59 43 41 0 25 39 37 68 58 18 5 36 3 55 10 21 19 40 30 52 9 2 62 22 14 11 46 26 49 
 54: 68 46 51 31 44 12 53 22 42 63 14 41 8 39 52 3 26 0 21 27 55 1 64 34 24 43 59 11 19 69 45 36 35 60 13 61 17 37 9 30 5 2 20 16 38 29 58 49 4 50 40 47 28 23 
 58: 48 42 57 59 25 3 14 68 34 41 18 12 53 54 64 27 22 1 28 40 4 30 21 44 67 65 60 50 62 11 63 16 55 19 10 2 43 7 36 51 23 5 8 35 0 24 31 15 20 56 47 45 33 69 26 13 17 49 
 62: 27 6 35 29 18 52 11 43 65 16 54 40 37 38 12 17 9 10 36 48 42 62 50 30 15 60 4 28 44 53 0 56 20 33 34 41 39 26 1 66 63 47 32 2 45 14 55 57 51 5 22 13 21 49 31 59 8 19 69 61 25 58 
 57: 18 58 34 65 64 6 62 17 27 44 1 30 2 11 20 42 9 45 24 25 5 61 53 15 23 69 32 49 19 38 31 51 66 4 48 8 28 40 41 33 26 57 55 46 68 67 21 36 12 56 3 47 39 7 52 60 16 
 63: 54 61 37 17 39 68 13 53 69 58 27 40 34 4 57 52 29 31 46 67 41 6 33 3 18 28 15 55 22 63 5 24 9 16 25 2 60 44 50 8 0 48 26 36 49 66 12 62 43 23 65 59 10 30 51 56 7 38 20 14 42 64 1 
 53: 11 17 69 49 27 10 32 50 68 67 20 35 26 40 5 25 30 21 61 63 28 31 38 2 22 6 66 19 58 23 3 52 14 39 18 64 59 51 37 24 8 62 13 12 55 4 1 60 36 7 15 42 46 
 61: 43 76 54 25 51 69 56 84 87 46 73 26 72 30 64 85 39 63 62 23 35 40 57 45 48 61 58 67 77 27 80 24 52 22 42 34 66 70 36 65 79 78 60 71 44 37 55 49 59 82 53 38 29 50 74 41 47 31 68 83 32 
 56: 57 83 82 38 33 25 48 32 46 34 68 23 45 39 65 24 70 62 80 31 87 26 49 75 54 55 85 77 84 27 22 58 79 72 53 29 73 60 61 50 74 69 41 37 56 52 78 30 35 71 36 47 67 42 59 51 
 63: 69 63 74 53 58 30 39 78 65 70 31 46 76 26 55 33 84 35 57 29 32 48 25 75 22 28 45 37 47 87 80 59 50 79 73 67 49 24 40 60 68 41 38 34 83 82 52 72 54 62 56 23 77 64 42 61 27 66 44 71 51 36 85 
 54: 36 26 47 45 24 65 80 77 64 38 53 46 75 72 29 32 50 60 66 35 82 83 73 76 67 31 79 39 23 70 44 56 78 87 51 61 34 33 25 68 27 30 69 85 74 63 42 62 41 58 22 57 71 48 
 54: 62 58 71 32 23 67 73 64 49 51 59 22 31 53 85 45 36 68 65 27 25 57 56 34 35 50 61 26 37 83 87 72 84 69 30 70 63 55 42 48 40 82 54 66 75 79 38 33 39 46 80 29 60 28 
 57: 87 76 47 79 70 41 59 23 55 25 46 32 74 65 66 22 26 84 56 77 57 72 28 69 43 75 71 39 30 44 67 24 36 68 48 34 73 52 42 83 35 82 49 50 60 45 31 37 80 33 63 62 51 61 40 53 58 
 54: 42 74 82 61 63 75 55 32 66 52 45 57 36 80 69 53 47 39 79 33 34 31 48 28 73 64 76 68 67 78 60 27 54 50 65 23 77 30 38 44 56 70 25 83 87 41 51 72 35 46 58 84 49 22 
 63: 22 55 71 30 32 23 69 50 57 83 33 74 82 54 35 79 84 61 47 27 80 45 87 37 65 43 85 29 48 34 46 41 31 25 52 53 68 49 78 39 38 42 64 76 26 72 60 36 70 67 28 63 77 62 44 56 58 73 51 59 24 75 66 
 52: 57 33 66 48 41 22 47 50 61 70 85 40 77 75 27 65 38 37 42 23 26 39 63 46 71 30 32 29 44 31 80 72 78 74 56 64 53 59 54 34 62 45 69 24 84 51 35 83 68 67 36 87 
 59: 41 60 87 25 57 32 66 85 75 42 31 58 78 30 70 22 45 63 50 64 65 80 24 44 71 26 82 43 48 84 49 36 51 29 40 79 46 47 27 76 34 59 28 54 33 72 67 55 39 35 77 68 23 69 52 74 61 37 62 
 62: 68 76 29 50 61 87 82 85 45 40 84 48 79 24 77 44 60 56 35 46 57 37 53 32 51 80 31 69 28 27 59 47 26 75 34 41 36 58 66 67 23 33 83 25 52 73 78 74 64 43 72 54 55 39 49 71 22 42 30 63 70 62 
 49: 52 38 41 79 58 49 24 72 63 33 62 80 69 74 57 66 34 36 50 73 54 83 51 48 25 29 78 35 64 61 65 75 87 26 44 84 59 22 55 77 67 68 30 85 40 82 32 70 76 
 49: 63 31 60 46 35 45 78 62 25 85 36 70 83 66 73 40 82 22 67 58 59 38 44 80 30 87 27 72 49 37 24 74 29 57 84 76 77 56 34 42 79 65 39 32 47 55 50 41 51 
 50: 51 41 32 74 80 67 58 65 87 22 64 84 42 78 76 52 66 25 53 46 24 38 85 26 47 60 82 55 59 34 43 40 30 50 79 49 44 37 71 23 57 69 48 31 56 39 28 27 77 29 
 50: 46 27 50 82 49 51 64 33 41 45 36 84 56 58 25 26 23 70 69 73 39 40 37 30 65 47 80 76 38 43 34 54 22 74 87 67 75 83 55 79 63 31 28 61 60 66 35 42 62 29 
 55: 58 34 43 62 28 65 78 70 63 83 66 27 57 46 52 39 47 37 30 60 77 44 61 75 69 33 72 40 67 64 54 49 50 45 25 51 71 85 36 26 76 32 73 87 80 38 22 31 55 79 42 23 68 29 84 
 59: 42 56 50 70 26 83 71 54 55 87 68 28 38 66 61 82 85 32 64 62 34 58 29 33 79 37 65 31 80 53 69 27 52 25 59 60 72 30 46 45 39 51 41 48 44 47 76 67 57 40 73 78 36 35 84 74 77 49 23 
 51: 45 87 40 73 33 84 61 83 27 63 22 62 64 66 36 60 68 31 34 53 57 77 32 75 58 56 26 70 52 71 42 46 78 50 47 35 48 41 25 79 30 23 29 38 39 44 49 74 43 76 65 
 51: 36 32 43 51 40 25 52 85 31 47 37 56 54 41 73 72 27 77 35 80 24 46 75 83 63 38 45 70 58 50 62 76 39 33 48 87 67 57 22 64 55 82 65 42 34 69 23 71 66 84 44 
 57: 63 77 71 57 36 52 30 85 58 28 50 51 83 34 62 56 23 59 29 60 55 45 41 24 75 22 25 38 79 54 80 78 40 26 68 61 76 84 47 73 82 74 42 43 27 33 70 31 72 37 46 39 64 35 49 67 32 
 57: 42 77 76 62 84 28 37 60 44 85 23 31 46 69 41 36 29 57 73 87 24 79 55 27 34 32 72 25 51 26 80 22 56 75 35 74 64 71 67 47 78 58 39 30 38 82 54 65 70 59 66 48 45 63 40 53 50 
 58: 78 84 48 73 83 41 53 59 31 63 24 25 47 30 79 66 23 35 80 29 56 40 62 46 26 87 64 52 82 70 36 34 22 37 33 68 55 77 67 74 75 39 76 28 42 32 49 60 58 51 50 44 57 38 69 61 27 72 
 59: 59 52 70 53 30 29 33 44 42 67 37 25 26 61 65 22 74 85 82 55 80 87 31 27 71 56 75 54 39 57 49 79 38 28 46 36 73 62 68 32 78 24 63 69 64 77 34 41 48 58 23 35 45 60 50 43 76 84 66 
 62: 125 136 141 119 111 132 137 98 114 131 91 126 95 80 133 87 112 128 76 75 115 110 129 92 109 96 93 120 82 116 81 127 100 145 105 121 106 135 99 102 138 94 90 84 85 86 130 107 134 124 88 140 77 74 139 101 144 79 122 89 118 142 
 57: 118 131 103 119 129 85 96 86 126 122 90 116 99 74 121 95 87 124 136 106 114 133 102 127 128 115 140 138 112 146 81 94 82 75 108 137 93 92 120 141 78 144 83 101 76 79 123 105 111 125 107 134 142 113 88 109 135 
 65: 138 124 144 132 101 94 83 97 146 116 112 120 85 84 128 127 107 93 90 110 87 134 135 81 96 129 105 145 136 77 75 130 131 133 103 114 123 115 79 109 88 141 137 113 82 76 140 111 108 95 117 106 86 102 118 100 126 78 74 99 98 104 80 91 122 
 68: 119 130 102 97 138 132 106 91 90 135 116 105 81 134 123 74 136 82 112 133 144 93 127 99 122 94 80 107 101 145 125 140 142 120 83 121 118 111 79 129 100 75 96 104 109 124 86 114 146 110 137 115 98 89 92 76 84 139 85 95 78 103 77 88 113 131 141 117 
 60: 79 141 85 109 95 104 101 86 105 126 83 92 81 93 90 133 88 110 117 74 142 119 131 84 75 102 134 91 125 127 114 121 137 106 82 78 124 97 113 111 139 76 123 98 108 99 89 112 115 144 138 145 140 100 120 103 77 87 129 96 
 54: 98 100 88 93 112 79 120 87 107 110 92 90 129 85 104 119 89 74 76 142 130 132 96 113 140 103 137 127 122 138 134 106 146 115 125 128 121 141 75 99 80 116 124 84 131 145 133 144 109 81 94 78 86 105 
 56: 115 91 116 94 111 138 124 139 132 131 103 97 101 119 127 112 81 99 80 82 100 98 121 86 134 145 76 84 133 87 141 142 114 108 77 90 125 96 137 135 83 140 118 105 78 74 144 126 117 85 130 113 79 93 136 75 
 63: 86 128 77 106 133 142 102 136 113 100 74 140 110 127 114 124 139 103 85 121 116 146 135 78 112 88 117 111 99 84 80 134 141 89 125 83 145 126 132 87 115 101 91 95 118 97 90 130 137 81 98 120 138 122 144 79 92 108 105 119 96 123 94 
 69: 106 112 124 144 82 119 77 101 146 137 136 142 99 83 123 103 111 86 127 107 114 134 80 122 89 140 110 108 113 88 97 76 91 131 79 98 126 138 92 94 105 141 100 87 145 95 75 121 130 128 93 139 78 120 84 129 125 109 133 132 104 118 102 115 90 85 96 81 74 
 72: 80 92 82 79 99 115 122 127 102 134 128 105 133 74 86 107 91 120 137 126 76 145 101 97 138 140 75 121 132 109 112 135 110 106 84 94 77 89 144 131 98 96 83 104 113 125 123 118 116 124 108 114 119 130 117 81 139 95 88 85 136 90 129 141 100 103 142 78 111 87 146 93 
 64: 114 75 145 98 126 104 127 106 121 108 86 123 103 134 117 136 84 97 130 82 94 132 80 131 120 122 99 139 74 110 129 142 100 113 138 85 115 140 83 88 135 101 111 78 95 96 109 76 90 119 102 92 146 105 89 133 116 144 91 87 81 125 112 141 
 72: 144 113 77 142 110 82 130 97 132 74 83 87 128 134 112 79 139 75 117 140 84 127 114 96 146 131 129 103 107 138 141 119 81 94 115 76 91 85 102 118 99 122 120 90 116 136 135 92 125 88 108 89 145 124 137 93 126 95 104 109 121 100 111 78 106 98 133 105 86 80 123 101 
 62: 94 100 93 82 114 88 124 144 105 107 78 98 96 85 133 129 92 121 106 76 128 113 89 135 112 97 111 134 74 109 79 101 103 104 95 142 137 126 122 110 99 140 136 120 86 102 131 90 125 138 139 123 80 91 146 77 117 130 145 132 127 81 
 68: 77 120 80 97 83 110 138 140 141 142 144 145 108 91 114 98 132 123 131 105 124 128 79 139 76 95 94 112 102 90 127 117 96 82 81 134 109 89 133 99 146 84 104 103 113 87 100 137 135 107 111 74 88 86 115 101 85 121 116 136 92 122 119 126 125 75 129 93 
 69: 105 135 115 121 78 110 120 116 107 136 140 98 139 138 86 122 125 91 103 119 109 97 134 124 130 112 85 96 137 145 82 146 87 81 80 84 95 75 141 102 131 126 114 77 101 129 100 144 118 92 133 106 76 89 93 132 142 79 111 104 99 88 83 74 108 127 94 113 123 
 66: 89 83 95 93 142 140 137 144 115 103 139 136 138 146 91 134 131 97 124 120 86 75 100 128 76 99 118 108 78 119 114 122 132 81 112 129 141 85 80 77 133 123 84 74 135 79 145 121 94 109 116 88 102 107 104 110 126 98 105 87 82 113 92 111 101 117 
 64: 104 128 120 119 139 94 141 136 121 134 102 89 133 131 96 132 99 130 135 110 76 116 118 114 103 107 140 124 80 123 115 105 77 88 93 108 78 112 90 100 138 83 75 111 109 97 129 113 74 127 126 146 85 86 87 142 91 117 84 125 95 82 81 106 
 65: 84 127 95 91 74 115 117 138 119 129 123 126 109 146 96 107 142 113 101 83 121 139 81 93 78 82 132 94 90 133 110 141 111 118 144 134 124 106 108 136 128 80 137 145 85 102 105 87 112 77 104 88 122 98 120 79 131 140 125 97 75 135 99 92 103 
 62: 94 139 76 126 93 145 98 120 100 146 105 77 127 89 113 103 111 75 118 140 84 141 129 134 107 86 112 101 78 144 99 82 137 104 85 91 122 79 125 83 133 108 92 131 136 96 95 132 119 121 102 109 116 74 115 128 110 87 142 114 124 138 
 62: 89 85 102 98 87 121 78 130 95 117 129 82 75 141 76 90 91 106 107 83 86 74 79 93 120 134 127 119 96 111 116 142 122 126 123 132 105 108 100 125 131 138 112 114 97 113 124 99 80 137 88 101 110 115 109 103 118 145 144 135 140 146 
 67: 98 77 122 78 102 130 128 86 84 99 139 105 137 127 121 140 134 117 101 118 106 136 103 123 76 107 113 90 115 111 79 125 144 75 97 135 100 108 112 81 87 82 141 133 124 146 92 142 114 119 120 126 131 89 110 93 145 83 85 116 109 80 95 138 132 129 91 
 61: 106 110 78 129 133 94 74 127 77 128 115 108 135 92 99 121 89 85 139 120 145 93 107 82 138 91 98 117 109 144 95 90 130 100 118 112 125 113 119 122 103 102 101 141 105 76 124 111 84 140 75 132 83 81 80 146 96 134 142 123 116 
 55: 100 113 126 82 107 89 95 123 121 78 133 104 144 76 110 108 116 139 105 141 131 124 102 77 114 129 115 127 97 128 132 111 91 84 118 75 146 85 134 86 96 135 101 87 93 136 106 120 117 138 145 88 109 94 92 
 59: 146 140 117 97 100 77 130 90 86 141 93 142 116 80 120 106 121 94 74 92 114 111 84 128 123 101 134 131 99 88 126 115 96 109 136 145 91 75 137 105 82 108 98 122 95 76 87 113 132 138 78 127 85 125 102 144 103 110 139 
 56: 134 116 146 144 150 102 151 129 121 124 165 93 120 133 105 109 110 126 155 104 128 147 139 118 167 132 103 143 106 156 149 137 148 100 135 125 101 140 154 168 136 138 142 94 131 145 161 95 112 166 96 127 99 108 97 123 
 57: 111 161 119 122 110 126 100 109 103 143 152 112 124 147 141 118 101 97 121 133 150 131 127 107 95 138 102 145 148 96 167 105 130 140 153 117 132 93 135 108 113 139 154 116 106 120 156 125 168 99 149 104 115 146 166 136 165 
 65: 108 94 125 109 135 134 111 97 147 151 119 165 122 112 150 121 101 154 142 156 116 128 131 117 136 161 118 113 167 124 166 120 107 99 146 95 105 132 153 103 149 139 140 145 123 104 115 141 114 148 93 133 129 144 137 155 126 168 100 127 152 130 143 138 106 
 61: 144 150 142 112 149 129 113 126 110 153 94 136 114 154 98 168 146 143 106 141 111 123 130 118 155 103 132 119 166 127 102 95 122 137 107 109 93 138 135 117 139 108 156 134 105 116 104 97 99 152 100 161 140 115 165 120 148 121 128 145 167 
 61: 167 100 144 97 153 126 161 101 152 124 149 139 127 130 115 102 143 113 117 141 94 128 112 156 166 99 105 165 120 108 146 110 145 147 132 106 129 98 138 134 93 140 111 116 150 148 133 136 121 155 123 103 104 137 142 109 168 96 135 119 95 
 53: 99 98 139 166 118 125 93 140 154 147 107 138 131 114 102 95 127 112 111 151 110 104 100 156 103 136 116 96 106 141 152 122 168 165 143 142 113 146 126 115 144 121 123 120 134 132 133 155 128 161 124 109 137 
 54: 130 156 149 110 123 108 138 121 132 153 107 127 111 144 106 155 137 103 104 102 93 166 128 141 134 112 124 154 126 125 100 150 136 165 105 118 152 120 96 148 97 122 151 95 143 140 94 147 145 117 101 113 114 146 
 56: 149 100 140 128 168 107 108 145 98 129 155 166 146 144 127 138 97 94 141 118 113 121 126 119 142 116 99 153 161 156 106 109 167 165 134 150 117 111 110 139 152 147 120 104 136 124 122 95 132 125 112 96 123 151 130 101 
 55: 108 133 138 154 152 123 161 94 115 120 137 135 140 143 129 126 93 153 156 110 168 151 155 145 166 118 130 150 100 139 106 121 128 148 125 134 136 114 95 144 146 116 124 103 105 167 96 119 149 132 141 112 99 97 102 
 56: 109 118 127 141 121 142 94 126 123 167 135 145 106 133 96 137 161 95 116 98 103 136 114 119 168 132 128 143 153 138 139 147 102 97 150 115 108 166 144 111 156 113 152 129 99 112 104 154 146 105 122 101 130 131 120 117 
 64: 102 167 109 134 152 155 147 115 107 124 130 120 132 118 129 111 151 144 141 136 95 156 168 99 143 139 93 101 106 97 161 121 131 165 142 96 135 110 119 153 140 126 114 149 104 105 98 108 166 137 154 138 103 127 145 125 94 148 146 150 100 117 123 112 
 56: 130 132 120 112 129 166 111 135 146 145 141 107 155 143 152 137 103 153 156 150 116 115 134 121 117 123 136 144 140 128 93 119 168 109 118 101 96 98 126 138 122 131 110 124 139 99 104 147 142 151 133 95 161 108 127 148 
 54: 104 108 155 98 139 153 127 119 105 145 130 93 100 143 134 128 96 137 112 147 123 152 166 122 150 131 136 140 103 129 116 121 149 94 102 132 114 97 107 106 144 117 110 154 118 99 151 101 161 156 146 133 95 142 
 60: 132 143 99 151 134 142 147 105 113 137 103 106 153 168 117 107 119 120 114 122 165 123 121 111 145 161 152 127 136 131 130 167 150 133 156 100 109 146 94 95 155 144 148 129 93 96 135 108 139 115 125 154 128 97 141 140 110 98 118 149 
 67: 130 126 153 101 142 127 143 138 112 117 156 165 139 105 152 128 168 125 106 148 114 113 140 95 123 134 108 115 135 133 161 155 97 107 144 111 104 150 110 167 147 154 149 93 132 146 141 102 131 166 145 120 124 116 96 100 98 137 94 103 99 121 136 129 122 109 119 
 66: 155 99 161 112 120 127 166 147 136 117 121 110 148 98 100 168 141 105 101 130 109 133 156 128 118 154 167 104 115 96 107 119 102 151 129 111 108 103 144 134 97 94 143 146 116 152 132 125 95 93 113 114 149 122 153 135 139 140 123 137 126 138 150 165 124 145 
 54: 105 147 122 129 131 128 126 110 127 148 143 139 113 116 155 98 137 150 124 102 118 106 107 130 152 114 96 165 97 142 154 100 112 119 103 115 146 140 138 117 156 108 94 135 166 149 133 141 132 145 151 144 93 134 
 53: 122 134 94 167 139 168 113 149 155 146 93 101 166 100 132 129 126 115 108 99 109 127 165 102 138 124 119 142 141 156 144 123 103 133 105 135 114 128 140 137 110 97 161 96 152 116 106 148 136 120 117 154 150 
 69: 168 100 166 103 141 123 94 161 134 132 121 101 135 119 118 99 150 147 138 133 165 122 110 116 93 156 153 149 131 142 140 96 152 112 155 109 137 114 106 124 98 111 107 154 129 126 117 95 115 125 127 146 97 145 105 136 139 113 144 120 128 130 102 167 108 104 148 143 151 
 55: 161 117 110 144 115 114 107 139 155 112 142 99 102 125 165 122 167 98 113 126 121 116 154 127 119 145 93 103 132 140 146 131 118 151 150 134 101 95 94 149 135 148 143 133 152 111 141 138 100 129 137 153 97 105 128 
 52: 99 118 135 105 104 150 141 112 138 126 133 151 142 144 127 124 93 100 153 119 128 143 132 109 166 117 108 110 139 137 125 156 98 165 140 96 113 102 94 97 103 107 136 147 155 134 161 129 120 146 148 95 
 67: 126 147 100 129 136 142 131 101 98 151 106 108 120 132 109 124 114 105 94 125 112 103 156 134 104 97 161 145 127 96 140 153 117 115 95 121 148 137 123 155 138 102 111 107 99 135 152 144 149 141 167 165 133 146 130 154 93 143 116 150 128 113 166 110 122 118 119 
 55: 165 123 118 137 99 122 129 135 156 105 114 147 104 153 133 146 168 142 113 116 120 119 97 109 138 154 167 102 145 125 130 108 103 144 101 128 111 151 152 149 166 136 131 95 126 121 94 150 124 134 107 139 132 141 100 
 66: 147 118 127 96 124 130 152 116 149 151 110 148 125 97 105 136 126 112 167 150 98 107 137 109 120 132 140 115 141 106 104 94 95 113 135 114 123 143 156 144 131 154 93 101 100 108 119 129 142 103 121 146 155 133 165 138 134 168 145 122 139 99 161 128 102 153 
 88: 217 172 224 248 186 227 203 162 210 193 252 192 211 173 161 181 189 170 197 220 233 238 242 221 226 215 245 213 159 249 187 155 156 230 218 166 208 163 199 198 178 174 191 196 190 201 184 179 160 157 241 212 202 232 165 206 214 251 229 188 167 171 235 219 180 182 158 225 169 244 231 216 177 223 205 236 234 246 237 168 200 164 194 250 183 207 253 185 
 86: 159 191 222 234 156 186 187 224 178 231 225 228 219 198 237 206 217 244 211 226 248 181 196 216 188 235 201 250 232 170 157 163 202 252 258 227 207 176 199 171 179 177 193 209 192 223 172 246 208 251 185 174 241 210 182 162 218 236 169 195 229 160 238 242 197 161 230 189 183 214 212 155 166 249 205 164 213 158 175 184 165 221 180 215 194 220 
 79: 249 166 165 182 184 158 213 244 210 203 171 174 251 205 179 212 159 230 183 176 214 169 164 156 232 226 187 191 220 238 233 227 201 178 229 245 180 167 246 155 211 250 241 236 208 161 248 186 194 172 177 162 196 242 170 202 221 204 224 163 206 228 252 157 217 193 235 198 197 190 200 225 181 222 258 192 160 253 173 
 84: 210 163 197 206 193 190 219 205 158 160 222 235 223 234 224 215 244 166 253 228 220 251 159 169 164 189 252 176 225 161 170 194 165 174 250 212 182 177 199 207 236 246 233 229 209 258 184 208 175 196 216 200 213 179 171 203 227 245 217 173 172 211 198 248 187 237 238 218 214 191 178 232 242 183 230 201 155 181 192 241 226 168 180 202 
 77: 245 258 241 220 173 205 210 235 161 162 195 212 188 197 215 196 164 156 202 208 236 166 200 214 178 168 190 160 207 192 231 223 238 176 221 219 252 201 193 170 232 177 224 237 179 230 204 216 186 249 159 187 222 226 234 171 175 198 209 169 217 155 183 211 233 182 228 157 203 189 250 251 163 167 172 184 194 
 94: 245 232 225 241 233 192 221 204 212 213 198 182 220 242 195 197 237 258 210 159 200 248 194 246 231 193 238 207 170 181 226 160 216 180 229 252 155 203 162 205 253 217 196 244 218 174 179 201 177 224 185 186 227 166 169 161 167 236 158 188 176 249 187 173 190 222 164 178 202 223 184 219 206 191 250 171 208 209 215 211 189 157 168 165 230 235 163 199 175 228 234 183 251 214 
 87: 175 231 211 181 178 201 249 251 202 187 203 233 172 164 258 207 253 234 200 195 162 192 173 215 242 186 213 214 222 196 209 217 160 161 236 198 168 252 228 183 232 170 205 167 220 166 197 221 191 218 223 157 204 156 180 190 250 155 188 176 210 229 163 245 169 199 174 225 185 226 237 165 184 208 179 206 212 238 235 244 224 158 230 216 246 194 241 
 74: 171 181 163 237 176 252 186 184 228 190 198 167 218 178 172 187 189 217 222 245 229 196 249 250 185 207 170 238 188 202 209 221 208 160 204 214 246 212 210 242 201 159 155 180 165 225 251 234 183 182 253 158 232 220 200 157 230 156 192 179 224 213 244 203 162 197 215 193 236 199 258 235 161 169 
 81: 209 204 251 245 157 200 173 194 193 217 246 244 180 201 176 165 219 248 242 174 215 178 195 159 158 210 166 236 198 213 214 170 258 171 226 224 185 197 223 207 169 212 192 235 237 167 249 221 161 181 183 206 199 250 218 208 182 253 231 233 175 228 196 155 202 177 216 179 220 186 172 191 189 164 232 229 234 238 203 168 184 
 75: 224 198 171 246 252 192 221 233 184 220 183 215 209 199 189 182 179 190 186 159 201 236 194 222 156 245 249 177 165 208 248 187 241 210 168 188 181 185 206 213 207 205 223 216 200 160 175 193 211 170 195 229 232 235 167 155 238 244 158 161 204 258 218 214 219 162 166 250 226 234 202 237 231 172 217 
 84: 249 216 226 242 258 218 166 184 158 161 185 230 164 191 194 236 183 170 155 190 222 165 248 207 175 157 181 186 245 246 205 244 251 182 160 232 162 187 197 223 173 171 213 212 179 231 227 176 209 252 204 220 156 189 215 229 196 180 201 169 224 203 202 221 172 163 253 233 167 234 225 214 208 219 217 228 193 174 195 199 178 198 159 237 
 74: 194 226 220 253 224 227 221 186 248 192 188 199 183 166 223 236 172 164 233 234 179 165 195 203 173 242 201 205 171 206 214 232 207 244 200 161 225 211 182 160 231 258 162 215 175 185 209 219 204 212 184 229 169 174 217 230 252 191 238 170 249 222 251 210 156 246 180 168 218 190 213 159 167 196 
 90: 201 244 186 166 195 182 235 178 162 170 200 176 248 179 172 208 160 258 242 217 218 229 196 237 210 228 193 189 252 253 249 202 219 198 169 227 250 209 184 207 206 175 171 188 238 224 180 220 187 203 236 226 233 216 197 245 185 177 168 163 191 158 173 157 190 213 215 192 167 204 223 159 231 174 161 155 225 164 221 156 205 211 194 222 232 199 181 246 183 230 
 93: 169 171 221 229 248 230 250 183 231 219 238 191 204 173 190 251 215 159 196 166 164 155 189 211 161 193 237 253 158 209 220 249 235 205 227 160 192 157 178 252 246 184 185 203 236 210 241 244 176 224 226 177 202 195 218 186 174 165 228 175 180 198 222 245 217 200 201 242 216 163 194 170 232 197 206 167 181 179 162 199 207 156 213 187 233 223 212 188 182 234 214 172 168 
 79: 236 181 166 203 175 167 212 192 168 250 216 226 199 251 218 155 227 184 252 228 165 248 232 159 242 235 172 189 177 246 225 171 174 224 205 198 222 221 249 233 201 178 204 156 191 160 195 170 182 173 234 196 231 200 223 206 237 214 209 176 202 158 213 161 194 169 230 193 197 245 219 241 217 208 185 190 180 157 163 
 87: 212 183 168 249 185 238 228 181 211 156 192 217 200 167 193 182 187 191 245 227 174 218 173 221 158 199 220 164 163 251 180 188 179 205 204 258 232 252 250 225 169 160 159 222 166 244 216 194 226 165 219 155 242 157 230 215 208 223 162 203 189 214 175 235 207 231 241 206 170 172 213 237 210 229 190 176 246 184 234 224 233 248 195 161 197 186 209 
 96: 226 237 216 219 203 158 220 171 188 177 224 223 184 179 157 172 248 185 191 156 161 229 195 169 244 170 178 222 212 199 182 187 175 211 227 162 186 190 181 159 221 210 198 189 201 238 206 231 160 213 165 163 200 174 233 180 241 234 204 258 176 230 217 197 202 209 232 208 242 225 236 249 246 250 207 193 251 245 235 196 173 252 218 164 228 253 168 215 183 192 167 205 194 166 214 155 
 93: 156 178 171 216 163 225 209 214 221 249 218 179 196 213 244 188 159 210 166 193 183 168 245 202 228 158 208 215 195 198 236 181 199 169 212 190 219 180 165 204 226 172 242 211 186 231 174 235 176 223 220 167 184 253 160 162 155 170 207 232 250 241 246 227 200 217 222 161 251 173 238 252 182 197 185 229 234 233 191 237 194 230 201 192 189 187 164 205 157 224 177 248 258 
 95: 183 186 188 231 163 160 221 252 190 156 229 224 219 204 225 210 161 195 232 167 199 180 175 169 237 176 228 241 193 217 194 212 178 201 253 206 155 170 250 205 165 187 216 173 185 177 227 233 157 235 245 242 166 223 238 208 211 258 251 158 222 181 244 209 203 220 218 230 196 172 213 202 248 236 197 191 200 192 189 164 182 226 171 174 207 249 234 198 215 184 179 162 159 246 168 
 74: 193 167 161 157 228 168 195 213 248 197 221 178 234 238 216 202 237 211 179 173 155 252 162 205 176 184 226 253 233 206 189 182 231 214 181 160 185 229 215 225 158 219 245 200 169 186 220 218 180 232 190 198 172 210 164 224 208 199 201 204 196 165 249 171 209 177 227 183 163 223 192 246 242 217 
 89: 204 248 220 157 196 156 165 214 209 218 252 171 191 190 235 221 180 219 226 210 163 216 258 207 251 162 253 217 167 192 236 222 197 173 203 179 184 233 199 168 188 174 212 183 205 223 178 195 198 250 206 176 246 244 177 208 201 242 215 228 224 200 189 227 164 181 232 213 245 249 155 241 166 225 231 182 211 234 237 160 172 187 170 230 202 193 161 175 186 
 74: 245 187 178 234 162 221 242 165 228 189 175 214 191 233 161 211 225 160 251 204 155 198 197 166 238 206 241 164 248 209 244 185 184 183 188 250 226 196 156 215 222 212 174 227 168 213 181 246 167 169 199 203 173 159 172 163 218 182 223 201 237 194 205 252 217 235 249 171 193 170 179 207 230 224 
 85: 182 236 165 160 212 191 223 235 164 234 211 187 253 209 189 156 214 174 228 190 217 163 162 197 196 188 215 219 173 230 177 203 159 225 200 251 221 202 192 224 238 175 249 210 170 216 171 194 157 167 183 237 206 161 179 258 213 227 250 155 232 195 198 241 208 180 186 246 184 218 181 185 245 231 207 172 199 233 158 248 226 229 220 204 166 
 84: 206 207 178 155 204 158 193 210 186 163 174 188 191 194 238 236 225 227 219 248 200 209 170 196 222 232 223 213 230 187 205 203 166 244 235 242 171 258 226 164 251 221 218 228 231 253 176 249 167 250 156 229 185 246 189 233 181 179 184 198 172 195 220 215 175 199 202 214 162 224 241 165 157 173 201 180 216 169 183 237 182 159 197 211 
 86: 193 177 195 226 196 213 258 234 205 253 185 210 157 220 189 197 176 168 188 155 160 251 199 192 203 249 252 228 209 241 163 187 171 223 164 166 170 159 211 233 242 217 180 182 179 216 227 162 178 172 244 184 201 215 238 174 248 207 186 235 212 230 202 181 156 204 250 190 246 237 206 245 200 208 158 191 161 218 224 165 194 183 167 173 231 232 
 72: 223 158 231 164 229 173 213 155 169 193 205 175 170 246 199 211 163 253 249 191 161 184 182 209 197 166 245 189 219 160 187 248 157 168 208 225 198 216 206 185 258 232 196 215 174 179 159 192 237 212 230 250 183 165 235 236 156 186 202 217 226 171 178 172 238 162 167 180 251 195 220 244 
 77: 177 234 157 213 250 206 228 236 226 218 241 164 182 160 252 171 163 217 155 198 221 186 170 205 176 188 178 161 212 211 246 223 208 169 229 227 202 215 183 222 251 158 191 248 179 214 220 196 187 209 219 199 244 232 194 245 173 195 230 235 168 231 197 189 224 258 242 238 216 184 204 210 185 172 237 175 159 
 83: 168 244 234 237 158 198 164 236 174 181 194 227 187 241 191 235 178 160 223 209 162 248 215 193 204 202 226 189 179 176 220 208 230 190 155 216 166 169 156 238 195 203 165 182 199 258 250 197 175 201 171 245 253 161 217 251 188 242 157 173 213 207 185 180 219 192 200 183 229 232 224 246 221 210 167 206 172 252 225 184 249 186 211 
 79: 218 241 188 244 168 200 167 234 171 229 184 223 191 235 215 232 219 196 164 199 252 197 192 182 174 248 204 177 210 222 228 159 190 156 206 178 246 249 214 216 221 194 245 193 211 224 230 220 157 242 185 225 203 233 187 201 165 162 217 258 172 181 212 189 238 208 202 158 170 251 180 195 176 237 231 226 253 163 183 
 75: 195 166 189 169 205 201 207 173 177 216 161 229 181 192 246 210 193 176 212 211 167 206 242 183 219 159 190 158 249 175 162 188 170 203 174 186 234 248 250 235 230 217 182 156 214 155 178 200 244 245 204 251 231 157 184 208 226 168 185 237 238 209 194 215 180 224 202 232 258 163 236 241 225 164 233 
 72: 194 231 234 236 180 168 201 155 250 199 210 184 214 205 235 190 237 208 189 241 159 186 204 193 177 203 238 218 229 224 216 196 217 171 232 183 200 158 178 179 165 156 187 212 221 161 206 191 197 249 209 215 170 233 244 173 248 213 162 211 167 176 160 252 251 230 164 226 245 185 198 195 
 85: 258 177 204 188 192 155 203 218 231 200 229 242 219 196 238 214 216 193 181 251 221 206 174 217 182 179 191 173 252 236 202 197 176 167 244 172 156 213 157 166 228 163 205 187 226 232 224 237 250 249 230 186 160 210 184 225 222 189 246 159 180 162 194 201 185 161 215 195 178 165 199 158 168 253 171 220 223 208 207 235 170 212 190 211 198 
 80: 216 202 221 223 204 227 249 241 207 230 233 250 218 215 165 176 194 253 180 167 231 179 185 251 225 184 190 189 244 200 209 172 195 252 160 228 191 174 214 181 170 158 171 188 177 193 175 192 161 205 236 210 168 238 156 155 162 224 166 197 222 219 186 187 246 173 211 157 213 245 196 206 242 178 159 169 235 203 199 217 
 81: 258 244 245 248 237 189 163 215 230 191 167 178 202 238 181 175 201 198 221 185 231 224 190 157 246 160 156 207 169 217 174 251 196 236 222 186 183 219 170 226 250 172 205 199 162 204 161 216 241 187 234 220 232 188 195 192 209 252 229 165 211 173 159 208 233 197 253 177 155 228 227 171 218 184 213 180 210 166 242 168 176 
 94: 155 162 157 226 232 202 198 248 197 196 246 158 160 159 200 187 249 237 188 218 252 189 165 244 210 167 194 253 163 230 182 177 221 258 235 234 229 172 213 186 238 212 227 225 223 205 206 156 241 250 251 231 224 222 170 195 166 214 215 174 191 245 178 173 190 201 176 180 175 233 168 207 203 179 236 216 193 219 228 161 217 169 208 171 183 209 204 184 242 185 220 211 164 181 
 96: 227 166 174 209 185 225 158 173 236 172 248 215 182 157 175 183 221 211 199 195 196 179 155 163 210 244 213 204 184 230 202 193 229 231 258 180 178 220 234 188 232 246 235 162 251 186 194 214 222 200 176 212 252 208 197 245 181 237 156 189 253 241 249 192 177 191 161 226 228 201 238 160 216 233 205 190 169 164 224 223 168 207 219 198 167 159 170 250 171 217 187 242 203 218 206 165 
 84: 205 225 220 176 258 175 212 208 252 210 214 245 179 224 200 228 235 192 193 223 244 160 196 180 204 213 162 206 227 201 231 234 159 171 226 182 221 219 163 215 194 157 191 173 155 218 202 181 166 238 186 197 237 178 203 161 158 249 222 198 165 250 169 172 185 236 253 241 211 189 167 242 207 233 187 170 177 183 229 217 184 209 216 199 
 94: 231 183 207 179 234 248 172 197 195 169 193 237 229 250 258 162 194 235 166 189 163 178 159 205 182 161 226 156 208 241 211 203 223 158 232 181 210 238 252 253 157 185 184 164 227 171 242 218 191 215 188 186 209 245 251 219 201 175 249 180 176 221 225 187 200 165 217 190 177 224 236 155 170 199 220 244 246 206 174 196 222 214 216 160 168 167 233 213 173 192 212 198 230 228 
 80: 190 178 175 217 184 189 155 191 244 183 202 210 195 218 172 231 245 248 236 211 225 193 161 170 181 250 227 246 222 196 194 186 199 188 192 216 171 207 228 208 253 180 165 234 177 203 205 160 237 156 219 220 241 212 209 221 201 223 197 159 232 168 251 206 233 215 224 249 173 204 187 179 226 242 157 176 213 258 174 166 
 94: 223 233 174 238 166 169 173 185 196 229 234 222 155 213 193 236 189 249 156 175 228 244 164 200 192 158 253 176 235 172 205 218 163 170 199 237 248 241 171 231 177 209 220 252 216 181 186 198 206 210 217 184 194 167 230 225 211 183 215 246 191 201 159 195 178 207 227 180 162 161 245 157 165 221 179 190 188 212 182 197 208 160 214 187 224 168 232 258 219 250 203 226 251 202 
 87: 203 156 158 224 223 252 164 198 193 212 231 232 191 178 230 201 175 174 217 181 179 166 253 168 248 170 171 215 161 250 249 236 238 204 188 173 245 218 199 205 233 196 229 222 213 251 227 167 210 258 214 208 235 192 207 189 155 225 176 216 228 157 190 195 184 202 237 163 220 177 165 159 186 194 200 172 197 211 226 221 242 162 160 187 241 234 183 
 89: 195 204 212 170 173 161 176 171 246 214 216 182 202 174 163 199 187 223 159 189 186 242 192 218 241 162 225 253 205 233 201 251 193 209 184 235 178 207 164 219 179 157 252 206 183 198 190 226 227 230 231 155 177 169 181 217 244 166 203 220 215 180 248 158 160 185 213 165 188 211 168 197 236 156 172 222 238 232 194 234 196 250 249 191 175 208 237 229 221 
 82: 172 245 238 201 161 241 185 168 170 220 203 196 216 219 171 246 166 233 198 177 195 227 160 252 188 206 215 164 231 237 258 204 221 194 187 174 248 163 230 217 191 222 199 197 251 175 192 236 165 189 214 182 218 180 158 211 155 223 208 228 156 159 234 209 249 250 226 205 167 225 190 207 181 176 202 253 157 229 224 232 213 210 
 84: 184 179 210 160 246 208 198 251 155 168 222 206 193 209 188 229 245 166 185 202 250 227 162 192 244 233 234 238 237 169 249 180 159 170 194 232 230 228 183 204 172 231 190 191 241 187 214 226 236 182 252 200 242 211 219 175 258 248 216 201 196 213 215 161 181 158 171 199 220 165 253 174 177 212 217 167 157 221 225 218 223 189 224 235 
 96: 237 235 220 214 221 177 217 211 169 227 185 212 182 219 202 218 192 253 189 251 184 174 190 238 225 250 236 191 203 188 183 229 209 233 159 226 157 242 201 196 232 205 222 228 193 213 231 160 172 249 215 162 245 170 210 194 252 171 198 186 206 155 207 179 158 163 187 181 195 168 208 241 200 199 204 165 178 248 234 223 224 156 230 244 258 216 180 246 161 164 175 173 176 167 166 197 
 78: 238 217 185 174 209 176 175 169 203 211 245 208 194 249 241 216 248 218 210 242 253 163 212 189 230 190 187 229 155 258 207 231 183 201 159 156 186 160 195 232 226 171 236 205 246 251 227 184 167 234 224 188 235 204 162 233 221 193 198 192 250 191 164 158 213 237 225 166 161 181 228 214 202 182 199 165 222 177 
 86: 261 181 268 258 269 250 209 199 197 210 203 228 262 271 232 201 260 211 180 222 204 265 266 263 196 217 189 182 207 212 249 214 185 206 225 252 238 223 195 240 248 264 267 243 215 221 244 272 198 190 229 224 234 186 183 241 259 245 237 257 246 205 191 193 251 255 242 213 184 187 230 219 233 227 226 202 178 247 192 239 179 270 216 254 218 253 
 95: 201 259 228 195 232 210 249 262 238 257 239 245 269 230 248 179 244 206 240 218 250 191 272 241 234 192 233 186 209 202 207 225 190 223 182 178 197 236 237 246 243 229 189 271 231 260 256 200 267 212 181 208 253 198 194 205 214 221 217 235 203 222 251 255 180 211 263 247 188 227 258 193 252 187 215 183 213 266 242 264 265 226 184 261 220 185 224 199 254 219 196 268 216 204 270 
 81: 257 221 193 180 229 230 241 267 237 261 183 217 242 243 204 209 248 211 205 194 252 269 184 272 232 199 244 253 255 208 197 235 265 271 218 216 224 189 240 220 259 249 228 188 181 200 179 236 186 268 185 263 251 203 239 266 225 222 190 246 201 178 256 191 233 215 227 214 260 212 192 219 213 258 250 206 238 226 210 247 182 
 94: 226 248 185 227 230 198 237 238 202 257 191 241 235 265 232 178 183 221 246 247 217 249 252 213 223 269 215 245 224 192 254 194 236 179 188 271 256 267 253 186 272 261 180 222 268 203 220 189 206 214 234 259 218 201 250 270 212 225 200 260 181 196 229 197 199 239 258 187 233 195 190 205 251 210 244 208 266 264 184 231 242 240 209 207 204 182 263 219 216 243 255 193 262 211 
 83: 206 251 200 258 187 239 241 249 218 219 204 190 180 193 184 216 179 233 215 237 250 227 212 207 192 255 194 211 210 271 201 266 223 235 253 267 272 198 205 183 254 268 260 231 197 248 234 222 232 189 225 263 257 209 270 226 224 182 244 264 246 217 256 269 186 229 252 195 208 214 196 203 265 238 228 236 262 247 191 220 243 178 245 
 77: 209 246 195 192 234 182 204 255 269 183 249 224 258 247 189 218 215 231 245 267 236 188 213 185 270 214 233 235 203 181 248 207 230 264 259 260 241 232 239 186 193 179 205 178 208 253 217 263 268 200 228 266 219 251 254 206 237 226 256 210 194 196 261 225 223 257 222 271 229 243 244 238 221 198 252 227 220 
 89: 187 192 190 213 253 260 232 202 180 256 226 207 240 184 218 181 265 266 210 271 249 212 200 182 178 267 233 251 198 203 214 250 206 191 186 189 231 257 223 217 197 254 258 238 259 235 199 246 204 220 237 241 263 222 234 261 209 196 221 230 270 195 215 255 268 262 185 194 228 247 183 219 201 227 264 243 224 188 252 211 225 248 245 239 205 229 272 208 216 
 82: 234 241 194 190 202 239 181 264 204 214 228 208 197 187 268 213 270 179 217 216 259 242 240 205 191 226 218 222 200 232 233 195 248 210 263 230 237 236 271 189 243 249 227 250 260 223 272 182 192 185 178 211 238 225 267 247 262 255 183 231 265 193 180 253 258 245 257 209 198 254 252 244 220 186 206 212 199 184 203 269 224 229 
 83: 229 263 212 193 209 187 215 271 238 211 259 257 244 243 233 194 250 236 226 218 264 251 241 242 183 195 178 237 203 210 262 261 190 216 254 234 253 220 214 246 230 225 185 222 228 270 207 189 205 217 200 240 197 221 268 258 265 182 198 188 231 245 224 247 219 255 249 272 204 179 235 252 267 213 269 186 206 260 192 181 239 223 201 
 82: 238 235 271 194 204 180 224 262 245 208 258 230 237 259 223 263 211 205 220 239 240 257 187 222 260 218 272 253 191 209 185 244 178 229 197 247 179 198 270 196 219 207 243 267 193 227 251 183 266 215 225 190 181 231 214 242 213 182 212 202 249 256 200 268 228 221 250 255 210 232 248 254 195 199 234 226 241 269 188 217 203 216 
 74: 264 250 212 198 253 269 223 184 248 208 205 239 224 218 217 246 196 244 199 232 254 202 182 209 257 230 229 259 181 204 180 190 242 272 249 236 178 252 195 194 219 247 228 206 227 186 262 265 235 225 268 267 241 201 261 189 233 203 243 263 183 251 193 188 237 270 231 179 211 187 240 213 210 245 
 75: 191 178 262 224 201 221 246 223 253 210 236 196 242 258 202 235 241 259 248 268 205 179 197 203 230 189 182 218 222 234 247 226 211 249 212 266 255 267 217 208 250 219 265 207 232 256 240 245 186 181 271 206 200 198 233 180 231 225 183 252 272 193 215 257 185 214 260 243 263 194 228 204 192 187 270 
 85: 237 216 201 192 224 196 227 253 247 207 266 243 182 269 255 249 265 199 236 271 262 197 242 217 180 263 218 238 226 250 204 205 267 213 268 228 189 179 258 233 211 222 208 246 219 212 184 256 203 215 272 188 220 193 190 260 194 206 248 264 241 254 239 259 202 261 181 231 221 209 245 183 229 198 257 252 186 251 214 244 235 210 223 200 240 
 84: 199 206 259 215 271 187 265 251 203 223 213 208 260 229 256 214 228 192 268 220 217 232 188 244 241 247 197 258 263 264 237 189 236 253 272 267 207 230 226 270 249 231 242 180 235 200 246 178 233 221 248 218 184 219 222 182 194 254 240 250 243 186 198 261 216 224 202 225 269 234 190 211 181 210 252 245 204 255 266 185 257 183 191 209 
 95: 237 206 189 207 185 226 204 196 186 239 211 225 256 264 230 268 252 209 253 197 272 266 262 215 182 192 240 233 265 213 260 210 205 258 219 228 251 257 223 201 183 254 244 180 190 248 199 243 208 250 247 217 184 202 246 193 261 218 263 227 203 198 187 241 220 224 194 271 267 234 242 229 259 181 235 195 200 179 231 188 245 191 255 212 236 222 221 269 249 232 270 214 238 216 178 
 89: 227 185 266 236 264 209 208 220 182 269 214 241 211 237 270 226 216 186 207 218 235 244 252 257 191 267 260 247 234 180 206 190 187 225 195 262 201 251 265 204 231 181 213 249 202 212 193 256 223 188 263 224 261 259 197 272 228 203 196 217 255 179 222 243 189 246 268 221 229 233 258 200 194 254 183 192 242 232 219 184 248 215 178 238 205 240 239 230 199 
 84: 222 220 244 262 266 246 198 239 253 238 261 226 256 254 207 216 234 233 195 196 194 265 263 258 210 225 190 185 206 250 188 211 229 186 247 217 255 193 269 205 224 182 249 189 187 264 267 200 243 248 268 237 197 218 180 215 208 179 203 212 191 270 199 209 271 228 213 202 235 192 181 260 227 201 232 236 251 178 257 242 223 214 272 245 
 89: 246 216 248 212 256 198 187 261 260 205 229 239 220 192 190 193 222 265 218 209 180 197 191 189 234 235 262 184 253 242 226 232 267 247 243 270 210 215 188 240 254 181 266 272 252 186 259 196 263 244 204 195 250 230 258 249 269 214 202 217 203 257 271 211 208 268 228 231 182 233 225 251 213 194 227 238 199 185 241 255 201 221 223 206 178 236 224 207 245 
 93: 199 261 200 217 231 265 241 262 224 264 250 260 248 229 184 234 255 225 270 228 223 233 189 245 192 251 216 179 244 252 269 180 230 221 253 209 213 247 190 206 235 194 178 202 195 210 263 271 258 259 226 218 236 222 211 191 237 182 186 214 268 239 246 193 232 188 238 203 204 215 227 207 254 219 212 256 266 187 242 240 257 198 267 272 220 181 183 205 197 196 201 208 249 
 80: 205 181 184 271 231 257 201 253 199 185 189 267 233 203 226 212 234 256 191 221 240 272 196 202 251 200 216 215 214 268 255 254 178 230 247 241 238 222 197 219 206 195 237 209 207 242 183 270 182 210 246 186 249 217 236 258 235 188 245 263 266 179 244 261 259 198 262 213 187 229 260 250 218 252 243 232 269 194 208 211 
 79: 221 199 235 245 250 206 222 267 225 240 236 181 196 201 247 230 210 219 179 253 234 208 188 255 227 204 237 269 220 223 262 242 238 264 190 254 257 226 251 252 270 233 266 191 243 265 272 249 192 246 203 184 256 224 193 185 198 189 258 183 228 232 214 263 248 241 261 207 259 194 213 239 268 195 216 271 217 187 231 
 94: 252 246 223 202 222 238 242 266 207 272 244 250 193 228 263 208 265 178 234 264 229 218 270 203 249 200 216 205 236 194 232 256 224 268 220 259 188 184 212 179 204 182 209 271 221 231 248 261 269 195 213 211 191 226 189 214 215 235 245 190 254 247 253 233 197 257 267 206 201 251 186 217 255 199 239 181 210 237 241 230 240 260 258 180 198 185 227 196 187 192 219 262 243 183 
 77: 194 272 230 266 226 261 246 187 224 259 217 258 239 180 178 241 248 222 256 235 204 201 271 223 195 221 253 243 270 218 181 212 215 251 263 179 213 205 192 254 252 183 191 240 207 186 257 269 268 185 264 214 228 238 237 206 242 232 265 244 245 233 219 184 262 247 210 196 202 190 188 193 220 198 236 231 267 
 84: 202 181 193 227 203 251 212 259 271 241 183 270 240 262 220 214 190 257 252 235 248 205 249 236 245 238 189 225 195 201 221 266 222 191 178 184 211 229 264 180 187 210 258 182 255 239 246 209 217 199 179 200 197 192 186 269 226 232 207 198 263 261 260 234 228 243 216 244 233 254 253 267 213 185 250 223 215 231 237 272 208 219 194 188 
 83: 267 220 194 234 199 186 249 212 192 257 231 226 266 228 214 236 204 195 233 203 235 239 207 210 197 262 215 187 217 208 202 223 244 219 230 264 265 205 225 259 248 250 232 181 253 224 196 188 213 179 211 254 198 270 238 271 184 255 200 216 206 251 183 178 247 246 240 252 269 190 256 185 222 227 209 245 258 263 221 229 260 193 242 
 76: 247 250 178 227 187 267 238 260 192 195 196 219 243 242 272 259 269 264 245 216 241 186 225 256 268 258 224 237 189 201 210 230 179 199 185 246 228 222 233 180 236 193 217 212 188 206 265 183 208 254 261 203 240 271 252 235 266 232 251 220 253 197 207 194 249 226 215 214 198 255 270 190 191 218 205 211 
 93: 211 214 272 199 209 197 190 192 243 193 234 260 195 250 224 231 219 205 257 242 178 196 187 186 222 259 230 252 238 206 267 233 223 253 248 182 217 236 228 246 225 232 240 208 183 235 194 270 204 189 239 188 221 184 185 210 180 181 215 220 213 218 203 264 268 265 262 271 241 227 256 229 237 269 212 254 200 216 201 191 198 258 202 207 245 261 266 251 255 244 226 263 249 
 92: 181 260 189 271 180 195 235 216 224 250 237 223 192 196 246 210 243 251 187 197 270 220 257 208 194 247 222 185 183 215 259 268 245 226 253 179 201 221 252 228 255 206 249 230 254 262 184 244 200 202 227 267 213 263 193 232 186 256 234 182 248 242 264 241 240 238 207 191 211 231 233 217 236 272 229 265 190 178 199 219 212 261 266 204 269 258 214 205 209 239 218 225 
 93: 179 270 250 237 222 271 239 233 186 211 258 212 189 197 194 192 259 245 223 242 199 231 266 185 234 178 240 195 252 228 243 262 225 208 184 182 196 207 205 180 268 246 247 248 188 206 265 226 264 261 230 213 198 193 244 221 216 218 263 235 203 272 238 214 201 191 190 236 267 209 224 257 210 202 217 260 204 232 183 220 249 241 253 251 187 255 219 181 215 269 254 229 256 
 82: 211 221 268 255 223 247 184 201 265 254 244 228 267 192 208 245 234 188 214 206 226 235 230 227 229 256 252 182 262 249 241 266 194 259 197 215 253 191 196 190 260 199 203 248 257 200 232 210 183 269 189 180 219 261 202 236 225 217 193 239 178 263 198 213 186 195 220 270 205 204 258 187 246 272 207 264 240 209 222 243 250 238 
 73: 204 236 258 268 263 259 209 246 249 203 215 235 271 270 227 257 210 255 188 254 180 185 179 181 202 233 231 206 214 245 253 216 230 239 272 198 244 237 269 191 226 201 193 229 194 219 234 243 232 184 256 218 266 196 223 228 248 212 265 189 251 208 205 195 197 217 261 267 240 262 182 224 225 
 83: 186 259 219 194 190 221 236 184 223 220 222 215 210 258 227 183 192 246 187 245 191 188 249 197 238 217 206 253 229 204 256 178 242 267 224 234 264 189 214 237 182 212 226 196 262 240 232 268 263 211 251 228 243 195 202 230 198 257 235 269 272 185 205 180 207 208 181 241 244 266 218 209 261 254 233 265 260 252 248 225 250 199 231 
 86: 228 261 216 271 178 217 191 200 199 210 220 195 214 255 240 192 196 202 206 241 265 188 266 186 260 187 269 257 245 258 262 234 213 268 242 236 183 251 249 246 243 263 235 180 231 239 223 247 229 194 211 227 259 272 204 205 198 264 256 218 244 225 226 201 222 252 219 221 233 250 207 232 267 212 248 238 224 237 209 197 189 193 270 253 181 182 
 74: 240 260 253 249 254 233 239 261 266 182 193 271 252 272 226 194 256 246 228 221 180 251 181 200 191 255 179 201 232 222 202 236 248 247 229 186 195 225 207 245 217 224 189 196 210 265 190 270 263 269 204 235 199 237 203 220 244 262 208 212 211 197 231 183 250 218 178 216 243 198 206 184 267 205 
 73: 186 195 213 199 187 222 183 209 236 198 219 270 193 180 184 264 214 204 203 192 258 208 207 232 181 259 247 194 260 179 261 269 197 243 200 233 271 245 221 230 188 263 210 266 225 268 257 241 190 185 229 224 215 251 227 254 262 211 206 231 240 250 249 212 253 265 267 246 189 248 178 234 272 
 73: 181 254 261 213 215 272 216 196 199 214 191 221 258 257 207 184 188 208 212 239 226 198 201 235 210 250 244 241 269 200 211 262 247 182 268 259 271 248 265 245 228 240 180 255 195 260 253 229 194 227 230 189 197 256 190 206 252 183 205 192 225 236 220 232 263 246 266 193 243 186 234 178 187 
 90: 229 181 217 227 216 194 183 253 260 226 196 258 193 234 202 209 272 201 242 259 214 188 243 222 241 261 262 232 198 212 240 180 270 203 269 245 252 207 265 236 223 248 224 187 185 264 249 254 192 205 204 246 191 263 179 239 184 230 257 247 218 215 235 210 250 244 197 206 238 231 178 225 195 189 268 256 200 199 220 186 266 211 255 208 267 228 221 190 271 233 
 92: 244 248 212 266 190 272 186 225 180 239 199 196 206 217 259 262 270 184 219 268 182 216 255 189 208 245 211 201 251 224 227 256 194 197 218 192 222 249 223 253 269 198 210 226 237 258 203 260 264 243 230 236 193 233 232 242 188 228 241 257 246 247 183 178 202 250 252 187 263 209 179 215 191 229 195 200 214 207 181 185 213 261 220 231 221 238 267 254 235 204 205 240 
 77: 272 267 232 179 262 230 194 257 185 248 255 190 200 266 270 224 260 225 247 242 234 261 263 221 208 219 222 195 193 256 246 269 258 218 249 226 217 228 199 233 211 245 188 210 178 244 186 250 189 209 213 251 202 204 240 197 206 196 212 180 264 182 235 271 220 268 227 207 216 239 201 192 223 203 231 198 259 
 77: 195 220 206 246 187 205 225 233 230 238 183 262 199 249 242 252 266 269 255 217 218 213 239 221 197 244 222 219 235 259 264 196 180 192 188 257 207 189 193 179 232 210 271 234 190 227 254 272 200 263 216 261 226 224 191 240 251 204 203 268 184 178 198 223 186 237 181 247 241 212 211 248 245 182 270 194 236 
 77: 208 191 219 262 196 251 198 188 197 204 221 210 256 195 192 235 178 203 230 261 185 249 231 187 239 271 254 186 244 246 263 224 179 258 241 270 269 209 223 205 265 222 184 237 259 216 194 234 193 226 260 228 243 238 255 264 182 229 257 247 189 181 183 217 180 213 272 214 266 232 227 225 220 240 242 252 253 
 78: 224 242 268 210 228 191 190 253 236 199 221 222 246 261 256 254 208 193 223 225 239 184 262 257 219 259 185 186 178 265 270 211 251 209 240 200 230 226 271 217 235 269 204 195 216 181 218 248 267 213 189 272 188 233 212 227 220 197 207 203 180 187 194 260 255 266 215 245 250 183 264 231 243 206 258 247 252 179 
 77: 234 272 233 200 191 227 198 258 261 262 195 220 260 269 246 265 214 255 238 208 241 225 211 206 178 192 256 180 229 223 204 237 251 215 244 264 213 254 196 231 242 257 239 182 248 199 253 249 235 205 240 267 189 226 232 250 193 268 183 186 190 266 221 181 270 187 252 245 188 209 271 201 212 207 216 247 197 
 74: 223 201 240 191 242 181 265 195 241 213 187 188 215 185 202 232 193 186 210 234 209 222 205 207 217 269 228 204 262 233 251 231 230 219 199 264 249 203 245 224 194 198 260 192 272 253 208 200 179 220 225 184 256 206 266 261 250 270 221 237 247 246 238 212 248 235 267 211 268 255 252 263 189 243 
 88: 218 237 252 269 259 233 228 219 268 229 192 199 226 212 195 231 260 225 224 184 194 203 188 248 205 251 208 223 242 216 201 204 210 196 234 211 178 236 198 235 214 215 202 272 207 265 217 244 181 185 253 240 209 258 222 255 221 249 250 264 261 262 220 263 241 189 238 246 180 271 206 266 200 256 197 270 257 193 243 247 183 213 182 254 245 267 186 227 
 72: 212 233 218 196 208 219 259 230 221 262 241 267 264 224 183 255 266 191 206 200 184 204 247 235 188 237 270 246 268 265 271 215 187 263 236 207 202 248 182 234 222 210 179 252 211 260 226 190 185 220 209 231 249 227 189 228 181 243 253 272 198 180 225 178 195 242 186 251 213 261 245 203 
