# Data generated from a SDPTSP-E instance solved in two phases
# nbTasks=311, nbWorkers=192
# Random number generator seed = 0
Type = 1
Jobs = 311
 371 434
 375 494
 378 442
 385 429
 395 509
 403 491
 418 464
 421 439
 431 544
 437 551
 442 496
 442 504
 458 577
 481 579
 483 578
 492 511
 493 560
 494 573
 495 591
 497 548
 501 596
 509 586
 518 623
 527 608
 532 562
 533 561
 535 628
 536 625
 541 640
 554 668
 558 600
 574 692
 575 694
 582 645
 584 634
 587 665
 595 713
 609 722
 611 680
 614 661
 615 692
 616 732
 624 678
 625 688
 630 720
 640 715
 641 757
 651 764
 653 668
 656 739
 661 778
 663 688
 666 784
 678 761
 680 723
 682 753
 688 765
 693 742
 701 813
 703 816
 709 805
 710 809
 711 830
 712 804
 714 816
 726 797
 727 775
 727 819
 730 833
 732 772
 740 777
 742 857
 745 773
 747 800
 750 828
 760 836
 771 850
 777 824
 786 844
 791 850
 803 922
 835 934
 835 935
 838 891
 841 929
 844 922
 845 923
 848 871
 852 916
 852 930
 859 962
 859 978
 861 906
 867 894
 870 958
 878 992
 879 948
 880 954
 883 938
 900 1016
 901 929
 907 965
 909 1020
 912 958
 914 968
 915 948
 921 949
 922 992
 924 1033
 927 1044
 932 1016
 934 1039
 945 1011
 945 1042
 951 986
 951 1012
 960 1054
 961 1005
 961 1010
 962 1010
 963 1075
 965 1050
 967 1059
 968 1035
 973 1062
 974 1010
 977 1095
 979 1077
 985 1081
 991 1105
 994 1024
 996 1076
 999 1057
 1004 1065
 1004 1104
 1008 1029
 1010 1113
 1011 1104
 1016 1063
 1019 1133
 1028 1095
 1031 1106
 1032 1138
 1034 1106
 1035 1062
 1038 1117
 1040 1129
 1045 1117
 1046 1098
 1053 1136
 1059 1178
 1067 1179
 1068 1182
 1069 1114
 1070 1120
 1071 1139
 1072 1188
 1073 1160
 1080 1146
 1088 1112
 1097 1216
 1106 1191
 1112 1154
 1116 1156
 1118 1189
 1119 1230
 1120 1224
 1121 1199
 1126 1241
 1129 1182
 1133 1213
 1134 1229
 1135 1185
 1137 1199
 1140 1209
 1142 1205
 1142 1257
 1150 1253
 1151 1196
 1152 1262
 1156 1273
 1157 1198
 1159 1253
 1163 1201
 1168 1209
 1173 1273
 1177 1269
 1179 1235
 1184 1211
 1191 1280
 1194 1231
 1195 1265
 1196 1241
 1197 1288
 1200 1319
 1202 1315
 1203 1316
 1208 1293
 1211 1300
 1212 1294
 1219 1259
 1222 1272
 1225 1291
 1227 1315
 1239 1357
 1245 1364
 1247 1274
 1251 1270
 1252 1369
 1265 1360
 1266 1309
 1267 1314
 1270 1335
 1277 1369
 1281 1393
 1297 1416
 1314 1432
 1322 1425
 1323 1349
 1323 1409
 1324 1360
 1325 1342
 1343 1413
 1348 1385
 1360 1428
 1362 1424
 1374 1454
 1376 1408
 1380 1428
 1381 1429
 1382 1478
 1386 1413
 1387 1413
 1396 1461
 1423 1506
 1425 1530
 1426 1475
 1427 1485
 1434 1509
 1449 1533
 1453 1560
 1460 1490
 1461 1572
 1462 1547
 1462 1548
 1465 1583
 1466 1533
 1479 1596
 1484 1547
 1494 1574
 1499 1601
 1502 1590
 1505 1535
 1506 1614
 1513 1572
 1514 1543
 1523 1642
 1524 1637
 1530 1620
 1537 1643
 1538 1596
 1539 1654
 1549 1651
 1550 1603
 1558 1610
 1568 1634
 1568 1669
 1572 1688
 1573 1615
 1579 1689
 1584 1629
 1588 1628
 1595 1660
 1611 1710
 1614 1717
 1615 1638
 1616 1733
 1618 1728
 1622 1690
 1623 1733
 1630 1675
 1635 1747
 1647 1673
 1647 1760
 1656 1679
 1657 1738
 1657 1776
 1662 1723
 1666 1775
 1675 1770
 1682 1790
 1687 1758
 1688 1768
 1702 1794
 1713 1810
 1715 1784
 1752 1827
 1752 1857
 1754 1866
 1756 1854
 1763 1794
 1780 1835
 1783 1897
 1795 1912
 1800 1919
 1802 1912
 1805 1894
 1812 1889
 1812 1893
 1821 1895
 1825 1909
Qualifications = 192
 58: 23 21 14 16 7 22 19 73 41 33 0 25 4 61 66 5 72 51 54 37 65 45 13 49 77 20 40 43 52 70 58 68 11 57 75 1 15 34 60 62 3 56 8 50 32 48 28 53 12 30 38 55 17 9 44 67 31 27 
 71: 65 24 72 23 73 33 16 40 32 34 56 7 43 62 5 44 61 14 63 69 35 1 59 21 75 10 52 8 58 19 48 30 29 38 68 57 70 74 42 15 66 28 54 77 0 50 53 51 17 49 2 18 45 26 11 31 46 13 64 27 67 36 47 6 60 20 39 9 3 12 55 
 62: 10 7 24 65 16 2 4 64 28 27 72 34 12 5 57 29 46 18 47 68 17 31 63 43 3 30 41 22 75 33 26 70 50 66 51 56 37 67 59 49 9 0 35 32 40 44 14 13 73 25 23 36 39 21 77 74 38 8 55 42 60 52 
 57: 43 72 37 2 40 28 67 24 36 30 19 44 16 70 17 26 14 51 77 39 75 11 64 53 12 21 56 42 32 4 49 31 6 27 9 48 41 62 45 25 61 54 34 8 55 5 69 59 74 58 3 60 68 10 52 23 35 
 61: 1 57 26 9 28 14 65 52 72 6 35 25 48 8 39 17 19 54 36 29 74 68 56 23 0 50 43 55 32 44 77 70 49 59 42 34 31 30 51 12 64 58 66 13 53 41 61 21 38 20 2 73 69 62 5 46 75 22 18 7 4 
 68: 14 64 40 60 62 33 42 74 72 3 70 26 27 51 69 73 10 4 5 24 20 50 49 32 12 9 11 61 13 59 53 8 68 45 21 28 34 46 35 36 17 30 54 75 67 38 52 63 56 31 19 43 65 77 29 44 18 66 39 6 16 23 41 15 37 57 0 48 
 73: 62 45 27 11 65 24 29 49 56 20 67 55 21 28 26 35 66 63 54 43 46 75 1 74 77 37 4 73 16 53 10 40 8 3 41 39 44 61 6 15 72 36 60 17 68 30 18 0 38 23 13 5 47 19 12 51 57 33 59 2 34 31 48 14 22 7 70 32 69 52 50 42 58 
 67: 17 77 4 58 69 75 35 74 64 53 15 46 22 73 31 7 36 26 62 18 12 67 39 47 5 33 2 16 45 11 57 50 59 38 40 32 23 37 24 19 42 70 49 14 3 21 9 60 29 66 44 0 6 25 51 28 52 20 56 1 72 63 41 34 8 61 65 
 68: 60 15 48 46 21 25 30 65 33 59 72 49 31 0 57 4 56 20 70 41 61 22 2 5 53 24 77 1 19 17 26 16 62 38 55 75 67 50 10 69 64 47 12 68 43 52 14 7 8 23 29 3 36 54 6 32 27 51 37 45 44 40 39 74 11 35 42 9 
 69: 54 27 0 49 51 61 70 22 48 39 24 60 1 25 35 64 29 53 59 32 37 38 15 31 6 67 18 2 65 72 26 58 9 41 77 52 12 46 36 73 75 10 56 16 43 23 62 63 3 20 74 44 7 45 34 13 17 50 5 68 33 21 66 8 28 19 11 42 47 
 68: 53 58 9 35 70 13 30 49 10 45 32 36 56 6 28 34 1 2 22 7 69 23 12 73 68 54 43 74 77 24 31 64 27 59 16 21 47 40 62 20 3 48 72 63 5 75 46 19 42 51 17 4 8 41 0 39 37 50 18 14 65 55 15 29 67 61 57 26 
 60: 19 60 4 39 38 69 49 16 50 0 13 41 20 15 32 73 29 65 77 25 66 35 57 70 72 59 68 12 6 11 55 75 27 40 61 62 36 67 28 1 30 58 10 26 56 74 34 5 24 8 53 9 22 43 21 63 46 37 51 17 
 60: 60 0 29 77 21 44 56 8 69 13 19 36 12 57 25 75 14 9 46 61 50 47 5 38 3 17 34 4 59 6 28 16 26 62 66 39 67 65 35 32 70 63 11 15 73 55 24 52 18 43 20 7 72 42 22 48 53 49 58 23 
 58: 52 38 33 47 45 4 40 6 63 64 17 13 5 18 68 1 57 44 15 24 43 30 66 31 2 39 32 69 62 53 20 41 65 73 12 34 14 59 10 72 46 36 61 37 22 16 55 56 26 19 70 35 42 51 9 7 58 77 
 74: 17 44 19 35 41 27 25 61 75 43 63 39 65 52 42 31 15 47 20 64 11 50 18 68 7 3 13 57 40 74 45 34 77 8 4 37 48 12 1 66 10 22 46 67 70 9 5 36 23 55 54 30 56 49 53 58 72 6 29 26 16 0 21 32 60 2 14 73 38 28 59 24 62 69 
 72: 49 2 47 3 33 69 16 74 11 61 46 34 45 29 75 67 70 10 24 59 23 31 73 48 6 60 18 13 17 42 43 52 44 41 55 19 68 26 12 39 28 50 66 22 62 40 63 8 38 30 64 72 77 32 7 37 51 57 58 21 9 14 36 15 0 5 65 1 20 35 4 53 
 71: 45 24 10 49 38 1 63 26 35 23 27 53 21 42 73 41 17 58 57 46 59 68 37 16 61 19 36 8 33 6 11 30 3 66 2 13 52 65 31 55 15 22 5 56 70 18 44 75 77 74 64 9 28 7 67 4 69 32 51 12 54 34 39 43 48 20 72 25 50 62 14 
 60: 21 54 60 37 4 19 72 61 45 70 40 56 25 26 73 27 55 41 42 13 3 6 29 67 69 53 23 68 74 38 20 77 48 12 5 24 34 8 43 31 36 50 18 66 2 57 39 15 65 7 59 10 63 75 44 1 64 33 49 22 
 66: 62 55 43 37 13 18 48 58 35 53 63 68 26 24 20 29 17 27 47 9 22 51 49 56 6 7 54 66 60 8 31 64 57 75 14 12 70 44 15 38 69 3 21 2 36 16 74 42 34 65 30 52 59 0 11 61 72 33 10 50 4 77 39 41 45 67 
 73: 6 74 59 12 27 17 38 52 53 1 2 64 14 18 5 36 11 29 65 50 19 9 0 10 7 42 25 73 51 44 75 21 70 60 57 16 41 77 23 4 32 54 49 33 31 35 15 34 67 55 37 69 61 62 28 13 39 48 3 40 30 58 56 20 45 46 8 24 66 63 26 22 72 
 59: 10 51 73 29 15 28 1 18 2 36 58 21 57 6 7 16 38 54 69 30 24 50 8 74 46 23 44 64 20 4 33 27 59 37 77 66 26 47 62 43 9 61 60 22 13 19 53 0 5 67 48 65 70 42 11 56 34 55 49 
 62: 48 69 67 4 41 77 6 30 24 68 20 35 11 38 26 8 9 0 47 2 12 54 32 55 49 31 14 7 23 65 13 75 52 28 16 29 70 60 64 15 45 53 21 33 72 62 73 57 34 25 19 44 17 46 40 37 56 63 74 36 43 18 
 67: 48 60 32 25 50 45 26 52 75 44 24 3 27 21 34 14 30 67 55 36 65 33 29 42 63 9 12 40 5 28 77 35 1 74 73 7 4 2 72 37 0 39 61 6 56 68 23 31 54 41 13 38 70 18 53 16 46 19 58 22 62 47 15 10 8 66 51 
 60: 64 24 75 77 34 28 53 33 63 62 18 51 41 15 29 44 16 69 10 1 45 22 61 59 74 2 48 73 21 31 35 72 37 3 46 5 58 6 9 8 40 66 14 43 52 17 19 27 23 12 49 47 55 11 36 39 32 13 50 20 
 60: 75 66 5 13 59 44 1 0 16 37 22 74 49 17 35 58 2 4 56 20 12 36 77 40 15 60 42 70 45 55 69 6 25 9 38 30 26 28 41 8 33 51 10 63 3 73 19 47 43 50 54 72 27 68 46 14 32 62 52 57 
 59: 45 17 26 25 10 42 4 36 53 48 66 1 59 60 49 75 29 16 72 2 40 65 38 27 32 18 54 39 69 62 13 68 22 74 15 47 8 31 46 57 24 70 3 7 23 67 11 19 30 64 44 41 55 12 35 73 5 33 20 
 74: 22 8 48 34 51 21 52 17 29 10 36 69 60 40 14 77 27 38 73 49 32 46 7 25 43 64 33 75 35 65 61 2 63 6 58 72 74 20 0 23 24 15 37 4 1 13 57 53 55 44 41 67 39 9 68 26 5 3 19 66 59 31 11 18 16 54 47 30 12 70 28 50 42 62 
 75: 32 70 22 26 4 27 17 25 75 9 53 43 67 31 69 73 44 3 37 68 16 30 51 40 36 35 72 11 0 66 34 77 10 21 12 29 55 24 46 45 42 64 13 2 23 28 65 50 47 57 49 18 60 63 1 62 8 54 48 6 41 52 33 38 7 19 14 61 58 5 59 20 15 56 74 
 68: 9 39 58 65 35 2 14 10 46 45 31 32 24 53 5 26 28 57 6 64 3 21 61 16 22 29 43 34 49 12 15 54 0 73 41 60 50 11 33 69 19 42 72 37 63 70 67 62 55 20 68 48 74 25 59 4 75 40 17 51 38 8 47 56 23 66 1 77 
 64: 47 58 26 39 0 16 23 63 61 54 9 53 5 22 64 1 11 29 56 30 74 6 41 40 70 3 62 66 57 17 59 4 37 20 60 72 42 28 44 25 13 21 27 55 43 7 69 77 52 2 51 8 24 34 14 10 36 45 46 48 18 67 19 33 
 61: 73 33 13 65 12 22 6 19 11 16 34 35 77 14 59 20 24 61 60 68 32 1 66 25 15 58 3 53 45 31 43 47 50 2 54 49 26 5 41 69 67 72 52 40 21 7 48 29 23 17 18 37 39 27 74 36 64 4 51 75 30 
 58: 39 38 44 16 73 64 34 63 21 72 56 30 59 75 5 65 53 51 35 62 54 52 50 46 49 41 68 1 10 19 47 69 74 24 36 13 31 70 20 2 26 45 11 66 28 23 14 18 55 17 3 9 58 4 7 8 57 12 
 83: 67 78 75 59 34 51 96 72 42 79 63 44 84 80 65 25 94 76 38 85 106 45 83 56 57 88 26 55 97 105 37 50 62 68 61 13 19 64 18 71 14 77 24 15 16 31 17 82 29 46 92 74 103 22 52 70 36 41 33 30 58 81 47 35 53 87 20 40 98 66 69 23 73 93 48 60 49 32 43 100 89 21 39 
 75: 92 89 60 82 13 83 97 77 96 87 46 52 17 53 105 43 67 27 49 72 88 47 23 35 34 76 93 94 37 25 66 15 33 14 31 80 58 75 100 38 78 65 98 106 57 79 69 50 18 71 61 59 63 24 32 30 39 28 56 42 41 26 68 81 20 19 74 21 55 36 73 86 84 70 51 
 84: 93 70 100 82 79 40 72 64 28 76 49 86 61 78 51 18 37 30 47 97 46 98 23 81 57 53 34 84 20 36 25 14 48 55 52 71 35 96 68 67 32 39 73 59 29 38 43 19 42 103 31 92 17 105 41 80 60 56 50 74 22 63 69 88 94 54 85 33 83 13 65 66 106 62 24 75 44 16 89 21 45 26 77 27 
 86: 15 61 49 29 46 54 47 92 51 20 70 26 48 42 17 103 16 22 66 59 55 39 24 96 84 30 75 25 13 77 18 62 97 63 69 41 67 71 23 100 60 34 106 14 98 19 78 83 93 35 28 36 64 80 44 86 94 76 65 52 72 82 58 68 105 21 81 85 53 50 32 45 40 37 31 88 73 38 87 79 57 43 33 74 27 89 
 68: 13 78 59 17 103 14 50 30 26 84 58 48 43 86 89 96 61 79 63 19 32 21 65 105 39 36 81 44 24 67 60 54 62 27 51 55 97 73 23 56 74 52 47 64 49 53 87 92 37 70 94 88 41 68 80 106 72 29 57 22 45 33 16 71 38 25 85 93 
 72: 46 54 29 18 37 58 40 22 34 14 75 66 13 81 83 23 88 39 105 62 94 68 64 79 98 86 50 38 92 67 32 96 20 100 74 60 65 56 36 16 80 45 93 52 61 25 41 30 55 48 47 71 70 51 72 17 49 19 82 77 27 53 103 85 28 57 31 87 26 15 97 21 
 84: 48 34 70 37 85 49 38 55 89 87 52 42 100 79 62 15 67 66 97 105 82 83 56 78 57 80 31 86 23 71 93 27 77 59 63 13 28 96 47 46 61 39 88 64 16 36 30 81 40 44 53 43 84 20 35 60 58 76 32 19 74 17 106 41 103 69 72 73 21 50 24 65 26 18 22 68 14 51 29 33 45 54 92 75 
 71: 86 68 57 18 60 53 69 106 17 82 103 100 16 43 23 14 35 27 46 88 98 30 80 21 75 33 92 31 44 70 67 58 77 52 13 28 73 48 56 51 94 25 83 93 72 76 20 105 64 15 59 79 24 29 32 89 41 61 84 39 38 34 65 87 37 49 22 42 74 36 85 
 84: 46 26 61 62 74 42 59 80 30 57 16 60 52 24 41 82 69 48 55 45 38 27 97 105 36 86 18 50 29 34 88 64 54 13 92 87 98 106 68 58 89 79 49 65 14 33 66 75 81 76 19 73 103 39 56 17 47 28 21 44 51 100 94 23 22 84 67 25 31 78 53 20 83 15 43 35 96 37 70 72 85 63 77 32 
 79: 43 98 32 100 46 23 56 97 49 63 83 17 54 65 52 72 64 48 20 57 58 41 40 92 50 60 78 28 36 44 51 76 106 66 39 82 30 85 80 15 74 93 69 55 84 75 35 89 70 14 61 88 42 47 24 29 79 59 86 94 67 77 31 96 16 33 37 53 68 73 34 19 87 45 26 38 21 81 13 
 68: 17 27 74 40 87 50 69 103 19 30 38 42 84 76 89 79 80 26 58 70 63 88 32 22 39 48 71 35 68 53 20 105 100 81 57 13 25 59 44 72 41 94 28 82 73 36 43 46 24 54 97 98 86 96 78 45 47 64 67 55 21 29 33 37 14 51 93 75 
 84: 55 38 103 13 48 58 14 85 61 62 94 47 20 25 41 53 16 56 73 74 89 60 37 35 66 42 24 96 33 15 45 27 77 52 39 72 79 57 44 86 80 82 26 69 87 46 40 106 63 92 100 65 64 49 51 93 83 29 71 68 75 88 43 32 23 22 84 50 18 31 78 54 19 81 76 97 36 17 67 59 34 21 28 98 
 82: 40 66 36 49 17 63 34 55 97 58 68 48 75 38 39 77 76 27 22 24 30 43 19 70 54 103 28 88 52 83 33 13 92 46 41 56 14 42 64 29 98 57 72 23 82 62 31 61 59 47 87 51 45 78 80 26 71 15 44 69 105 18 73 86 85 96 81 74 84 50 60 32 67 35 100 20 16 53 106 93 89 37 
 85: 69 27 78 89 41 62 40 47 72 73 34 56 70 29 65 98 15 37 74 61 77 38 64 39 67 44 18 100 94 92 57 43 55 88 60 76 21 13 28 84 19 79 42 66 83 32 17 31 93 33 68 22 16 97 105 82 26 20 85 87 59 48 35 106 46 36 45 23 51 49 14 63 54 75 80 50 58 52 81 25 53 30 96 86 103 
 87: 65 54 14 74 84 46 78 53 18 48 29 92 62 20 61 51 68 85 49 64 75 83 103 21 79 88 22 97 100 70 44 50 63 28 33 37 55 30 60 16 87 98 23 58 69 57 45 67 105 40 80 13 31 66 93 32 15 106 86 25 27 34 81 56 36 47 38 24 59 17 89 77 76 96 71 26 94 43 52 19 41 72 35 39 73 82 42 
 71: 92 67 93 66 73 47 85 58 35 87 37 17 106 98 76 72 56 16 26 38 55 21 83 20 78 62 97 53 84 25 69 27 48 74 19 77 28 54 34 42 79 46 50 44 60 59 32 63 15 81 30 33 52 88 94 39 100 22 103 89 61 64 75 51 86 45 57 105 80 18 29 
 67: 55 88 103 76 33 32 22 79 21 100 93 77 82 83 80 53 36 65 40 81 57 85 54 51 69 19 13 89 43 62 72 35 45 47 38 52 31 59 37 20 39 15 46 42 94 84 28 86 29 24 92 105 87 14 61 23 67 98 63 30 75 26 78 27 48 16 96 
 70: 40 35 81 51 43 20 71 36 21 22 44 56 31 70 103 100 39 32 77 15 52 75 50 63 97 74 79 96 60 16 30 59 17 68 48 47 23 80 83 88 54 64 65 87 42 24 98 19 13 25 49 53 57 26 92 62 85 73 82 76 29 27 46 78 66 37 58 67 45 94 
 74: 59 15 79 38 88 103 105 40 48 47 43 42 14 44 71 92 86 23 37 100 46 74 30 31 83 20 62 45 17 78 13 82 63 57 93 36 27 32 53 55 72 51 98 68 49 54 76 80 65 87 52 77 64 21 67 28 89 60 58 69 73 70 85 24 16 41 96 26 84 39 106 25 29 75 
 69: 26 67 89 106 30 16 55 52 19 88 66 45 44 100 87 82 21 77 62 34 72 59 35 61 47 46 33 80 28 39 79 49 64 84 36 56 98 76 31 42 43 93 40 22 85 63 103 69 70 105 78 65 50 38 24 29 15 97 75 18 74 23 32 14 71 96 83 51 54 
 71: 75 56 86 71 89 60 82 85 43 76 49 15 46 55 68 24 62 96 58 97 28 37 25 21 65 45 98 27 53 44 47 30 92 54 74 52 33 34 61 19 23 84 20 57 39 87 64 38 40 80 106 67 18 103 29 36 63 66 42 93 32 79 88 69 105 26 70 51 35 100 41 
 81: 21 59 45 63 17 22 75 42 44 54 56 48 40 46 61 86 74 23 49 80 76 37 81 79 19 60 30 58 16 14 27 87 34 43 47 73 35 97 41 38 84 94 89 36 72 20 105 69 53 15 96 62 67 100 33 57 39 83 25 13 50 32 85 98 103 65 92 26 106 93 31 55 70 29 18 64 82 88 68 77 78 
 68: 23 33 72 82 27 40 105 77 43 94 55 66 22 67 106 75 42 80 48 71 103 57 50 65 37 21 18 20 56 24 28 58 68 81 84 73 70 38 62 97 46 98 30 61 36 87 76 69 31 47 53 34 26 88 96 52 63 41 45 44 32 39 83 64 89 19 35 51 
 70: 27 23 40 33 75 98 85 24 16 20 30 66 93 39 45 76 35 32 67 61 38 34 59 36 31 14 70 80 50 62 72 43 21 105 17 79 82 48 58 52 53 89 25 68 57 73 19 78 94 41 88 64 63 92 15 49 26 87 96 44 42 81 106 84 56 55 100 97 86 74 
 80: 21 97 13 37 14 25 92 80 59 86 50 76 19 22 42 52 58 62 43 23 72 57 55 88 27 29 61 74 98 85 44 32 39 31 24 67 106 73 51 82 17 63 70 15 94 81 83 49 64 33 93 105 78 47 96 87 77 26 35 60 75 71 28 84 68 54 30 69 36 46 65 89 16 66 103 41 100 18 79 53 
 77: 15 65 59 89 21 84 58 100 23 86 96 80 63 30 40 13 43 31 87 57 66 70 83 33 22 48 93 88 76 74 47 50 64 55 24 34 29 56 85 20 78 28 25 77 79 52 94 42 39 54 46 81 51 72 44 105 103 45 36 62 41 49 71 53 26 97 82 16 75 19 37 69 106 68 73 67 35 
 76: 93 38 74 18 40 32 92 75 35 64 53 100 33 15 45 16 87 76 29 98 52 80 51 25 54 41 106 88 105 42 72 60 79 89 24 34 31 55 82 48 14 44 39 56 61 37 73 66 103 86 97 69 94 65 58 26 63 57 22 30 50 85 78 43 13 71 62 70 27 20 47 81 28 17 36 77 
 66: 93 65 41 105 25 35 24 18 70 19 72 71 96 46 38 37 78 49 16 68 67 30 43 89 45 62 20 106 32 55 58 81 21 60 22 42 54 53 63 76 14 103 51 94 17 33 83 34 88 80 50 36 73 15 44 97 98 56 85 79 39 26 77 74 28 69 
 79: 86 62 105 75 51 52 20 32 77 92 48 33 93 41 40 19 37 47 54 79 55 78 81 103 17 14 43 72 27 66 45 59 65 22 36 61 13 18 23 74 94 67 15 85 76 25 88 96 53 82 106 98 56 29 68 63 87 44 57 70 38 97 42 84 21 30 80 34 73 71 100 39 69 31 89 16 58 49 26 
 82: 36 58 31 34 17 103 79 33 69 84 60 85 16 51 75 59 29 71 21 73 98 14 86 46 82 27 49 63 87 77 20 52 43 26 39 25 53 18 48 32 23 97 81 15 74 56 30 42 89 94 28 93 64 55 57 50 100 41 83 72 76 88 45 24 37 62 106 40 44 96 78 67 54 35 19 22 80 65 38 66 47 70 
 85: 25 54 63 47 78 44 27 46 58 69 57 93 77 86 73 87 103 105 79 20 21 72 98 30 70 24 38 50 32 28 17 26 42 66 83 84 16 80 67 48 49 40 68 88 61 31 29 75 43 41 81 37 51 55 92 56 97 94 76 82 33 13 34 52 62 39 74 59 14 23 71 96 35 100 18 15 19 85 53 22 45 106 60 65 36 
 75: 43 79 55 66 80 54 57 34 13 50 17 63 83 94 73 59 28 24 77 16 56 78 85 14 51 103 23 65 20 39 52 61 33 98 89 58 75 74 49 18 21 92 67 69 41 27 42 76 15 97 22 37 45 84 48 86 40 70 25 62 19 93 71 30 81 47 106 36 31 72 68 44 26 60 29 
 118: 144 191 117 159 137 189 128 124 123 181 172 113 196 141 133 138 99 97 203 119 122 190 132 179 187 165 92 171 162 188 201 161 136 180 160 108 110 91 152 175 151 150 115 146 130 125 135 207 100 149 158 184 183 112 98 166 118 90 157 186 101 105 140 127 194 114 178 147 177 197 126 198 131 134 142 148 182 164 170 206 85 89 174 154 106 202 167 145 153 129 116 120 168 200 111 210 163 93 143 95 176 88 107 155 156 102 185 96 139 169 173 192 109 103 193 84 94 195 
 120: 124 84 173 106 211 187 94 189 181 119 145 121 102 95 101 130 188 109 125 165 207 103 155 127 116 104 171 178 193 126 141 169 114 108 203 161 150 87 175 192 139 198 196 144 129 162 120 185 93 123 92 117 166 96 99 159 210 170 206 201 183 176 149 113 86 180 131 190 142 147 151 191 128 174 182 133 135 177 132 115 184 154 89 100 156 194 199 153 138 200 111 167 157 148 197 98 91 158 163 85 152 143 110 195 186 118 164 136 168 122 179 97 146 137 160 90 140 88 172 202 
 108: 207 106 210 135 170 121 190 195 98 160 132 181 174 117 191 119 153 172 133 124 91 171 145 161 178 211 115 129 139 175 173 138 196 102 182 199 183 141 134 104 99 198 111 165 110 88 103 184 114 87 89 137 158 177 149 112 189 185 187 94 122 192 101 142 127 206 97 84 109 197 116 95 163 162 194 146 96 140 136 179 169 152 143 144 120 86 151 200 167 131 108 148 166 113 107 164 125 128 123 201 92 193 150 155 176 118 188 156 
 115: 96 140 93 119 150 129 191 120 87 118 153 182 130 135 178 198 210 169 173 172 168 97 136 95 167 103 171 199 143 188 124 102 186 113 115 92 117 189 126 165 114 162 181 88 85 127 194 206 106 131 90 190 179 211 145 176 91 107 108 116 200 151 152 183 139 142 195 196 134 185 161 164 203 155 111 123 202 98 105 144 128 184 122 197 146 160 89 121 157 86 177 125 84 187 147 112 149 192 99 174 180 207 110 94 166 148 132 133 170 201 104 100 141 159 101 
 93: 167 129 103 113 120 211 123 145 184 191 203 110 151 85 142 109 124 150 97 170 138 175 164 152 153 163 162 133 132 102 89 180 140 171 87 181 195 121 92 202 88 130 91 104 94 116 143 125 157 200 199 93 182 156 126 112 90 118 178 96 141 187 174 99 198 165 111 105 98 188 101 136 155 168 128 159 172 193 179 127 106 114 183 84 207 206 137 147 173 192 190 86 194 
 100: 170 121 189 94 162 149 201 130 161 120 188 153 177 166 107 91 194 172 134 113 183 116 117 93 98 102 150 163 85 175 210 200 128 122 131 88 187 180 146 108 97 87 110 133 123 193 207 96 197 196 158 99 174 206 95 178 185 202 168 137 179 195 144 132 143 86 156 114 124 106 191 142 152 147 182 119 160 89 135 136 198 112 126 141 148 111 90 176 104 145 100 109 151 103 84 92 125 199 211 190 
 116: 190 113 115 126 145 93 153 109 163 195 175 203 119 86 173 168 151 117 160 92 144 149 186 150 89 112 135 177 101 106 84 120 176 121 111 88 167 131 156 181 157 110 164 148 179 85 118 184 170 122 128 165 166 178 124 206 129 107 199 193 137 114 155 99 97 142 161 90 185 202 127 211 130 116 103 159 98 100 108 180 87 210 154 187 158 197 200 196 207 172 169 162 183 189 198 139 188 134 147 146 105 152 133 143 94 140 95 138 136 104 192 194 201 171 132 96 
 96: 188 159 122 93 150 102 85 161 160 171 141 155 114 111 158 121 127 146 198 156 130 112 117 140 138 172 104 147 168 87 184 86 180 179 139 133 131 182 99 110 201 136 194 132 113 97 169 173 92 193 123 211 106 174 151 96 109 128 165 190 192 89 94 166 154 134 107 167 170 183 118 84 196 90 195 143 115 185 203 124 181 125 119 176 199 101 145 148 105 186 157 153 178 152 103 162 
 98: 102 195 172 133 159 200 146 168 165 88 158 118 164 98 104 203 99 103 134 120 210 92 96 97 86 196 155 177 173 131 94 109 153 197 123 93 124 95 163 142 162 187 85 108 192 188 106 170 166 110 211 199 157 125 176 114 130 198 186 149 127 122 175 191 90 140 126 128 150 148 193 194 206 144 135 145 178 147 117 179 138 139 160 185 167 156 151 141 143 207 89 154 132 91 107 180 112 161 
 114: 131 97 170 85 158 160 196 190 191 123 162 118 149 195 137 194 211 154 98 171 210 202 99 117 153 86 167 108 109 107 141 199 178 106 166 95 172 87 150 112 182 102 130 206 119 184 144 113 135 96 145 128 132 90 110 105 120 140 181 139 101 200 175 192 186 207 198 111 203 183 165 115 168 201 185 164 84 129 155 197 174 114 92 148 122 152 176 103 91 100 136 161 134 188 179 157 156 133 89 177 187 142 126 93 88 193 163 146 180 116 94 159 104 127 
 120: 105 135 163 164 101 179 131 165 124 201 178 146 211 97 87 104 100 191 139 96 140 149 85 102 114 177 195 103 154 170 174 137 130 185 132 151 186 202 121 168 144 181 210 198 112 110 196 147 133 108 92 190 148 111 128 199 155 142 193 152 95 109 187 129 183 127 173 91 99 116 84 158 107 176 180 162 115 88 89 172 207 136 141 166 106 113 125 153 194 203 145 197 93 126 157 192 159 161 143 160 189 138 120 184 169 200 122 119 117 188 150 156 134 86 206 175 123 167 118 90 
 105: 113 206 136 158 95 120 203 146 93 105 109 148 155 151 171 96 195 156 161 181 152 190 107 186 198 116 193 130 188 143 101 191 166 159 141 207 114 102 135 123 86 112 103 183 197 125 87 119 115 131 184 121 168 137 180 196 139 202 91 99 199 163 149 126 124 150 160 92 100 97 85 132 172 140 167 98 108 154 142 90 179 138 133 88 174 162 173 129 147 164 153 145 122 178 157 104 89 175 118 84 128 117 211 187 192 
 107: 124 173 202 159 161 110 131 101 147 117 177 187 162 130 114 86 152 201 116 144 145 156 134 102 206 104 146 192 100 127 188 179 210 118 203 185 155 158 129 197 168 133 176 113 107 142 135 125 120 122 193 150 92 112 149 169 121 111 126 180 139 148 175 153 163 190 89 157 103 167 91 184 199 151 165 182 160 154 186 196 194 88 115 143 109 93 164 136 195 138 106 172 108 128 84 191 171 137 211 183 200 178 170 141 132 94 96 
 97: 137 194 160 210 133 158 177 170 151 190 88 115 92 125 188 176 207 197 99 142 180 182 105 90 172 178 191 114 97 135 89 195 85 168 94 84 174 126 86 130 206 106 96 164 186 157 199 108 187 103 198 104 124 132 185 150 193 131 169 120 98 119 156 173 201 167 155 121 107 202 112 211 136 152 179 117 165 134 189 175 144 149 145 154 192 183 129 93 184 118 162 146 127 100 203 123 171 
 117: 173 197 122 196 112 170 159 143 169 115 104 162 188 138 94 90 207 137 206 96 163 91 200 171 118 107 166 116 86 192 142 97 195 168 125 210 179 140 202 87 198 157 158 147 114 117 127 103 177 88 203 178 164 123 155 175 98 92 199 135 126 132 180 84 146 139 183 108 106 110 130 121 189 133 201 131 186 190 161 154 181 141 148 120 172 174 95 187 165 100 167 119 124 149 89 85 129 113 105 151 145 111 156 182 194 153 160 193 136 99 128 102 144 184 191 152 211 
 98: 101 163 140 197 139 100 107 88 123 176 185 210 174 172 186 148 106 144 188 202 183 134 184 85 117 99 192 149 122 95 175 135 179 157 195 169 178 211 89 145 97 104 121 153 96 103 115 141 138 152 206 93 189 108 162 136 126 146 142 190 118 94 137 207 128 203 87 133 114 187 160 194 191 156 159 119 102 111 105 84 90 173 161 180 132 198 177 182 165 170 143 200 98 158 167 150 86 154 
 109: 97 129 182 173 98 101 134 87 174 202 191 178 102 153 137 183 111 192 145 113 151 172 199 169 115 206 152 135 180 211 166 90 95 195 207 196 107 200 176 185 103 126 123 86 164 119 114 128 96 136 188 210 201 179 187 159 186 118 122 170 155 132 161 156 168 157 142 131 91 139 138 162 94 110 99 203 198 150 189 100 127 116 149 85 160 197 112 125 146 181 120 144 175 84 163 158 148 124 89 92 147 165 88 106 117 121 143 104 93 
 109: 179 151 97 113 141 183 138 111 158 101 153 99 148 119 85 152 129 195 162 211 132 185 90 87 188 198 102 136 200 108 145 159 169 110 170 161 116 184 210 88 146 123 174 84 96 92 193 191 182 118 163 134 194 125 104 160 192 168 155 175 128 172 178 142 203 112 180 94 196 199 189 143 130 150 186 157 164 154 120 167 149 207 98 190 147 137 206 121 127 103 177 187 93 95 201 171 100 139 91 107 117 114 106 202 165 166 115 144 89 
 124: 148 171 117 186 89 160 156 196 108 96 130 201 119 169 110 126 187 145 84 189 141 106 109 147 90 128 200 167 111 118 155 144 194 176 91 197 87 121 86 192 159 115 162 199 182 179 129 102 136 198 170 191 97 202 107 114 153 101 100 93 120 116 183 125 210 135 134 149 195 98 175 163 158 177 166 161 188 150 181 105 146 174 193 140 94 190 122 99 113 168 211 103 85 142 138 178 137 164 139 132 151 184 180 203 112 172 157 207 185 154 173 206 165 123 143 88 124 127 95 133 131 104 92 152 
 124: 197 186 117 101 111 107 119 140 210 193 141 166 194 162 130 99 158 137 127 90 175 131 84 182 118 95 199 173 102 128 123 202 139 168 151 135 198 153 129 206 183 189 88 165 159 150 134 116 149 195 156 103 181 126 200 124 94 92 148 147 155 142 169 114 191 106 132 178 91 184 164 145 109 138 120 100 203 180 104 144 176 188 115 154 112 167 211 93 113 98 170 201 136 172 86 157 160 196 174 185 163 121 89 105 96 190 187 87 133 177 146 122 161 207 108 152 192 110 97 179 125 85 143 171 
 106: 85 125 93 146 167 100 165 129 108 128 189 164 86 169 96 172 98 132 148 184 121 196 171 152 97 156 161 105 191 200 145 173 116 90 133 151 181 89 115 166 195 180 91 117 142 179 84 202 199 157 159 135 144 168 111 197 99 211 110 210 120 134 126 127 186 124 109 94 119 118 123 138 182 154 163 206 188 136 107 104 122 101 140 175 158 95 143 193 176 88 114 112 198 137 150 201 190 149 207 183 113 160 147 92 155 106 
 120: 85 116 89 160 144 96 133 181 200 113 100 176 109 197 161 166 90 187 84 88 120 164 98 130 93 194 189 134 94 125 170 148 135 172 103 155 95 182 196 202 87 158 190 107 162 123 118 156 177 183 178 159 137 201 131 203 191 184 99 114 153 121 105 132 110 145 143 175 173 129 115 126 165 97 167 111 92 193 186 91 141 185 106 198 127 119 147 151 152 112 157 211 102 206 174 207 169 104 150 195 154 136 108 101 180 163 210 140 139 122 86 138 149 128 124 199 168 142 188 179 
 113: 149 168 141 88 99 87 203 108 186 145 130 142 200 194 159 98 89 125 100 163 129 167 122 123 127 102 113 115 165 158 103 97 139 151 177 104 107 182 120 161 166 101 150 92 143 131 114 109 156 112 94 169 138 197 148 154 121 199 152 175 93 110 196 188 172 189 111 126 174 132 179 195 190 85 153 193 146 184 206 95 170 106 91 157 105 178 171 160 136 137 162 84 187 202 211 144 176 192 181 185 90 86 147 140 117 116 124 210 134 180 96 133 164 
 110: 149 195 132 120 119 143 163 185 110 211 203 156 114 199 103 206 168 153 142 106 157 146 112 96 147 136 125 193 150 122 158 170 126 180 160 85 197 89 124 134 173 144 159 127 138 135 192 174 121 99 188 90 113 196 140 108 128 151 101 154 145 129 161 207 93 107 189 179 177 148 137 190 169 164 102 182 98 117 194 100 111 200 175 115 166 118 181 91 155 139 141 95 123 92 97 178 84 86 198 171 88 191 130 104 87 201 186 210 172 109 
 93: 104 135 150 102 140 194 101 190 123 171 87 100 191 143 185 202 139 124 183 146 173 164 130 121 84 180 145 133 159 86 110 147 153 201 155 169 93 96 200 105 178 151 134 210 88 167 92 198 94 129 176 90 187 127 138 122 108 175 113 152 207 170 206 193 85 91 196 166 160 156 99 161 157 128 184 162 211 142 195 111 181 189 177 117 174 186 89 118 188 168 97 141 182 
 109: 141 118 139 142 181 107 117 172 98 183 196 194 125 167 161 136 116 189 198 86 87 190 110 154 145 159 144 108 210 166 187 184 95 195 124 85 90 203 106 94 128 97 93 102 200 207 122 206 89 88 115 132 119 92 168 143 173 160 91 129 199 192 175 155 96 131 180 174 163 126 153 211 114 177 138 84 191 150 111 104 146 178 176 171 103 120 148 121 134 201 186 101 99 147 179 202 164 151 169 170 188 149 113 109 197 156 127 133 140 
 112: 124 191 179 129 125 184 118 139 108 160 121 134 187 87 123 105 188 84 206 98 161 192 103 122 197 159 154 132 203 89 149 211 141 107 143 153 138 155 167 114 99 189 162 210 95 158 199 91 195 193 110 140 147 196 178 96 126 86 148 176 200 85 102 93 185 109 116 164 100 163 146 106 166 92 173 111 144 156 152 151 207 180 88 145 112 172 115 90 128 131 142 136 101 175 97 169 194 190 177 174 186 94 183 117 181 130 182 104 170 137 135 168 
 100: 140 126 169 84 211 87 206 175 188 128 174 152 121 161 104 167 210 99 145 138 202 127 182 116 100 118 119 88 130 114 109 150 144 135 164 134 198 147 185 171 142 163 124 177 102 132 157 200 151 89 111 113 168 93 160 129 101 86 189 136 125 117 162 159 173 179 143 190 137 92 181 154 107 203 201 197 183 95 207 172 105 108 96 115 153 158 165 191 131 166 90 193 112 199 176 194 156 133 97 94 
 95: 101 117 193 123 109 183 210 86 98 197 133 95 108 145 96 185 148 116 135 99 154 178 149 137 174 182 200 173 150 146 103 181 111 176 202 196 151 157 189 169 201 114 88 105 130 190 184 159 140 179 177 170 160 147 84 125 122 90 136 194 115 138 139 152 206 89 188 207 85 155 166 141 172 144 131 162 168 87 119 187 118 161 142 186 143 91 158 211 102 128 195 113 199 107 156 
 117: 114 203 180 91 166 167 102 105 112 188 107 110 145 211 134 140 103 97 131 201 109 187 189 196 160 165 144 200 186 157 104 123 127 172 174 192 111 92 85 198 183 168 190 195 129 136 84 176 143 122 178 118 159 202 182 95 173 138 154 128 162 181 93 161 115 86 194 177 142 88 153 151 152 94 193 191 96 179 156 185 149 184 169 99 117 147 197 150 155 113 137 199 133 132 120 171 163 139 100 121 108 135 124 175 106 101 170 98 206 90 158 126 207 210 125 89 141 
 124: 153 152 165 173 136 185 116 197 123 196 129 125 207 141 113 84 187 106 110 171 188 210 137 170 176 203 199 194 138 198 146 108 166 162 174 85 96 144 92 200 98 192 201 182 111 211 143 86 140 128 154 191 103 157 120 130 126 158 118 119 105 89 184 132 121 189 104 175 160 90 159 206 115 202 114 124 142 122 190 134 186 127 168 148 135 112 101 181 87 145 100 95 94 149 164 193 183 107 163 93 180 102 169 131 177 147 150 172 179 161 88 178 91 97 195 99 151 156 117 139 167 109 155 133 
 108: 89 112 174 128 193 92 87 122 142 159 207 116 132 182 140 198 169 183 156 119 93 187 199 124 113 202 84 103 190 100 94 148 144 143 141 127 154 162 117 152 118 166 85 104 197 188 138 181 109 173 96 184 178 168 106 164 101 191 179 160 129 195 155 130 114 161 149 150 123 185 111 133 88 172 97 134 176 108 95 189 175 98 99 121 90 91 102 180 210 203 153 110 163 194 171 126 165 139 157 196 151 131 86 211 200 107 192 105 
 95: 167 94 139 142 143 197 86 96 151 166 88 119 84 125 169 124 85 156 109 121 127 110 206 193 103 131 188 106 170 210 198 177 148 165 171 100 147 117 134 107 172 161 113 155 91 175 192 200 158 135 95 116 196 195 112 201 97 157 179 104 180 136 92 126 190 152 178 187 144 105 202 87 132 164 115 185 159 133 168 129 182 99 173 160 181 211 150 108 141 102 140 138 114 111 118 
 120: 180 135 163 101 117 200 195 138 127 126 85 182 170 114 172 106 129 112 191 87 174 133 94 169 164 187 196 140 185 181 144 123 171 136 113 108 202 148 125 173 130 88 90 156 96 199 192 107 97 154 131 157 150 100 103 186 153 141 139 104 122 145 193 198 95 201 84 158 115 137 175 121 92 89 91 93 149 132 111 210 143 110 161 211 118 165 183 188 190 162 207 147 176 128 160 146 159 109 124 166 86 120 189 119 177 167 206 116 105 155 197 194 168 203 102 184 179 98 178 99 
 100: 102 207 154 88 183 128 164 203 118 163 176 184 186 104 165 114 84 181 123 189 99 158 194 150 109 146 101 142 153 147 119 112 177 110 200 105 132 87 174 96 145 192 198 100 195 113 95 120 151 167 89 106 144 136 199 168 121 182 169 170 185 179 130 141 180 197 135 155 178 196 133 129 166 175 152 139 171 211 188 143 191 116 160 111 90 138 201 187 94 97 126 156 93 173 107 162 190 161 108 122 
 99: 114 92 98 164 147 163 175 157 180 156 179 194 146 99 193 182 168 143 200 198 185 87 138 102 133 140 113 159 160 117 112 167 177 151 86 136 96 107 134 120 187 171 115 132 126 91 207 189 201 188 105 149 203 211 119 165 111 166 150 155 97 202 152 100 104 158 93 190 130 191 206 184 141 142 127 123 199 131 183 162 116 128 170 176 95 196 174 192 178 88 139 210 121 106 101 197 84 109 124 
 106: 107 142 190 120 178 124 211 116 100 125 194 196 186 102 206 179 175 88 126 137 104 167 159 134 140 151 87 184 189 153 136 162 192 108 101 117 154 143 197 152 144 129 145 198 132 172 177 89 163 150 202 92 138 193 171 112 121 201 135 164 96 183 182 123 130 99 119 103 109 200 160 91 141 113 110 93 157 133 97 105 199 106 191 111 127 94 168 155 176 169 85 146 90 174 188 210 149 180 181 139 118 195 158 114 170 84 
 120: 119 178 195 188 164 142 127 105 171 104 132 120 174 123 144 190 106 91 186 136 121 100 98 92 156 210 126 115 175 96 129 109 203 194 112 206 154 193 150 117 198 131 102 172 153 207 93 189 185 202 140 145 101 179 167 94 90 103 183 86 165 116 118 110 160 125 97 122 124 130 182 200 170 143 158 151 128 146 169 184 85 162 187 161 88 87 155 177 99 148 114 168 163 95 176 111 197 108 138 147 201 199 152 137 211 159 173 181 149 192 166 84 133 180 113 191 89 134 141 139 
 103: 174 229 120 202 228 169 199 214 211 213 162 138 125 150 224 152 168 203 175 198 223 197 178 124 146 149 135 219 182 134 167 190 186 185 127 165 144 192 196 177 147 191 137 142 195 136 227 205 194 200 126 145 159 163 189 209 187 188 180 172 148 122 225 164 184 193 161 151 157 173 170 123 166 130 140 220 217 176 218 206 128 118 204 121 131 201 216 156 215 160 143 153 119 212 158 133 222 141 221 210 155 116 129 
 110: 195 221 149 147 186 156 211 204 225 146 197 207 160 203 140 173 179 154 181 209 151 180 129 191 134 136 163 177 202 137 122 223 190 208 229 182 168 117 166 178 198 169 155 152 165 199 143 174 139 183 187 193 175 161 144 217 130 138 218 210 219 118 135 127 124 150 153 184 170 189 206 192 142 196 148 162 125 214 200 194 224 231 176 119 201 141 121 132 157 123 228 145 227 167 222 158 128 205 172 232 159 120 215 185 220 126 116 213 216 133 
 101: 158 150 144 209 143 142 222 229 122 195 175 224 124 177 185 197 214 154 161 181 128 173 157 129 120 132 156 160 187 166 136 218 171 125 133 137 153 186 164 184 121 149 220 127 155 219 191 179 188 178 211 192 139 148 202 183 198 174 163 190 180 216 147 208 118 162 170 167 140 215 172 135 117 227 210 126 231 130 225 194 193 199 152 138 205 182 134 204 159 207 165 206 176 146 196 141 131 189 168 123 116 
 101: 221 202 143 133 203 188 164 210 128 176 167 178 223 197 186 211 137 207 195 142 117 157 205 216 200 119 225 182 177 125 222 124 196 227 161 132 155 206 190 212 166 179 228 121 232 165 218 123 198 214 199 163 169 174 184 145 172 229 131 144 141 231 209 201 129 130 151 192 140 120 191 162 138 219 135 148 187 159 158 175 204 152 220 146 215 194 180 153 189 181 217 185 156 122 193 118 224 136 126 154 168 
 113: 198 195 184 203 147 118 155 196 122 188 165 179 201 125 130 192 229 191 221 215 225 153 212 120 208 163 159 186 187 154 178 135 180 219 126 171 206 121 231 148 218 138 131 175 205 183 202 174 124 232 168 160 214 157 132 211 151 210 117 133 216 223 172 142 139 177 213 128 156 193 222 158 152 228 145 162 143 176 164 144 200 123 170 217 181 116 189 190 220 129 161 227 150 140 167 224 204 169 182 197 149 207 199 209 134 141 127 137 136 166 194 173 185 
 101: 132 207 124 146 184 133 217 127 117 204 130 210 157 179 162 183 212 192 190 121 149 172 134 202 193 168 173 161 170 138 205 123 140 122 199 187 215 224 203 198 137 125 229 159 120 200 175 154 143 195 116 144 119 148 155 145 118 176 128 213 126 167 152 177 188 231 206 131 182 178 136 197 150 147 151 194 228 171 185 216 219 142 227 223 181 186 218 191 174 225 129 201 180 164 211 166 189 141 156 163 209 
 90: 186 159 181 213 177 120 128 155 134 211 200 118 149 136 220 141 151 227 129 123 140 180 165 205 193 190 232 161 170 188 199 138 158 172 169 119 183 152 192 166 179 221 210 122 126 178 207 164 150 212 228 162 224 195 171 215 217 124 202 130 131 194 176 201 127 198 209 191 133 163 225 223 231 142 156 184 197 182 189 185 203 160 173 135 145 157 117 218 143 168 
 102: 136 159 171 209 138 231 150 194 142 185 153 116 160 196 213 215 183 129 181 175 210 120 221 198 156 155 206 176 177 134 128 192 184 224 202 117 145 121 214 125 123 188 167 203 197 218 172 173 179 149 195 152 201 227 143 132 131 161 157 154 158 146 168 148 232 207 199 189 144 211 186 126 204 208 164 130 122 137 220 222 187 133 178 212 166 228 141 140 163 219 147 127 151 225 165 190 182 139 217 205 216 124 
 113: 207 180 167 223 171 116 179 182 117 203 158 217 122 205 228 232 153 127 195 121 125 147 185 197 229 206 170 219 152 142 186 221 141 162 220 173 194 225 133 132 131 120 204 176 196 118 181 215 231 178 160 222 208 137 155 138 143 126 175 211 224 159 172 130 149 189 156 192 201 128 174 140 212 183 144 135 198 145 202 227 164 148 123 151 129 210 177 124 169 168 157 163 165 214 166 154 190 184 193 134 119 218 191 136 213 199 146 200 209 216 139 150 187 
 96: 220 147 135 183 206 215 182 155 210 174 207 189 163 211 125 137 151 142 216 131 169 223 190 198 212 130 214 132 156 176 136 166 138 199 122 181 191 228 187 224 124 116 197 118 208 177 218 172 204 205 168 165 213 171 150 161 170 123 127 157 219 145 173 160 179 175 148 128 203 202 126 133 139 196 120 141 195 158 229 119 144 201 185 164 225 227 153 154 134 193 146 180 178 117 121 232 
 105: 169 193 165 179 175 147 142 199 217 160 194 153 183 197 158 168 118 202 117 189 151 195 171 207 163 211 123 159 185 229 135 121 221 122 154 167 134 176 129 191 190 223 116 212 204 149 125 132 162 180 155 170 181 152 141 213 156 182 177 178 188 210 196 209 124 184 144 205 206 143 119 139 208 231 128 161 133 137 216 172 164 187 220 232 222 140 227 228 203 157 215 192 200 146 148 198 224 186 145 131 166 218 214 126 174 
 95: 178 195 141 157 145 187 173 221 159 128 201 211 161 207 175 223 118 139 149 228 200 194 206 203 152 166 167 191 119 229 163 146 122 140 213 134 210 227 214 158 120 209 135 199 147 137 132 148 150 184 222 138 174 215 181 179 177 117 142 185 168 172 204 205 130 151 170 189 129 131 153 116 171 193 232 216 192 208 165 176 218 219 202 190 231 225 121 143 186 124 183 217 182 144 224 
 112: 214 173 149 164 148 229 123 211 145 136 176 133 162 147 213 195 181 192 152 125 170 203 222 158 119 151 132 126 190 159 138 135 166 179 205 228 218 160 167 199 116 161 180 142 144 122 191 204 140 120 155 154 150 210 130 196 193 231 117 177 129 200 209 134 153 139 169 221 212 121 146 198 188 141 194 124 137 168 184 225 215 217 182 186 156 178 227 189 172 183 165 157 185 174 206 208 232 187 175 128 131 224 171 201 202 197 207 220 143 163 127 216 
 99: 202 231 173 126 117 184 162 168 194 200 213 195 208 220 123 125 154 222 161 232 157 134 174 211 206 141 147 183 145 181 210 149 167 175 180 215 124 169 132 135 119 128 207 187 196 223 170 165 227 158 201 146 150 131 229 205 142 143 197 172 214 137 189 139 122 193 218 228 179 140 216 204 217 156 171 121 159 190 192 151 166 160 118 130 177 212 185 116 219 164 203 176 198 148 221 163 127 129 144 
 108: 186 214 203 208 147 152 178 138 150 228 184 128 134 154 159 145 200 129 232 180 192 195 157 209 144 146 168 117 161 136 143 171 220 155 189 170 202 224 148 123 199 158 164 116 131 225 120 217 215 193 197 190 179 198 187 151 191 222 172 156 137 194 175 160 162 176 213 173 126 181 140 127 166 177 207 196 153 227 183 165 204 218 219 216 139 130 221 223 229 132 167 231 135 149 169 182 174 201 212 210 124 125 141 142 188 122 211 205 
 93: 130 132 117 209 137 219 120 123 124 116 122 166 178 180 131 141 187 147 222 127 205 173 152 227 172 191 211 224 118 157 220 212 194 136 188 134 192 145 139 135 196 198 165 206 143 146 170 203 217 210 225 138 177 168 200 153 182 169 214 161 189 207 164 128 144 232 175 154 159 171 218 133 197 199 223 151 229 140 174 163 179 155 215 195 129 221 121 162 213 201 156 150 160 
 97: 222 175 145 165 138 127 206 123 116 163 144 185 217 177 160 181 148 146 121 203 153 196 130 208 190 205 186 126 184 202 150 192 219 171 149 210 152 156 214 189 188 143 201 191 194 137 220 135 174 212 129 136 178 161 216 198 155 231 166 227 117 169 204 164 122 134 200 211 140 147 154 172 141 118 199 187 128 139 176 232 229 209 218 224 207 142 193 223 215 120 182 228 133 132 183 167 168 
 100: 162 136 198 175 158 225 160 216 149 173 184 129 188 123 195 155 127 217 137 131 172 118 218 201 200 153 145 209 139 140 197 211 168 224 215 190 117 119 194 183 223 169 222 202 177 228 208 133 189 156 167 205 126 130 128 174 192 134 143 203 186 232 193 207 214 124 196 204 151 206 171 166 221 210 157 213 164 185 141 116 163 199 231 121 147 144 219 187 161 159 182 152 165 181 220 135 150 229 212 138 
 108: 199 132 214 225 203 161 185 228 192 188 134 145 127 227 220 213 206 195 216 138 169 150 174 116 190 173 186 117 136 179 142 168 222 191 229 183 124 217 193 147 194 167 176 178 202 119 160 180 170 148 126 159 140 215 224 175 129 205 162 171 153 151 164 139 133 221 157 172 121 135 189 181 196 155 201 218 131 208 184 187 165 154 128 146 209 123 118 182 163 212 152 197 141 122 211 232 149 231 125 198 200 204 207 137 158 156 130 120 
 101: 167 168 171 218 164 131 141 203 159 166 172 121 157 227 214 150 153 178 130 142 192 232 123 139 156 118 124 225 152 135 154 151 174 155 176 163 200 189 198 160 196 213 128 148 222 190 173 175 149 210 117 147 181 220 193 199 127 145 119 205 120 195 169 202 194 183 144 177 143 122 217 146 212 228 204 209 219 133 125 182 186 162 191 126 137 132 165 158 140 161 134 180 215 231 229 208 136 223 184 224 179 
 97: 156 144 222 137 121 173 152 209 199 163 181 136 138 146 177 228 168 134 153 151 232 174 205 179 116 208 131 141 161 218 224 202 129 231 124 162 215 148 214 229 128 167 123 139 158 172 180 223 185 140 130 191 132 147 182 201 133 171 196 183 225 217 220 188 169 204 150 210 200 160 166 195 219 175 206 159 125 213 194 227 143 122 142 117 212 119 155 118 197 198 207 165 164 178 187 176 127 
 92: 215 144 206 228 205 227 184 217 119 155 131 170 176 211 121 198 146 137 172 163 134 140 190 200 197 118 231 153 120 209 201 141 168 158 189 213 123 149 162 122 191 150 154 229 220 185 222 130 127 156 166 224 151 133 126 192 138 142 152 160 174 145 169 129 225 210 135 116 124 202 165 180 207 195 218 203 143 188 212 157 208 186 219 173 164 167 183 221 128 223 147 125 
 103: 204 161 200 201 155 176 128 217 141 223 145 174 130 182 183 164 191 175 163 208 172 157 171 211 193 184 215 143 118 147 136 189 228 125 134 122 202 133 132 152 166 222 192 153 214 187 180 131 140 146 179 120 227 158 195 231 194 150 138 129 149 116 219 151 203 144 121 169 212 127 185 206 139 229 123 177 225 199 117 232 198 124 205 142 216 137 224 218 190 165 160 167 209 221 170 186 154 162 156 178 135 210 188 
 106: 162 203 149 196 128 150 213 228 154 143 224 187 121 201 142 118 131 141 145 164 216 133 209 120 125 160 217 147 169 225 194 130 170 137 140 185 184 167 151 134 229 223 180 179 200 205 220 178 117 199 204 174 172 123 189 122 127 173 186 188 181 156 214 155 135 193 198 177 153 157 146 152 165 191 182 218 119 124 176 231 161 132 211 136 183 158 197 210 159 163 212 206 219 202 215 166 126 116 171 232 139 168 129 192 190 221 
 103: 207 198 181 187 162 180 213 137 177 195 190 132 175 154 130 194 123 189 178 134 139 161 222 160 155 121 215 165 231 205 126 225 140 152 120 122 143 179 202 212 182 224 193 153 117 157 168 170 203 129 136 164 204 147 125 124 146 206 186 158 156 219 220 127 217 135 133 192 142 138 227 199 183 196 172 218 169 232 200 128 159 144 171 148 166 229 116 209 151 176 223 150 141 145 174 185 119 167 131 118 173 149 208 
 110: 184 224 136 179 169 181 196 134 212 120 199 175 227 131 202 183 138 129 147 200 117 172 193 141 225 162 185 126 168 219 217 197 163 124 176 210 201 130 174 190 133 149 220 228 158 195 171 144 155 156 194 198 146 204 215 213 164 161 214 116 218 127 140 118 211 159 207 128 160 206 142 222 145 157 125 216 132 182 143 205 152 170 135 148 191 121 180 123 165 178 151 139 231 166 137 232 187 221 188 186 192 223 150 177 173 203 167 189 122 208 
 91: 138 145 187 128 181 137 207 224 167 118 216 176 199 150 221 139 213 154 166 231 185 124 141 211 152 229 177 161 175 212 228 197 171 188 148 143 165 133 204 142 164 209 163 170 116 172 206 201 214 136 117 134 217 174 222 191 220 151 121 225 149 180 120 159 158 192 155 189 186 127 173 215 195 232 169 198 182 190 194 122 183 168 227 205 129 162 156 160 193 119 200 
 97: 157 174 158 122 196 123 208 231 201 224 161 171 189 162 221 160 139 206 228 128 159 124 198 167 175 155 188 200 169 119 165 152 197 207 213 136 219 134 172 140 138 178 146 143 209 132 184 144 182 176 127 215 185 190 164 135 217 194 193 195 148 121 126 116 222 117 216 133 183 137 125 170 204 141 177 218 223 205 131 150 142 153 192 168 232 186 191 214 225 212 210 129 229 151 163 180 202 
 112: 179 132 181 151 117 195 150 228 143 220 142 165 137 164 182 188 218 201 183 138 222 200 217 184 136 196 216 169 148 190 221 161 158 229 140 156 194 139 191 152 162 128 159 202 207 231 203 120 155 199 131 153 198 186 174 192 225 123 157 189 204 180 149 125 193 178 135 177 154 215 173 210 214 172 118 209 163 124 116 223 160 219 197 208 121 212 130 168 166 133 232 127 141 134 119 167 144 187 211 129 171 224 213 146 227 185 176 206 175 122 147 205 
 104: 193 185 155 232 139 209 127 133 147 148 137 134 190 140 225 224 211 183 228 121 163 126 136 125 207 186 131 166 222 160 120 231 124 176 151 143 135 164 182 178 170 206 213 189 157 122 158 198 196 194 195 201 184 210 173 212 128 161 145 192 118 129 187 219 116 119 223 172 180 177 218 156 142 168 188 200 208 197 215 214 150 217 202 152 221 227 165 199 130 117 229 154 175 204 169 123 141 179 153 181 167 132 171 220 
 96: 164 209 227 228 155 174 217 117 224 207 143 195 167 200 166 203 170 206 173 118 202 140 221 198 152 139 119 214 133 213 183 147 135 159 187 205 180 150 169 219 204 162 215 216 149 122 181 175 179 161 229 185 193 146 165 172 121 124 199 148 156 178 188 231 191 120 192 144 163 129 223 126 177 138 184 197 182 211 160 142 194 208 137 158 145 154 222 130 127 212 225 132 128 218 171 141 
 111: 222 140 191 192 163 144 219 185 166 181 143 137 131 149 164 119 217 165 173 125 129 123 205 127 208 228 124 145 117 126 156 203 169 206 204 142 128 213 162 211 216 170 201 152 120 225 196 150 184 155 158 177 186 167 174 147 176 172 171 212 194 148 141 132 122 153 151 134 224 182 199 116 220 227 197 159 187 160 198 190 229 231 207 138 168 189 146 121 188 157 209 136 215 135 133 223 195 200 210 180 154 183 214 130 178 202 232 221 175 139 118 
 104: 132 157 223 142 216 159 209 220 163 214 146 117 201 169 213 196 141 197 217 219 218 135 231 224 208 162 171 227 131 147 174 228 187 182 130 188 212 215 125 154 232 175 204 121 161 198 211 229 138 172 205 165 118 150 210 140 207 116 137 129 153 164 166 160 156 148 158 206 167 184 191 155 120 149 133 192 177 173 203 190 195 186 178 181 134 194 144 170 119 183 168 136 202 185 180 139 222 189 145 151 126 152 127 128 
 109: 221 155 220 202 121 205 117 232 120 194 180 133 210 193 209 217 160 223 175 190 156 169 126 171 212 186 198 174 142 122 179 119 162 145 148 197 222 151 188 228 128 154 211 153 135 143 161 178 192 225 196 150 170 183 185 218 168 204 195 181 207 131 118 208 132 215 177 166 144 191 158 184 139 146 206 140 138 123 165 130 163 219 149 227 203 189 129 182 201 164 173 231 172 224 214 199 125 200 213 216 167 159 152 136 176 137 229 147 157 
 110: 183 133 168 166 176 122 225 217 231 179 118 232 214 188 152 223 127 196 145 182 163 208 167 116 119 184 218 178 156 195 224 227 132 222 137 130 175 189 151 142 159 117 172 206 165 161 180 221 123 228 219 154 125 128 209 191 146 131 138 194 141 171 185 149 158 150 202 135 215 192 220 203 205 164 197 157 210 139 136 177 211 181 190 193 143 144 160 229 120 213 173 170 147 121 169 187 201 212 200 198 148 140 174 204 199 134 186 155 129 124 
 91: 221 117 193 136 122 211 190 197 128 201 139 219 167 142 223 127 162 216 228 227 178 164 137 187 158 182 153 156 144 138 133 229 204 184 116 146 143 202 168 166 145 132 217 214 165 199 212 206 177 203 192 195 140 189 200 170 134 154 198 210 130 147 188 118 175 176 191 222 171 180 181 224 124 231 179 232 160 194 225 149 174 135 150 207 183 129 218 159 155 141 209 
 114: 156 166 192 138 201 207 164 216 187 227 143 153 141 232 224 203 123 197 162 181 171 172 116 215 127 161 217 142 169 189 170 140 188 129 124 195 167 146 157 150 119 155 117 152 200 210 135 165 136 177 211 212 179 125 147 214 122 145 223 163 209 174 149 134 176 193 148 173 225 198 154 128 218 222 184 219 186 131 133 231 178 205 121 130 202 175 120 191 118 185 228 168 158 199 182 229 132 159 137 194 144 160 221 213 208 220 126 196 190 180 151 139 206 183 
 113: 174 177 161 125 154 170 220 149 205 195 187 175 121 229 148 198 217 232 215 120 142 222 193 162 129 160 221 206 134 219 199 180 171 227 178 118 146 116 184 155 202 209 128 192 141 196 168 191 204 123 218 158 169 231 127 185 194 138 119 159 143 137 214 208 136 135 156 179 150 197 147 132 163 188 164 211 201 126 213 203 166 225 189 157 207 200 176 181 216 224 210 167 228 122 153 183 172 139 212 152 131 133 130 186 173 165 117 223 151 124 145 190 182 
 69: 275 277 234 243 227 261 245 286 242 237 219 292 229 255 279 239 300 252 236 220 273 265 230 250 218 274 289 290 251 280 267 241 248 293 217 231 221 266 262 232 222 271 291 253 264 228 226 257 238 285 259 258 249 224 263 288 270 247 223 284 225 281 235 254 246 233 295 283 268 
 74: 241 224 290 300 240 253 233 250 255 265 237 232 284 219 270 277 249 260 264 257 280 271 223 248 283 254 274 244 286 239 220 245 292 278 247 287 282 273 251 288 295 226 225 230 222 268 289 235 228 269 276 256 246 234 263 261 285 227 243 217 218 231 252 281 259 242 279 221 229 272 291 267 236 293 
 68: 255 268 234 285 276 279 295 219 291 256 247 274 278 251 283 222 238 249 245 220 260 232 236 244 226 273 224 230 270 289 235 240 290 221 225 261 264 248 242 217 265 257 239 231 241 271 233 243 277 228 263 237 269 300 267 218 282 254 229 288 292 286 272 293 280 252 246 287 
 76: 221 220 262 264 271 224 300 246 244 248 257 261 231 289 223 235 259 287 280 217 232 273 255 237 283 293 263 218 245 258 252 279 238 284 278 219 253 233 241 234 285 276 281 240 227 290 268 275 236 274 267 266 251 291 239 282 265 277 247 288 226 249 242 254 272 229 295 222 250 270 228 286 230 243 225 292 
 77: 263 228 270 247 291 264 286 246 284 250 290 277 280 248 283 300 251 230 275 219 226 239 271 235 265 229 260 287 278 285 220 258 233 217 225 218 274 256 255 257 253 272 292 221 269 244 224 252 227 237 288 238 259 231 289 261 266 295 268 245 293 241 273 223 282 243 279 276 234 254 222 249 240 242 232 281 262 
 65: 229 235 278 220 249 251 275 221 285 287 236 272 281 273 280 243 244 289 222 268 255 266 279 254 257 246 217 276 290 242 291 265 260 263 240 237 248 267 283 288 284 269 241 218 264 233 286 262 219 232 230 259 292 239 247 238 225 223 295 277 271 274 270 231 293 
 71: 275 239 262 279 217 219 254 272 265 220 256 276 218 244 241 225 224 247 284 285 226 259 267 261 290 233 227 269 250 231 295 221 236 249 282 222 271 266 228 293 246 273 258 255 264 253 277 237 300 274 240 292 238 288 289 230 287 234 232 281 283 257 260 245 242 251 278 291 268 235 229 
 72: 285 251 272 261 258 250 248 279 293 240 276 267 228 269 234 242 235 266 289 287 224 290 283 227 217 245 295 255 263 286 265 226 252 254 260 264 218 270 288 291 220 257 284 277 222 232 246 280 273 300 244 233 271 231 247 237 262 243 256 275 274 282 230 241 249 236 253 225 268 223 238 281 
 61: 244 248 288 242 237 251 290 300 267 285 236 223 275 219 221 229 243 259 232 238 230 269 284 222 226 272 249 277 228 220 240 268 271 266 260 255 241 254 278 281 295 252 247 286 273 264 261 262 227 292 280 293 246 279 257 263 234 276 225 245 291 
 69: 224 235 265 268 255 237 291 254 300 285 251 295 279 287 256 280 241 221 274 253 229 269 239 227 259 230 289 266 244 242 264 226 277 246 275 273 233 282 272 225 260 293 234 283 247 270 245 231 262 284 223 240 281 222 252 219 263 250 290 248 236 261 276 220 238 292 278 271 286 
 72: 264 293 266 263 271 292 255 228 284 256 236 285 243 274 300 224 237 273 262 249 254 222 225 223 247 280 221 267 229 253 281 278 257 276 291 234 259 219 275 286 289 288 283 270 244 248 282 233 242 246 226 279 277 295 241 269 261 287 232 258 250 251 218 235 220 260 227 240 239 245 290 265 
 66: 243 254 271 265 274 253 244 236 256 289 249 241 224 225 286 293 279 223 230 264 285 284 291 247 290 232 267 292 270 246 231 300 251 261 221 266 237 248 239 227 238 217 282 233 228 258 234 220 259 242 226 287 262 250 283 280 275 276 295 245 263 277 281 252 273 255 
 66: 300 295 267 264 228 217 261 251 245 293 252 270 239 230 220 260 238 266 219 234 242 272 250 243 290 225 280 222 232 277 286 240 244 291 223 231 236 263 227 283 284 292 235 269 281 287 221 246 247 258 255 265 226 262 254 259 268 218 256 248 275 278 274 241 276 229 
 72: 241 255 254 231 278 300 244 285 242 239 225 252 272 281 240 282 276 290 257 273 250 221 267 233 245 295 293 228 288 260 220 226 224 275 248 258 246 256 259 286 243 291 227 237 234 263 292 236 271 265 230 223 232 229 284 219 289 222 261 283 235 264 238 218 268 277 262 287 247 249 251 270 
 70: 272 285 267 232 259 287 268 248 265 253 249 273 278 279 225 280 220 275 290 239 235 218 257 263 250 295 240 281 228 260 266 236 283 231 217 238 276 288 241 251 292 291 262 289 255 269 256 223 286 300 226 221 271 230 284 222 237 264 282 277 227 252 258 219 254 224 246 242 233 261 
 66: 271 288 243 274 217 275 268 246 283 245 280 219 231 234 218 227 284 223 278 229 235 250 273 286 279 265 262 260 255 249 276 257 272 251 252 222 226 277 242 225 295 291 254 241 247 293 230 300 267 259 240 292 233 253 238 256 281 236 239 221 244 269 264 258 285 220 
 78: 287 220 237 291 285 240 235 225 280 289 223 260 226 267 218 272 266 277 283 286 217 232 244 224 230 263 249 271 261 254 265 250 229 245 227 251 233 262 248 273 295 246 284 275 281 243 279 282 258 268 234 256 239 241 288 269 300 255 270 293 292 278 290 257 231 236 242 238 253 247 264 252 222 274 221 276 259 219 
 68: 235 248 286 283 234 284 287 261 271 243 244 220 230 228 264 275 250 237 293 224 232 256 273 233 221 280 251 290 245 259 272 269 289 242 274 282 231 225 263 278 260 254 258 238 227 229 276 288 268 252 295 266 277 222 247 239 267 292 249 285 217 257 246 262 241 236 223 253 
 69: 278 236 244 246 284 262 248 270 243 252 235 261 274 295 290 228 259 264 273 256 281 218 257 253 289 251 260 288 217 231 220 258 277 223 241 286 272 282 226 242 237 224 232 230 285 269 263 276 279 219 233 287 265 255 293 222 229 225 250 240 292 239 221 267 271 283 234 280 227 
 65: 279 229 251 225 263 238 221 293 227 237 288 290 266 265 244 273 243 269 262 222 284 246 235 280 275 236 224 281 292 291 277 267 271 241 239 230 218 295 232 254 276 219 274 258 223 255 256 268 272 248 257 220 270 249 217 242 260 289 233 231 234 228 252 253 278 
 65: 217 232 247 265 242 235 289 269 245 219 267 255 218 273 228 229 241 254 233 260 264 240 270 290 237 288 257 292 222 268 261 239 283 250 243 295 266 234 291 248 252 258 259 231 251 272 293 279 284 224 221 300 276 286 278 280 246 271 285 287 236 249 262 281 253 
 76: 247 235 274 258 224 276 217 257 231 220 264 219 268 271 232 282 255 244 223 234 253 249 284 272 281 250 283 229 262 252 236 239 273 227 241 248 295 270 269 259 300 242 243 261 265 266 225 277 293 226 285 245 288 290 263 230 260 233 280 254 286 222 267 237 256 246 287 251 289 221 279 291 238 275 240 278 
 75: 274 262 253 278 228 279 219 276 226 271 246 220 292 235 244 237 288 234 284 236 254 231 241 283 256 258 282 242 290 275 238 240 218 272 221 273 225 268 255 300 264 248 227 249 250 260 261 269 245 243 270 223 224 280 251 233 217 277 289 222 263 252 266 291 229 295 281 293 259 239 247 287 285 267 265 
 79: 271 223 284 272 274 263 282 224 286 269 240 233 290 275 253 218 239 265 256 259 300 246 278 248 277 264 270 283 268 287 242 267 276 247 226 227 252 249 288 243 221 254 261 217 289 262 245 231 229 236 232 220 228 219 295 250 266 257 251 234 237 222 291 241 235 292 230 260 244 258 285 255 279 293 273 238 225 281 280 
 66: 266 221 273 233 282 283 291 227 261 251 254 240 257 281 250 292 295 253 245 237 256 289 263 270 243 285 229 275 230 265 249 218 269 276 277 220 231 223 234 290 241 293 255 239 238 274 259 300 268 252 272 258 246 248 247 244 271 228 226 286 222 260 279 264 284 278 
 63: 290 239 246 218 231 242 281 268 236 226 280 244 283 241 221 288 230 229 284 252 273 274 235 234 225 264 238 243 275 278 263 251 237 255 276 228 261 259 286 227 256 279 248 293 292 270 223 271 220 265 250 247 240 267 269 272 217 233 260 232 289 224 277 
 62: 281 294 273 239 298 247 258 287 261 300 299 248 274 309 260 297 302 276 282 241 310 289 292 267 308 288 295 244 245 307 280 255 254 265 304 278 249 293 303 240 277 284 269 242 246 279 296 250 272 291 253 268 263 262 275 256 286 290 251 305 257 306 
 72: 249 274 299 239 283 279 298 294 248 252 262 256 243 268 292 251 301 263 286 261 302 297 291 281 240 241 300 267 242 288 246 244 282 278 284 280 259 309 276 275 255 308 304 285 247 269 290 271 258 245 287 277 264 296 295 260 253 289 303 254 270 257 273 310 250 306 307 272 265 293 305 266 
 59: 248 299 272 300 278 301 284 303 292 290 282 304 264 274 296 283 280 295 271 310 242 285 277 276 258 254 273 244 257 265 287 239 252 297 260 302 250 245 261 240 306 243 293 281 256 289 308 255 269 298 288 305 246 249 294 279 286 309 241 
 55: 284 246 260 305 297 248 283 292 252 278 266 258 301 310 287 296 261 249 256 269 286 285 244 242 275 302 289 281 268 262 300 299 239 263 241 259 265 251 298 255 254 304 257 288 267 274 303 307 273 308 282 280 294 271 277 
 72: 244 243 275 242 273 310 246 255 289 272 301 265 296 260 306 276 298 278 288 284 297 307 250 292 309 279 249 291 286 283 308 274 258 269 287 257 252 280 261 293 295 305 259 241 240 300 299 245 285 239 281 303 304 247 277 256 264 302 262 271 290 248 251 254 253 267 263 282 268 266 294 270 
 55: 289 288 250 278 267 282 303 293 277 258 263 261 284 270 308 266 296 302 286 264 259 272 294 291 276 305 280 247 241 269 254 310 251 255 271 256 283 306 249 253 248 300 242 268 304 246 279 290 295 301 243 260 297 244 262 
 65: 270 262 284 258 272 239 291 290 310 287 240 303 268 308 247 271 278 253 286 304 299 301 279 261 260 281 305 265 295 254 273 309 249 241 252 264 269 283 294 296 298 300 293 243 251 297 263 250 306 242 245 274 307 259 280 246 289 257 288 256 277 275 248 276 292 
 55: 254 256 264 298 244 268 279 287 297 286 277 262 290 267 295 274 285 272 270 303 284 306 300 240 263 247 271 301 250 245 255 260 257 239 304 269 308 276 241 251 265 280 296 248 278 246 294 307 302 282 259 275 299 310 242 
 60: 251 286 253 240 265 293 295 272 283 263 275 285 262 284 270 247 297 310 280 260 290 288 287 289 246 257 250 306 291 304 276 239 301 264 266 302 261 243 308 249 298 281 254 241 305 277 303 259 269 273 248 278 274 307 296 267 279 271 252 256 
 61: 245 257 274 307 261 242 303 282 275 270 289 273 244 240 299 249 281 310 239 283 287 276 263 256 294 297 278 292 298 290 255 288 277 291 268 285 306 284 250 271 265 248 243 296 308 266 260 258 293 251 286 254 259 304 309 295 252 272 264 301 269 
 70: 284 271 269 242 293 252 239 286 295 309 264 248 246 249 281 282 256 310 270 292 244 299 240 253 297 278 306 300 258 274 290 301 279 285 257 262 283 298 263 251 273 260 288 267 291 302 268 308 304 303 272 241 250 266 294 307 280 275 245 305 255 296 261 276 259 247 265 287 289 243 
 72: 258 263 241 291 272 303 305 253 293 279 257 245 296 239 265 285 275 276 299 266 297 252 261 287 277 278 262 290 259 302 286 256 300 250 270 273 274 264 292 294 243 268 247 283 281 288 308 295 310 298 282 248 306 249 251 267 255 244 242 284 269 301 260 254 304 309 271 280 246 240 307 289 
 55: 305 246 286 295 276 265 287 300 239 270 302 275 294 240 245 282 255 297 259 272 288 293 292 273 277 263 280 290 285 284 274 304 267 250 260 251 253 308 296 289 310 244 261 306 264 252 303 266 258 278 291 298 283 257 309 
 57: 305 300 279 302 258 260 294 270 297 281 269 301 292 288 293 259 310 242 299 257 274 306 244 249 275 296 276 248 243 261 245 251 262 273 291 285 298 280 265 308 295 266 267 284 252 283 271 241 304 247 282 307 263 290 240 255 287 
 54: 239 246 284 249 248 287 309 241 298 279 263 295 240 304 254 283 299 285 296 261 251 289 281 256 290 242 293 247 266 270 300 253 275 271 257 260 305 244 282 276 269 306 297 307 259 308 273 255 310 292 277 268 264 280 
 72: 268 273 275 298 292 308 281 293 270 285 247 291 246 290 254 271 278 241 266 265 279 302 272 300 286 245 253 307 277 276 287 296 309 244 283 274 295 304 269 240 305 239 255 248 299 261 257 252 259 256 289 284 260 303 267 258 243 310 297 249 301 262 242 294 288 282 263 280 264 251 306 250 
 64: 272 271 295 298 293 268 276 292 284 265 281 299 289 277 288 287 240 260 255 286 296 301 250 252 249 310 242 285 304 248 282 261 257 278 262 246 243 274 283 269 270 239 305 297 308 309 256 306 300 302 258 251 263 279 244 259 247 266 290 241 303 245 275 294 
 67: 241 281 253 268 248 295 279 254 250 251 296 291 255 246 290 282 245 260 305 304 299 274 288 286 263 297 261 277 298 247 284 289 303 264 301 280 258 300 252 278 270 309 240 243 302 266 283 293 257 242 244 272 256 269 294 239 276 275 307 308 267 259 271 262 310 265 306 
 64: 263 248 246 272 298 275 266 253 295 273 294 305 251 288 296 306 302 292 286 297 242 308 241 250 270 265 285 283 260 278 257 293 284 309 307 256 247 279 280 271 304 269 259 301 281 289 310 240 239 244 258 249 300 254 277 303 299 287 262 290 274 276 268 243 
 57: 300 278 305 252 307 293 284 242 270 250 268 253 261 259 298 256 272 255 279 246 276 248 310 251 247 240 275 243 299 254 302 267 274 306 290 297 281 264 263 292 241 239 287 285 282 269 265 260 291 244 295 262 286 266 258 289 277 
 70: 296 261 255 282 242 288 281 278 240 247 305 264 239 295 257 241 303 301 254 253 304 290 291 279 274 286 283 256 277 245 275 246 272 309 280 294 266 265 269 262 260 258 276 243 270 298 300 284 249 302 287 248 299 292 251 293 307 308 289 273 259 310 271 250 306 263 297 285 267 244 
 67: 278 252 286 297 285 256 262 304 255 305 275 266 283 250 239 308 242 245 277 259 246 289 241 267 294 300 254 301 276 258 299 292 279 298 271 303 293 307 268 251 243 295 288 257 264 247 272 290 269 274 281 240 306 244 270 265 291 248 287 309 253 263 280 261 284 310 296 
 67: 277 298 285 249 308 256 279 265 310 289 268 255 269 266 291 264 251 240 301 262 297 260 302 246 300 271 242 275 282 293 306 261 263 241 267 273 276 250 292 283 270 296 274 309 290 239 286 257 278 243 307 252 258 294 288 272 295 254 253 245 248 281 247 305 287 284 304 
 67: 295 291 309 280 286 267 274 255 258 251 253 266 281 308 290 298 261 249 275 292 250 243 257 296 278 302 262 268 271 244 260 239 282 305 300 245 248 310 242 270 307 241 284 240 301 287 289 277 256 293 252 297 269 247 254 273 303 276 259 279 285 263 288 283 306 265 299 
 72: 287 241 273 261 275 302 248 294 298 242 300 246 255 307 272 305 303 286 299 280 295 296 297 239 267 266 301 258 247 240 254 243 283 277 253 244 281 282 291 292 249 263 251 293 250 308 289 271 245 268 252 310 304 260 278 306 265 274 270 257 284 290 256 288 259 276 309 285 279 262 269 264 
 62: 264 296 259 253 249 299 292 295 270 241 274 261 246 251 307 288 300 263 306 286 278 245 297 279 283 267 258 285 269 265 240 272 250 281 308 247 260 243 289 239 282 302 304 305 256 275 291 293 271 284 262 287 276 255 290 310 298 257 277 268 244 294 
