# Data generated from a SDPTSP-E instance solved in two phases
# nbTasks=228, nbWorkers=164
# Random number generator seed = 0
Type = 1
Jobs = 228
 360 415
 371 456
 373 444
 376 480
 378 459
 394 447
 397 426
 409 525
 427 462
 454 517
 457 509
 462 554
 467 548
 470 551
 476 573
 478 545
 480 536
 484 560
 488 570
 488 595
 492 549
 496 563
 508 563
 512 592
 512 607
 517 628
 517 633
 519 571
 528 557
 532 646
 533 584
 539 651
 543 577
 550 594
 552 634
 562 616
 570 615
 570 681
 573 622
 576 641
 581 630
 584 649
 592 636
 599 689
 600 649
 606 645
 608 720
 608 726
 610 678
 614 658
 622 680
 623 693
 626 679
 631 663
 631 732
 635 699
 638 684
 641 723
 641 758
 643 738
 645 749
 650 692
 651 739
 660 703
 662 751
 662 753
 671 771
 673 788
 675 789
 676 770
 677 742
 681 722
 685 722
 689 774
 690 778
 697 787
 709 827
 711 768
 714 779
 714 817
 719 838
 720 839
 728 832
 730 827
 731 847
 732 840
 733 793
 742 798
 745 804
 745 839
 747 813
 748 852
 756 844
 759 783
 767 798
 778 821
 778 856
 779 828
 791 865
 792 827
 800 874
 812 838
 835 899
 849 916
 849 958
 879 952
 882 946
 887 934
 887 958
 889 1008
 896 949
 899 946
 902 1011
 943 1036
 954 1073
 960 1070
 970 1062
 984 1073
 995 1108
 1000 1103
 1015 1104
 1016 1075
 1021 1088
 1023 1134
 1025 1135
 1035 1105
 1036 1113
 1042 1153
 1044 1132
 1055 1105
 1056 1147
 1071 1152
 1081 1150
 1082 1107
 1086 1165
 1088 1197
 1090 1195
 1107 1203
 1120 1162
 1141 1242
 1147 1258
 1173 1198
 1178 1232
 1181 1241
 1184 1296
 1192 1269
 1198 1313
 1201 1251
 1205 1281
 1212 1325
 1221 1288
 1233 1315
 1245 1324
 1247 1330
 1274 1319
 1295 1414
 1319 1437
 1325 1431
 1326 1366
 1329 1448
 1330 1353
 1340 1423
 1348 1465
 1351 1436
 1354 1400
 1364 1436
 1394 1446
 1399 1513
 1411 1501
 1417 1488
 1439 1519
 1443 1513
 1443 1557
 1446 1482
 1448 1546
 1448 1546
 1452 1487
 1460 1554
 1461 1533
 1463 1582
 1466 1490
 1482 1513
 1486 1546
 1526 1621
 1529 1579
 1534 1651
 1540 1555
 1550 1665
 1551 1670
 1552 1668
 1555 1664
 1559 1674
 1560 1598
 1589 1675
 1594 1673
 1595 1692
 1598 1676
 1617 1722
 1622 1729
 1642 1753
 1643 1729
 1643 1760
 1653 1729
 1659 1712
 1661 1720
 1671 1756
 1673 1783
 1679 1780
 1680 1729
 1683 1800
 1701 1770
 1710 1761
 1717 1788
 1718 1768
 1720 1834
 1721 1837
 1733 1830
 1752 1771
 1756 1868
 1763 1847
 1774 1869
 1774 1887
 1775 1861
 1785 1866
 1788 1906
 1811 1896
 1817 1901
 1837 1866
Qualifications = 164
 85: 10 25 94 9 5 1 65 55 11 15 7 46 81 38 49 69 56 29 71 89 52 74 20 8 62 67 66 82 76 77 45 37 90 87 21 34 79 3 57 88 51 58 64 13 22 83 95 54 80 85 12 26 43 50 19 75 6 39 28 42 2 72 31 86 59 41 35 68 47 17 36 99 4 53 14 48 61 97 18 30 101 33 73 24 23 
 77: 17 27 8 59 22 68 39 41 34 20 62 54 101 37 25 69 26 80 74 16 18 65 31 0 89 40 21 23 95 12 70 7 4 58 72 52 47 49 13 10 61 35 44 56 6 5 75 93 67 60 55 81 19 42 29 76 24 43 33 11 83 85 51 87 88 73 3 97 78 48 66 71 64 77 9 1 36 
 90: 56 97 26 43 1 95 52 89 39 81 13 83 29 74 16 63 80 30 99 82 32 46 8 85 62 35 67 17 55 48 34 28 38 93 5 101 86 40 22 73 68 66 20 69 42 12 77 14 27 25 78 19 7 59 33 57 6 49 18 60 0 23 58 37 47 65 3 2 94 36 44 61 31 24 75 88 53 51 72 54 64 21 41 11 15 90 9 50 70 87 
 80: 24 54 55 26 62 82 68 52 60 25 94 15 6 77 45 85 19 95 58 81 72 88 70 63 29 73 2 28 41 7 42 99 65 36 22 89 76 3 67 57 10 17 69 13 39 11 20 64 79 86 12 32 9 50 93 53 16 4 1 18 30 80 33 61 40 27 38 37 35 14 5 43 0 74 87 66 34 49 44 47 
 95: 48 8 70 15 69 90 38 47 50 26 64 7 32 24 41 97 63 13 88 4 25 29 78 65 55 60 43 71 9 52 62 79 85 16 33 74 76 67 35 49 10 56 3 1 18 68 36 23 40 51 5 21 93 46 0 19 28 20 34 22 83 66 54 44 14 59 17 81 53 39 73 6 61 99 101 72 58 11 77 31 27 45 82 75 87 57 42 95 12 2 94 30 80 37 86 
 73: 40 29 72 81 83 87 36 6 27 8 17 23 26 38 63 55 21 94 62 80 37 77 64 33 14 58 75 52 65 19 46 53 1 61 49 54 20 78 101 57 41 7 99 2 22 73 39 3 85 90 34 56 4 50 82 70 69 13 74 45 79 76 93 18 15 89 68 16 30 71 48 12 31 
 77: 25 62 55 47 81 82 95 24 46 101 57 41 5 2 58 9 66 48 85 42 63 75 20 12 37 53 39 18 94 49 72 89 4 38 1 50 16 22 74 88 19 17 52 70 14 67 79 93 71 43 80 90 28 3 15 7 30 83 78 31 34 86 35 76 87 27 45 97 65 44 21 33 23 73 29 60 11 
 93: 95 38 94 89 3 65 74 20 16 69 82 39 52 66 37 22 73 51 77 13 49 50 36 19 0 97 67 101 15 28 72 35 46 29 81 45 63 10 1 78 17 7 99 86 4 48 75 6 18 54 90 70 30 9 93 87 43 47 27 31 80 53 55 14 11 32 58 85 88 62 25 68 56 76 60 42 24 33 5 79 61 26 83 44 59 40 41 2 64 21 34 57 12 
 88: 37 18 28 82 78 74 81 70 38 49 46 5 89 0 15 17 73 88 54 99 16 20 56 7 12 29 4 48 86 30 59 40 61 22 47 71 60 9 1 19 35 50 94 10 95 76 11 87 85 27 62 2 80 64 3 25 55 31 26 72 45 24 68 58 75 43 36 21 52 69 93 90 42 83 13 8 51 33 14 101 32 6 23 77 34 79 39 53 
 92: 52 40 77 41 76 6 42 33 66 50 99 65 35 54 83 79 47 15 78 36 27 2 101 72 97 59 17 24 14 37 68 89 13 86 69 25 62 43 20 49 73 34 22 61 70 63 74 93 12 75 11 8 55 46 58 4 94 88 1 5 10 29 82 57 16 21 90 26 67 56 31 32 48 38 87 95 28 23 19 30 9 45 0 64 81 60 53 85 71 51 80 44 
 80: 58 88 99 13 35 45 90 73 76 86 52 94 68 34 72 11 5 16 50 22 30 43 78 44 27 8 46 18 20 89 6 9 32 33 77 60 87 10 15 85 1 101 71 40 39 4 2 47 81 36 66 70 83 29 93 54 67 64 65 55 24 56 95 79 14 19 74 12 41 80 37 26 42 28 59 82 51 7 3 53 
 76: 30 28 6 44 45 25 1 27 69 80 86 54 52 68 53 63 62 35 82 19 90 33 26 20 23 56 37 49 38 99 50 67 15 17 58 47 18 4 76 81 60 72 10 31 70 11 59 12 87 89 85 39 78 29 21 64 101 16 51 5 8 93 13 48 0 97 73 79 22 46 40 14 42 75 66 41 
 87: 19 2 81 85 10 69 23 68 7 58 26 35 33 87 53 34 73 70 63 32 49 101 52 86 14 15 44 36 54 94 60 78 13 95 97 76 28 83 65 66 29 61 56 6 12 90 57 40 24 25 89 46 75 43 82 80 27 4 79 22 45 77 50 59 20 72 16 93 47 99 37 41 51 74 1 64 42 18 3 5 11 67 30 38 62 9 0 
 95: 83 75 59 14 73 28 24 95 97 79 81 89 21 46 7 27 80 48 23 30 40 55 11 32 31 77 25 12 63 88 53 90 16 13 5 10 42 67 4 74 49 61 56 64 72 0 94 85 36 37 60 26 68 17 2 101 8 19 62 76 9 1 35 29 15 71 41 57 34 93 82 3 70 65 52 51 43 33 69 58 86 87 50 66 78 44 18 6 47 99 38 22 45 39 54 
 88: 25 24 32 28 18 93 29 34 72 44 57 54 27 56 36 42 71 43 37 31 68 85 7 46 73 10 39 30 61 78 75 38 70 83 23 12 62 53 48 79 9 0 86 1 6 80 65 26 69 51 63 94 88 95 77 66 60 2 74 13 16 21 49 15 81 58 55 4 87 8 19 89 14 52 40 47 33 35 64 97 99 17 67 22 20 11 90 50 
 79: 85 31 23 53 55 54 14 79 44 76 45 78 0 87 56 99 75 16 83 10 50 71 1 93 4 20 61 74 62 25 30 42 39 63 59 81 66 82 26 97 7 67 88 3 34 9 57 6 51 18 80 11 13 15 21 73 86 33 72 24 68 41 2 43 65 40 29 94 5 60 28 22 46 38 69 90 77 48 8 
 95: 40 76 81 54 85 1 36 57 4 25 97 42 38 13 20 61 48 27 0 16 18 7 83 14 30 70 87 73 35 39 11 29 8 99 62 3 15 32 34 43 9 37 5 79 63 26 17 53 28 10 12 6 65 95 88 52 94 55 74 86 75 47 56 66 49 44 31 2 21 72 41 67 71 24 64 46 23 19 60 77 69 101 51 59 50 89 90 93 78 22 45 68 33 58 80 
 89: 64 39 43 57 62 68 60 67 48 47 18 33 44 11 66 21 6 36 85 72 76 70 54 32 80 63 5 24 87 53 46 40 0 89 88 23 42 65 55 101 97 4 82 52 16 29 19 78 71 22 15 56 3 94 75 58 35 99 83 69 20 41 1 81 50 12 51 25 93 74 8 2 13 7 37 95 77 9 31 86 10 14 30 79 26 28 73 17 59 
 78: 40 0 3 55 33 58 1 97 34 65 75 68 11 69 62 9 41 38 67 79 99 26 27 81 57 14 24 63 30 77 37 2 101 35 50 16 90 53 86 64 31 29 87 83 32 49 80 82 48 88 59 22 95 19 76 52 44 25 78 28 54 93 20 47 17 43 56 72 13 94 60 7 23 10 46 74 36 4 
 72: 27 25 35 85 89 52 39 86 9 34 58 74 36 6 54 87 47 41 45 51 57 88 18 30 50 8 83 61 23 28 13 65 44 97 68 73 76 21 82 62 46 0 20 66 63 59 64 78 93 72 11 4 60 38 17 16 99 79 12 15 49 71 81 94 24 29 53 70 19 67 2 56 
 90: 22 12 89 70 93 46 57 8 19 45 69 13 42 73 43 67 80 27 41 0 31 71 83 72 21 87 68 25 28 11 90 56 61 39 64 99 78 74 38 26 30 23 77 7 66 75 33 15 3 97 20 35 44 4 59 24 36 62 32 29 51 48 16 63 10 85 52 18 60 81 37 34 17 58 47 53 65 40 88 79 49 9 5 1 101 14 55 86 95 2 
 95: 12 75 47 58 38 41 29 42 19 4 69 101 28 80 36 24 94 7 63 50 59 68 97 17 74 51 33 66 70 2 93 73 23 40 82 10 76 89 62 60 22 45 44 8 21 95 46 0 79 18 65 54 16 67 31 5 61 86 1 77 32 30 25 49 14 3 20 6 90 35 78 57 11 85 81 83 87 13 56 48 72 43 53 64 27 52 39 71 15 55 34 26 37 9 99 
 86: 14 17 80 61 51 65 68 94 10 99 50 40 55 72 42 2 56 9 16 87 83 31 66 36 73 3 93 46 90 29 58 63 27 13 32 4 35 38 54 23 95 22 0 33 24 48 19 34 59 89 37 53 74 82 71 76 26 41 1 45 21 67 70 86 60 79 20 15 64 6 11 12 88 97 85 78 101 75 30 28 8 49 47 52 18 25 
 82: 3 70 88 89 93 67 60 28 39 76 12 16 0 80 63 1 22 7 25 42 87 81 14 95 2 51 57 69 48 82 75 77 20 29 24 31 4 78 68 73 79 52 61 21 49 32 27 33 15 40 86 50 6 5 19 37 13 35 99 74 56 44 97 47 8 46 23 65 36 64 34 101 83 9 59 90 30 58 45 54 94 10 
 90: 52 81 75 9 61 5 27 87 86 41 18 15 95 3 71 70 54 29 55 82 73 72 47 37 8 32 25 28 85 74 0 2 36 14 22 50 56 12 51 26 39 34 83 43 53 68 17 35 11 38 94 90 24 7 62 99 33 79 19 30 60 93 66 48 44 21 97 10 64 40 80 101 78 1 77 45 23 31 6 20 59 67 89 57 65 88 58 69 49 13 
 78: 19 8 57 9 21 5 32 87 99 78 44 50 42 79 76 22 46 59 97 33 69 34 31 64 68 29 71 63 65 56 43 14 67 83 89 13 30 25 73 37 95 6 93 70 47 16 2 20 10 38 90 60 75 52 26 4 54 39 23 7 61 41 88 101 58 28 27 82 15 49 1 72 77 0 3 48 51 17 
 74: 19 70 86 26 28 24 30 52 67 97 7 66 56 38 14 55 6 48 31 12 36 20 3 93 64 42 69 18 72 1 44 10 49 9 11 61 32 54 4 13 2 34 57 77 43 68 76 33 80 89 87 82 5 35 15 22 27 25 59 51 94 101 29 62 85 41 39 63 71 40 21 17 99 16 
 73: 15 34 22 59 11 23 65 89 29 95 27 49 0 8 32 99 87 55 69 40 25 36 45 94 12 35 47 41 57 85 67 63 2 51 83 30 61 68 5 7 101 62 48 43 42 75 10 60 80 24 46 76 82 17 21 64 38 52 6 50 56 70 77 81 9 88 16 73 19 3 66 14 53 
 74: 34 99 80 63 75 52 71 51 18 36 22 101 53 14 9 28 69 16 37 93 33 95 48 42 85 46 82 97 50 64 5 7 70 65 8 30 88 2 23 54 40 66 4 58 83 19 73 89 49 68 55 77 17 61 90 47 3 11 15 72 1 59 32 10 35 27 20 29 45 31 79 60 74 94 
 88: 10 31 44 40 89 59 4 72 19 3 63 99 77 23 8 76 33 68 22 46 52 26 80 66 55 35 50 15 30 64 36 37 11 47 29 93 82 27 32 9 60 81 70 38 54 97 94 24 61 101 17 79 75 56 39 62 78 34 74 28 85 25 87 16 12 73 18 2 86 43 20 42 49 5 1 53 69 13 67 95 21 58 48 83 90 57 71 7 
 74: 87 19 5 4 49 16 67 26 85 18 81 6 74 35 33 48 28 57 61 44 42 12 2 38 43 52 32 97 56 9 29 15 46 0 37 13 20 23 75 95 68 53 17 77 79 10 70 90 50 58 99 7 40 78 64 73 72 89 30 88 82 3 93 31 47 25 62 86 80 36 14 11 94 1 
 91: 59 61 60 4 99 6 55 90 2 30 38 35 49 8 78 13 34 36 24 1 75 97 19 45 88 7 87 3 58 65 17 63 42 41 18 67 27 31 37 40 15 54 69 47 21 79 101 80 57 12 11 16 93 10 74 73 22 39 94 71 85 14 25 9 76 53 66 89 62 52 28 23 64 50 44 32 86 82 48 68 43 46 81 83 26 20 77 70 33 95 51 
 95: 88 13 31 44 8 56 20 57 9 43 52 40 1 64 45 35 90 23 22 71 10 74 58 101 3 4 86 99 81 30 34 83 82 54 53 14 89 29 95 77 69 41 78 61 28 55 39 59 65 7 6 68 62 76 63 25 18 5 16 19 32 94 37 21 47 72 2 36 48 93 73 79 15 50 87 42 24 70 17 75 27 85 38 33 67 97 0 80 49 46 60 11 66 51 26 
 92: 65 19 20 30 8 80 2 69 44 78 32 90 62 76 55 26 3 22 34 45 95 82 29 47 64 85 5 59 40 70 61 17 6 93 37 57 13 68 101 43 74 89 75 12 41 97 54 46 35 42 27 38 79 99 23 18 36 0 48 4 28 56 60 24 81 87 94 51 7 58 50 72 83 25 10 73 52 88 67 49 77 66 86 53 9 39 11 14 71 33 16 63 
 89: 56 53 9 76 89 86 49 77 15 19 10 99 78 14 23 21 31 43 61 54 58 88 59 5 4 67 40 87 16 90 81 93 70 47 72 25 80 41 42 34 29 46 2 63 24 35 37 30 33 65 6 13 0 57 69 51 75 64 7 26 85 12 62 8 50 95 17 11 28 45 82 68 71 3 74 38 48 44 73 27 83 36 52 18 97 60 66 1 32 
 72: 77 87 34 20 0 17 76 1 26 50 9 93 59 86 62 73 51 39 68 57 83 48 14 2 27 60 71 101 47 74 10 54 49 36 13 58 45 95 88 30 43 38 19 67 16 78 94 55 31 52 18 32 80 21 5 81 61 12 89 40 11 3 35 72 4 82 99 15 42 53 56 97 
 88: 88 79 45 93 25 44 46 56 111 40 30 104 50 24 41 78 57 22 74 31 73 97 107 70 80 110 86 108 87 75 96 52 102 53 42 29 36 55 89 82 61 60 38 101 37 20 67 85 49 68 92 77 32 27 98 33 99 26 17 21 64 90 81 66 62 16 19 59 39 58 84 34 94 106 91 69 83 48 71 43 28 100 23 35 54 65 63 18 
 77: 83 101 65 77 95 88 110 34 59 62 82 75 79 25 103 85 106 26 111 94 17 69 24 48 98 80 45 74 58 21 20 68 91 71 44 50 22 40 104 96 76 47 33 39 72 18 86 36 56 73 54 92 42 23 90 100 32 37 61 51 49 31 53 30 89 29 52 57 38 19 28 27 63 35 108 107 41 
 76: 36 39 21 91 24 22 87 101 46 34 23 67 16 62 100 68 93 108 61 105 58 31 33 72 70 92 99 57 53 80 82 90 89 35 76 47 29 38 106 69 64 42 51 27 52 97 59 37 74 56 49 107 30 50 20 18 40 19 71 65 78 79 110 45 98 102 88 32 48 17 60 103 66 77 73 55 
 83: 78 86 58 69 94 64 84 52 70 90 110 111 97 57 107 89 99 53 95 108 72 50 39 54 96 88 79 45 27 24 46 18 87 32 29 49 75 38 63 35 101 80 66 77 16 67 92 60 59 71 73 41 21 65 36 56 34 82 47 100 43 98 51 55 37 40 93 33 22 104 102 28 81 31 61 44 17 103 20 106 30 48 62 
 81: 43 95 90 31 56 64 46 29 37 107 83 23 105 94 39 59 36 34 32 18 69 53 87 51 19 100 103 60 62 49 67 33 38 65 108 111 17 106 54 26 45 110 52 41 44 30 63 78 93 40 77 79 86 98 89 92 21 16 20 71 48 70 72 28 88 81 73 97 76 74 75 91 80 27 24 96 58 85 102 57 84 
 78: 81 94 24 22 26 102 21 83 34 28 30 29 39 101 91 16 69 58 67 82 95 36 47 42 53 86 100 23 96 88 27 43 44 62 35 18 41 71 78 92 111 48 55 60 105 73 106 37 61 75 56 103 84 85 72 32 46 80 76 52 98 49 66 59 77 38 17 57 19 90 54 99 79 70 50 93 87 20 
 79: 64 23 59 95 108 30 102 36 46 103 83 107 69 47 62 90 81 56 111 79 57 32 50 42 49 35 16 41 63 67 61 39 60 68 25 70 110 96 97 65 89 48 55 27 33 43 92 53 21 22 58 38 74 101 51 34 91 29 45 87 80 73 104 52 18 93 44 26 28 19 105 75 66 20 31 37 94 72 78 
 75: 79 30 65 48 75 87 68 108 92 77 42 36 35 97 81 91 67 53 103 110 47 22 101 16 83 34 82 33 98 61 106 74 64 80 89 59 28 27 107 57 66 60 73 72 63 20 84 18 46 21 88 86 94 19 45 41 99 78 54 40 105 39 85 55 51 29 102 44 90 104 49 50 26 71 56 
 75: 80 101 87 96 24 17 90 42 91 97 104 41 69 76 92 26 110 18 89 19 32 58 81 88 99 27 85 61 67 98 82 36 83 37 46 25 68 111 71 100 75 28 43 78 56 107 33 74 94 34 77 31 20 51 48 23 49 38 95 72 73 93 22 70 50 64 102 53 59 54 108 62 44 47 29 
 87: 23 58 44 49 89 21 65 31 16 97 26 107 72 111 40 106 94 54 78 103 41 22 48 105 18 69 80 86 64 34 53 35 43 85 29 101 28 90 91 24 47 55 52 37 68 100 102 74 83 63 66 75 57 77 19 67 62 39 38 71 42 108 92 110 98 36 25 27 96 82 93 33 59 30 32 46 60 81 17 88 84 99 79 50 70 45 87 
 85: 110 78 27 104 67 100 59 55 24 31 16 97 56 54 52 105 48 60 22 29 108 69 20 41 18 89 99 23 35 79 94 111 101 81 96 19 93 28 82 47 74 73 102 50 63 49 36 83 103 87 65 70 32 58 90 77 92 95 51 30 25 33 66 88 17 91 76 46 85 45 38 43 57 40 71 75 42 34 98 68 106 39 37 84 44 
 86: 84 51 99 68 39 36 104 65 45 88 24 42 83 41 69 63 57 43 18 74 61 91 46 22 90 17 38 27 26 96 32 58 37 102 52 16 50 87 23 101 78 34 93 111 60 25 47 33 56 20 66 97 75 92 105 98 85 80 82 71 100 21 48 103 64 29 53 108 19 62 94 70 77 106 55 31 44 81 79 89 72 40 110 86 59 107 
 79: 108 90 103 111 56 99 46 26 54 17 94 72 75 86 102 81 89 87 76 59 48 57 34 93 105 106 66 80 65 74 104 51 30 32 84 24 100 58 23 37 95 77 73 62 96 53 88 83 31 44 42 68 70 21 20 61 71 50 18 55 92 49 97 36 85 22 39 27 67 47 78 16 91 35 29 79 19 33 41 
 85: 99 108 56 72 47 48 79 69 50 26 28 34 62 16 63 57 88 100 27 61 71 37 51 91 64 73 19 55 53 33 102 76 23 32 59 38 82 25 101 95 31 85 29 46 77 92 103 107 84 96 60 86 67 41 89 97 90 87 75 104 65 81 54 35 106 22 40 58 52 83 18 80 17 39 68 98 45 24 43 20 44 36 78 93 66 
 95: 77 56 23 28 80 48 32 92 102 53 62 65 75 36 107 94 84 110 34 79 72 19 20 111 98 78 108 105 97 47 73 16 103 46 17 70 30 85 22 57 90 68 83 51 27 61 41 93 49 101 39 52 55 21 88 104 25 81 100 24 99 71 74 64 66 38 43 44 76 89 63 54 29 67 33 95 60 96 87 91 31 37 40 50 42 45 86 59 26 106 58 18 35 82 69 
 87: 111 81 35 38 39 98 102 16 44 64 94 95 28 70 86 20 103 33 66 92 73 67 108 46 78 69 51 50 63 47 104 82 41 87 101 91 93 110 107 25 88 100 60 89 62 96 40 90 31 48 32 79 27 21 58 68 55 26 75 23 22 34 53 37 42 76 45 17 80 105 29 83 54 36 19 59 61 72 71 77 84 43 57 74 65 30 49 
 93: 33 22 44 43 97 62 30 85 76 17 35 51 107 102 66 69 63 48 98 24 94 88 46 74 80 78 96 58 29 28 83 79 68 84 65 49 36 38 95 70 45 39 93 25 26 64 40 86 81 55 31 91 21 106 77 111 99 34 20 89 42 104 110 103 16 18 47 59 71 19 50 67 56 105 82 73 52 75 100 101 27 90 108 41 54 57 23 60 37 32 87 92 53 
 74: 99 77 65 37 46 50 71 25 32 62 72 17 75 69 24 58 82 74 88 87 68 60 64 52 23 19 110 55 111 98 97 107 54 101 33 104 90 22 78 51 36 56 26 47 102 70 106 66 100 42 27 108 29 18 45 48 38 103 95 80 86 21 61 73 35 28 57 43 34 31 89 93 96 83 
 85: 33 93 96 97 103 78 89 51 71 67 61 104 70 16 18 58 64 85 81 24 32 69 42 44 84 30 28 54 52 75 40 27 87 101 34 88 56 47 19 39 22 98 37 20 17 90 74 107 46 94 79 95 48 38 80 110 65 82 108 106 100 29 31 41 21 43 92 73 76 99 25 55 23 86 91 59 50 60 45 53 102 36 66 77 35 
 73: 32 82 108 37 51 42 110 35 100 90 57 84 72 52 44 45 24 80 25 76 23 40 85 59 16 31 73 68 21 71 66 70 39 54 102 56 107 38 49 67 88 26 47 98 81 79 77 91 86 43 83 46 29 28 101 64 18 106 63 17 111 92 30 22 89 96 34 99 69 36 97 55 53 
 77: 65 108 18 36 47 77 23 74 55 89 35 34 100 16 45 56 19 72 81 37 53 101 49 68 30 71 21 31 62 99 90 84 102 60 66 54 75 48 22 39 52 87 38 79 88 93 43 57 105 46 44 98 51 24 50 64 91 82 17 20 59 69 92 67 96 97 70 28 80 58 110 61 83 26 86 25 29 
 85: 88 26 108 56 89 60 103 33 70 79 78 20 94 49 31 54 36 82 23 30 98 85 74 111 21 58 64 17 47 18 37 24 62 61 68 97 69 57 35 32 91 86 93 27 83 71 73 96 65 106 63 81 105 90 25 41 51 67 42 95 44 66 59 72 43 76 48 101 87 29 110 19 100 22 28 75 102 45 50 34 77 107 52 99 39 
 81: 26 95 36 55 78 77 87 46 64 48 21 68 19 69 29 22 84 33 23 75 86 52 108 79 24 45 35 62 72 101 17 30 49 92 88 76 104 57 58 94 59 27 99 39 102 91 66 98 97 96 34 51 74 43 73 90 16 82 65 61 67 105 44 28 25 53 41 40 20 63 71 83 50 110 32 70 85 31 111 81 56 
 91: 64 65 44 21 16 29 100 98 78 82 22 35 59 89 43 111 50 51 68 92 106 105 81 96 90 26 76 30 79 39 36 25 75 27 107 69 83 87 73 33 31 85 53 52 28 110 60 41 62 38 101 95 32 49 42 103 40 74 20 108 56 77 84 88 19 48 34 57 37 99 45 63 72 86 91 24 58 66 102 23 47 97 67 54 61 93 55 17 80 18 94 
 87: 98 107 96 28 18 51 65 41 61 32 66 35 17 23 40 84 29 72 49 54 91 110 92 45 104 64 62 38 33 87 86 69 74 30 60 68 21 36 19 100 82 34 94 63 83 56 97 59 102 20 75 44 67 26 101 37 43 39 76 31 103 48 58 95 80 55 93 108 81 24 105 25 71 99 46 111 47 73 50 78 22 89 57 70 90 88 52 
 89: 65 42 98 19 43 68 67 75 63 53 50 37 101 93 35 16 60 47 88 71 82 111 55 31 103 66 102 91 23 40 73 17 80 90 59 84 22 105 81 57 89 70 48 25 92 62 52 64 94 49 110 51 77 58 27 99 79 86 96 20 41 85 61 46 34 38 30 39 108 24 56 44 29 26 78 18 54 95 33 100 69 74 45 106 36 72 87 107 21 
 85: 67 53 99 106 27 90 96 30 23 80 70 87 71 65 89 95 45 46 91 20 84 44 16 41 72 63 97 108 103 58 54 77 104 76 79 52 25 39 21 111 86 66 64 26 105 17 31 49 37 78 110 69 85 82 62 92 34 19 32 48 18 55 22 74 100 38 94 93 60 51 50 102 24 56 43 28 101 29 83 35 88 68 57 47 107 
 75: 111 24 45 107 26 89 16 90 57 71 17 62 33 43 50 25 63 59 32 76 39 61 110 77 27 23 80 52 86 46 18 49 20 92 29 56 105 28 30 70 81 41 106 21 94 38 97 88 74 44 99 67 54 40 101 47 87 73 91 79 58 60 83 72 108 85 64 75 82 78 95 53 100 51 66 
 92: 72 37 102 46 62 51 49 25 60 104 54 16 59 19 105 94 80 47 45 50 98 81 53 74 32 56 89 48 21 99 66 64 31 44 55 84 58 24 17 77 91 85 28 36 83 33 29 69 30 87 43 27 42 35 71 73 108 18 96 26 23 39 75 88 52 107 61 76 97 86 90 103 70 101 111 41 20 93 100 68 67 65 78 57 34 95 110 22 82 63 38 106 
 91: 19 28 59 18 33 25 91 84 110 93 29 63 35 48 50 74 78 30 66 101 71 72 94 26 49 64 102 32 89 68 24 100 97 56 42 69 41 27 55 17 86 108 92 65 106 67 83 46 58 77 75 79 95 37 70 61 99 85 111 98 47 96 43 54 103 80 52 60 105 88 22 31 90 81 40 51 45 104 73 57 20 38 21 16 62 107 36 53 34 87 82 
 75: 50 57 20 33 38 60 18 47 71 96 19 100 92 104 64 39 105 108 44 86 51 95 75 72 82 69 59 36 101 25 84 34 49 70 62 90 66 89 81 56 110 61 98 77 16 42 24 106 78 88 79 91 76 29 52 45 43 85 102 74 87 58 35 22 107 31 65 30 73 21 54 63 37 94 97 
 84: 78 24 39 71 89 88 70 56 72 57 19 108 51 40 86 67 37 54 65 50 94 95 76 45 25 34 74 38 90 47 99 102 20 106 81 73 75 63 46 105 98 41 92 43 32 91 68 49 77 52 79 48 30 82 58 60 107 83 69 36 104 18 80 96 55 16 100 17 103 53 29 93 31 85 27 64 66 62 22 23 42 110 33 59 
 90: 82 81 23 64 67 89 40 55 21 68 84 101 106 86 75 27 50 87 95 26 94 30 43 102 34 59 22 37 72 71 80 99 78 38 107 62 56 85 111 79 83 74 32 48 103 58 41 96 51 77 76 20 44 69 35 52 98 108 42 57 33 47 61 18 36 60 88 73 16 100 49 31 24 28 65 91 93 19 46 54 92 70 29 90 25 110 53 17 97 104 
 75: 108 23 44 100 38 76 29 37 105 50 69 54 102 94 95 104 26 80 103 56 48 16 58 41 74 91 63 21 68 65 20 75 81 57 60 61 49 87 46 101 39 72 30 83 52 96 78 88 27 47 43 25 85 99 42 35 71 82 98 40 111 51 106 86 110 17 18 79 24 34 107 59 77 45 92 
 73: 81 62 107 21 57 105 24 68 73 37 52 84 77 99 39 63 82 55 91 40 94 65 74 111 72 79 83 101 86 93 35 87 60 20 56 31 102 46 90 67 78 42 18 51 103 80 22 69 19 100 76 88 27 89 33 95 58 26 66 44 75 17 64 16 29 59 96 50 106 104 41 28 110 
 77: 98 58 91 111 104 32 49 69 82 77 57 43 100 30 90 47 54 33 37 23 46 80 87 92 88 59 48 63 20 34 51 107 79 50 76 61 85 41 96 70 28 71 74 42 64 60 40 84 27 31 105 65 36 97 17 103 19 73 110 39 38 101 102 78 56 108 93 25 106 44 95 24 66 94 45 26 35 
 43: 143 145 107 131 147 110 105 113 109 124 112 151 138 114 154 142 106 133 115 121 104 135 139 111 134 108 148 127 137 130 116 103 128 117 129 140 146 126 150 118 141 144 123 
 39: 112 141 132 130 113 143 146 123 126 116 106 140 111 117 109 129 133 131 139 128 127 136 118 148 125 114 144 150 121 119 108 103 110 107 147 124 134 135 151 
 45: 127 138 128 132 104 131 150 108 130 123 120 154 105 117 140 144 103 139 109 116 113 146 137 115 110 107 143 134 141 145 147 136 125 151 124 111 119 118 129 122 114 112 106 142 133 
 38: 130 151 115 145 148 142 109 123 140 114 146 105 106 138 113 129 103 118 134 143 111 133 131 116 126 119 120 147 125 122 107 137 141 112 154 136 104 144 
 41: 136 147 113 122 109 103 143 142 107 150 151 112 110 126 120 104 118 117 144 125 146 133 140 119 124 123 148 154 131 114 105 139 121 108 116 145 132 135 141 134 129 
 43: 122 112 124 127 110 109 103 128 144 148 147 131 113 135 143 120 118 121 125 145 136 130 116 123 150 105 132 141 134 126 114 104 108 146 133 140 138 139 142 111 115 106 151 
 42: 139 114 138 146 111 121 107 137 134 150 142 136 154 119 140 103 132 104 106 110 135 151 117 129 131 115 124 116 108 105 130 147 118 112 141 133 113 128 123 109 148 125 
 45: 148 106 144 112 154 137 105 129 138 146 142 113 125 116 107 109 143 133 136 135 140 128 145 122 141 131 108 147 134 150 127 124 115 104 110 117 151 132 126 121 111 119 118 103 130 
 43: 115 107 141 138 123 143 139 127 148 104 130 110 118 134 142 140 112 137 119 129 133 125 120 135 151 150 124 108 145 144 105 117 122 131 154 146 147 136 111 128 103 116 121 
 38: 114 122 143 135 117 146 110 154 106 130 141 123 148 103 107 132 118 125 121 120 139 136 104 137 128 133 131 142 113 138 108 127 124 109 112 151 140 129 
 46: 118 109 133 115 124 145 123 131 141 126 113 132 130 134 114 111 117 139 148 140 154 105 122 108 128 146 104 112 103 125 143 144 110 116 147 119 136 138 120 127 121 150 151 107 129 106 
 38: 109 146 115 110 125 108 103 128 130 105 121 114 151 137 154 117 136 120 112 127 142 104 111 123 144 140 141 107 129 131 132 119 118 143 138 135 150 124 
 49: 147 132 135 112 120 131 110 114 118 117 125 146 154 126 138 151 124 116 129 143 148 109 104 106 103 136 111 141 113 133 140 105 122 115 134 144 142 139 127 119 128 108 107 137 145 130 150 121 123 
 49: 141 142 139 135 111 120 136 114 117 132 140 129 131 109 128 118 112 121 151 134 146 115 144 138 122 125 104 106 107 143 147 119 124 108 116 130 103 154 145 148 110 113 127 105 137 150 123 126 133 
 39: 106 135 111 127 140 103 107 105 112 123 104 110 132 130 113 120 116 139 129 109 147 134 117 122 108 150 136 154 145 125 141 131 118 126 121 114 137 151 138 
 38: 128 150 142 133 121 154 127 122 118 106 120 139 144 107 103 105 104 117 125 132 134 123 124 116 141 130 135 145 113 140 148 126 137 146 115 151 114 138 
 41: 154 135 125 106 112 118 113 124 115 109 104 105 120 107 131 137 133 141 134 132 119 114 143 121 129 103 111 122 148 146 140 126 151 123 139 142 116 117 136 150 138 
 48: 129 136 144 117 140 137 146 127 148 113 147 116 124 141 110 118 120 139 105 134 122 138 119 131 151 115 133 114 111 142 143 128 109 103 130 150 123 145 135 154 104 121 108 107 125 106 126 132 
 40: 132 143 146 120 105 131 141 145 138 129 148 127 130 121 125 150 128 103 106 107 111 115 118 136 110 116 133 154 144 147 126 119 124 114 117 134 108 139 113 137 
 49: 104 140 136 112 121 145 123 143 106 128 117 141 118 105 138 132 137 151 135 148 107 150 119 114 113 130 147 154 146 116 110 125 134 124 129 108 111 142 122 131 120 133 115 144 139 103 109 126 127 
 38: 115 154 143 110 126 105 123 117 120 140 137 129 112 111 125 114 122 130 136 133 147 131 146 144 142 108 150 138 104 113 107 118 145 127 141 128 119 116 
 48: 108 137 117 148 110 145 134 122 113 135 107 150 109 106 131 147 124 141 154 118 127 119 130 121 133 129 146 143 112 126 125 144 123 114 111 151 116 140 103 115 120 105 104 136 132 139 142 128 
 41: 112 135 114 130 134 133 108 148 131 107 103 113 104 117 144 123 151 116 137 150 126 143 140 109 147 122 106 118 129 111 136 121 120 139 110 124 125 119 145 132 154 
 37: 148 145 134 136 157 139 160 135 144 137 129 151 125 138 149 115 120 163 141 122 130 133 124 131 128 142 118 116 147 153 126 117 156 143 161 150 121 
 48: 121 115 118 124 152 120 161 137 125 129 143 149 134 136 155 133 131 158 138 132 122 145 164 156 165 126 144 135 154 116 157 163 130 146 140 128 141 127 153 148 151 119 117 123 160 150 142 139 
 43: 149 163 140 161 142 117 131 160 156 145 138 151 116 120 139 124 152 158 129 143 130 128 134 115 135 127 137 136 154 141 125 118 148 150 123 133 164 146 157 132 155 121 147 
 39: 164 123 143 146 157 127 130 151 115 153 148 129 152 120 138 125 150 124 126 165 117 158 139 136 118 133 121 160 119 140 163 149 156 116 131 141 142 137 155 
 37: 138 141 121 163 155 136 144 142 126 152 124 125 120 146 160 131 158 147 127 145 153 139 157 165 134 129 128 156 130 133 119 123 148 116 149 161 140 
 39: 140 165 116 155 146 156 152 134 137 120 153 133 139 161 128 132 117 144 142 148 130 150 124 129 135 141 122 147 123 121 138 160 149 154 136 163 126 127 119 
 41: 155 150 154 133 122 146 160 140 158 130 147 117 165 127 121 134 152 138 145 125 153 126 118 149 143 115 120 124 132 129 123 157 135 164 116 163 148 161 156 151 136 
 49: 144 135 136 137 164 116 146 141 131 143 163 121 128 154 119 145 157 117 126 115 153 148 152 125 124 161 149 158 155 156 140 147 133 130 150 120 134 151 132 142 160 127 123 118 129 139 138 165 122 
 44: 156 158 141 126 140 147 153 120 125 149 144 127 148 163 119 138 118 129 139 117 165 133 137 146 115 123 124 130 121 131 161 157 155 135 128 152 143 160 142 136 164 132 122 154 
 42: 132 161 121 133 144 122 118 123 152 158 129 160 130 128 127 150 147 143 138 145 136 137 134 154 120 146 142 125 119 164 117 157 141 156 151 131 116 140 148 149 165 135 
 47: 131 129 153 133 150 119 128 146 132 154 118 117 116 139 143 120 140 115 147 130 164 158 142 161 165 152 125 155 157 151 141 134 163 124 123 136 160 149 145 126 121 135 144 138 137 148 156 
 47: 147 158 139 121 115 155 148 156 161 136 118 165 160 135 129 122 138 154 125 120 141 153 133 116 140 126 124 150 151 152 134 119 132 128 143 163 149 123 164 144 146 145 137 117 131 130 127 
 39: 144 117 131 149 155 125 127 152 129 128 158 139 123 121 119 135 133 137 153 136 146 150 147 115 122 116 138 151 118 165 157 164 124 163 154 120 126 130 143 
 47: 141 128 139 137 116 130 150 149 142 147 123 132 158 157 153 146 156 135 126 138 155 145 129 121 143 117 165 133 144 127 125 122 151 134 161 164 136 131 160 140 148 120 118 152 115 119 154 
 40: 140 135 133 158 125 119 132 152 131 163 139 153 155 121 150 148 138 146 165 130 156 143 117 123 147 134 142 116 115 144 145 124 129 161 120 136 154 160 128 151 
 37: 128 153 126 117 160 150 140 125 155 147 164 148 136 152 132 115 127 130 118 163 120 158 119 122 139 161 154 131 135 116 143 149 137 151 144 145 165 
 42: 119 136 138 130 164 142 148 152 157 145 116 147 126 144 141 118 139 158 134 120 155 117 151 146 135 129 131 115 140 124 132 121 153 163 156 123 127 128 125 161 122 154 
 39: 154 131 152 124 121 129 161 156 163 122 126 132 142 150 148 123 125 157 136 137 130 158 134 117 145 118 119 151 115 165 135 155 138 160 140 139 147 141 149 
 40: 143 115 130 157 158 131 151 164 156 146 132 123 119 153 147 127 128 163 136 134 160 135 165 152 122 150 144 117 116 126 121 141 137 129 118 140 142 138 124 149 
 38: 117 122 127 121 147 154 148 153 124 134 152 141 133 135 149 155 144 123 156 160 157 158 136 151 163 165 129 132 118 130 150 164 146 138 143 137 119 139 
 47: 148 126 151 140 158 143 154 134 157 150 149 121 146 115 144 123 136 125 155 124 145 164 128 147 156 122 165 142 120 119 130 137 132 161 131 160 152 118 133 117 138 153 135 141 163 129 139 
 41: 150 126 115 123 155 119 153 142 160 147 140 127 116 134 151 129 158 137 120 148 144 117 118 145 146 143 165 135 136 161 141 138 121 122 124 125 164 133 154 139 132 
 44: 155 158 122 143 133 128 160 126 121 127 157 153 154 148 129 165 125 132 164 161 152 135 134 163 144 142 156 123 141 116 140 149 119 145 147 136 138 137 117 124 151 139 150 146 
 56: 167 159 190 182 174 169 177 202 179 157 166 193 181 186 165 178 173 180 192 194 168 163 200 195 211 206 212 196 172 217 160 189 198 188 208 197 185 175 204 187 164 199 170 209 183 205 213 176 207 191 158 184 171 161 203 201 
 56: 193 188 168 166 165 217 181 197 201 209 185 176 160 167 164 170 179 195 174 196 203 159 192 208 202 158 189 182 213 175 212 206 190 171 161 191 198 207 205 204 183 169 187 199 178 177 211 200 162 172 180 194 173 184 186 210 
 50: 210 158 187 198 204 180 184 201 205 197 209 213 189 157 202 183 212 179 193 206 211 181 178 200 177 207 164 199 173 203 166 185 160 188 186 195 194 161 163 175 172 176 191 169 167 208 171 196 190 168 
 56: 206 180 172 187 166 163 196 185 211 184 171 173 213 207 204 198 191 162 212 202 200 168 195 160 167 188 192 197 190 164 177 178 182 203 165 199 183 174 157 161 194 189 217 158 175 179 208 193 201 186 176 209 205 210 169 181 
 47: 166 194 195 187 169 184 196 193 160 191 176 205 202 207 203 175 213 211 209 208 210 181 190 157 170 185 161 189 201 165 172 204 177 180 158 159 199 200 178 174 206 164 186 183 212 188 182 
 53: 163 176 157 184 159 171 191 179 177 207 205 158 160 217 167 196 198 174 161 178 204 203 193 189 190 201 164 210 183 194 195 162 197 170 212 166 185 199 192 209 187 180 206 188 213 173 172 211 208 202 169 186 200 
 52: 209 217 205 199 175 172 203 177 170 184 191 189 212 164 186 195 210 165 206 166 157 204 193 161 183 174 180 160 162 213 178 159 200 198 163 167 171 196 207 168 201 185 202 194 197 182 192 187 176 158 181 169 
 45: 201 179 175 184 178 182 168 164 200 202 185 188 197 207 192 170 180 171 162 161 191 163 217 211 157 160 183 195 209 210 169 165 159 212 187 166 205 208 204 199 181 172 186 189 173 
 49: 164 196 159 202 160 180 213 195 167 188 182 173 175 193 162 176 172 178 169 204 186 201 187 198 190 161 177 217 166 208 210 163 197 181 171 165 185 179 183 203 168 158 157 174 189 200 184 206 170 
 58: 180 173 200 202 177 160 213 169 163 157 168 190 182 176 197 195 167 166 211 212 189 188 193 199 161 183 171 162 159 181 209 203 205 201 191 186 170 184 198 204 192 164 217 210 172 207 185 206 196 158 208 194 179 187 175 165 178 174 
 46: 212 207 170 166 196 209 167 158 192 182 179 205 195 187 194 210 175 178 197 208 204 172 188 177 189 198 202 217 171 185 164 184 190 180 168 162 199 191 206 201 160 159 211 173 200 186 
 48: 166 196 184 176 171 190 160 205 159 198 189 192 180 197 182 208 164 211 168 200 157 170 213 173 210 206 202 203 212 169 195 165 158 174 172 188 177 191 167 201 186 179 187 204 175 183 181 193 
 45: 199 198 174 185 158 217 167 193 157 178 161 205 192 179 183 171 201 160 169 166 165 196 203 194 175 188 190 187 211 191 181 195 176 208 184 209 204 164 186 189 212 197 180 163 182 
 50: 209 174 185 206 211 159 177 173 161 213 176 195 200 167 158 189 188 207 157 182 163 199 201 180 202 166 187 168 170 198 179 169 192 164 171 212 196 204 205 217 162 193 191 175 184 181 210 208 160 197 
 54: 162 168 190 174 203 177 189 202 185 187 208 160 163 175 159 183 180 200 182 167 178 169 206 217 161 211 197 173 194 171 212 179 164 188 193 181 165 176 199 207 195 205 184 210 204 158 209 198 186 196 170 192 157 191 
 55: 167 157 175 200 182 169 168 180 174 211 207 208 204 203 202 205 179 193 199 165 186 210 217 176 189 190 197 195 170 161 188 196 212 160 201 191 162 181 209 213 184 172 158 166 206 194 164 192 159 171 178 173 185 177 198 
 52: 207 203 180 195 208 166 185 174 169 198 210 197 192 173 170 182 209 189 171 211 202 163 213 193 196 206 161 205 167 212 160 191 179 175 217 168 190 186 199 181 183 159 157 164 204 177 176 165 200 201 162 188 
 50: 175 213 171 201 183 158 206 181 188 162 190 217 212 194 211 166 173 172 165 196 174 193 170 160 202 164 178 197 189 179 191 210 192 205 204 161 200 199 185 159 177 176 182 203 180 187 157 207 168 163 
 47: 189 170 160 175 192 185 206 188 161 200 166 191 196 193 201 182 194 180 190 165 179 158 181 177 167 197 178 163 184 217 171 162 169 199 213 210 195 159 205 202 172 157 164 198 174 204 168 
 51: 167 209 204 180 162 189 190 195 200 201 159 205 182 177 206 213 179 161 187 197 170 203 207 176 191 199 185 188 165 173 160 217 183 181 186 164 193 194 192 166 163 169 178 212 157 168 198 171 202 211 196 
 57: 217 170 158 181 186 169 188 164 212 209 168 160 174 178 201 173 194 167 197 179 171 162 177 210 157 191 207 187 206 196 192 183 199 213 184 208 203 180 176 175 159 205 198 190 193 161 163 211 200 166 189 195 172 182 185 204 202 
 50: 210 212 199 205 179 197 204 157 207 193 162 185 206 208 163 169 192 198 203 217 209 171 201 189 173 195 181 158 161 180 177 182 175 172 164 167 176 184 159 211 202 160 191 196 178 187 213 200 194 174 
 46: 161 211 180 176 188 175 174 197 181 207 160 183 173 209 205 199 189 192 185 184 157 203 200 195 194 170 169 213 163 191 204 171 166 201 167 212 186 172 206 190 187 159 165 198 164 168 
 57: 202 220 221 186 173 196 177 216 226 188 227 214 176 185 200 204 205 217 184 206 190 223 197 174 171 178 187 211 192 199 225 210 182 195 175 208 180 215 218 207 179 213 222 209 189 201 203 198 219 172 224 194 183 212 193 181 191 
 43: 212 225 211 197 203 191 214 172 193 207 188 223 177 200 189 185 226 181 218 224 205 221 217 182 199 174 178 187 196 180 213 206 209 198 219 173 175 194 220 208 202 210 186 
 48: 208 180 201 183 190 184 173 204 205 217 186 174 178 176 172 192 200 171 185 202 195 199 182 181 214 191 179 175 187 222 224 194 193 223 207 225 221 209 218 215 210 203 216 206 220 197 188 212 
 46: 216 204 180 183 187 224 203 184 210 215 189 191 194 171 197 218 227 190 221 181 200 188 178 186 207 217 205 206 177 223 192 198 211 199 195 185 193 196 209 214 220 182 222 172 202 226 
 57: 182 202 197 177 217 173 218 171 195 172 215 209 214 190 185 204 191 216 196 207 193 186 223 179 192 208 180 225 184 194 183 198 227 211 222 224 213 181 176 201 205 199 174 226 189 212 187 210 188 206 221 200 220 203 219 175 178 
 49: 181 224 177 227 192 180 172 203 183 189 182 175 210 213 179 222 221 186 207 204 219 223 226 201 198 214 173 191 193 211 217 218 206 220 197 202 212 174 200 194 195 185 199 187 215 225 178 208 190 
 46: 193 224 179 182 178 209 173 189 208 172 177 201 203 191 222 197 176 184 225 210 205 198 188 195 185 186 202 204 212 214 226 199 183 217 219 206 171 215 227 218 200 194 213 216 211 187 
 52: 191 176 194 225 182 210 187 201 211 226 220 200 199 196 207 203 197 227 180 206 195 193 223 185 183 184 174 172 190 213 179 217 204 171 189 186 205 222 224 173 192 208 214 212 178 188 198 181 219 209 202 215 
 47: 207 201 224 200 202 209 184 204 189 173 227 198 223 199 212 216 179 176 205 175 172 194 208 210 221 211 197 196 174 187 225 185 177 188 182 181 206 178 214 226 218 190 186 213 192 215 193 
 45: 181 173 193 192 221 212 216 185 194 213 174 219 179 211 210 176 226 186 178 203 184 204 195 223 172 175 182 201 197 206 207 189 202 196 222 171 220 214 187 205 190 191 180 199 200 
 55: 206 222 191 210 207 196 177 171 226 216 178 225 175 174 211 209 183 192 203 193 215 198 176 187 220 173 204 188 195 172 212 200 219 180 201 221 227 194 182 185 202 214 181 213 208 197 186 217 218 223 179 184 224 199 190 
 44: 208 226 172 182 209 213 180 224 183 220 195 199 217 200 211 178 187 218 204 207 190 192 185 222 179 219 194 175 193 198 171 214 225 189 191 203 186 196 197 174 206 221 202 223 
 55: 208 189 206 196 205 199 223 182 215 183 190 203 175 173 225 222 216 213 188 212 172 220 186 194 209 176 210 195 227 224 197 180 218 211 226 200 181 201 179 171 207 193 184 204 217 177 178 191 198 185 174 221 192 202 214 
 55: 221 178 212 223 203 214 173 204 219 205 220 217 213 189 180 216 194 225 197 195 171 176 192 224 175 172 191 215 206 181 182 198 208 209 211 177 190 199 200 188 185 196 218 201 174 207 222 227 202 210 187 179 184 186 226 
 49: 191 178 225 211 226 171 208 220 221 193 174 177 201 219 180 173 198 224 187 213 215 205 181 194 217 214 202 175 210 190 209 207 176 218 183 186 197 184 182 196 195 200 203 227 192 188 222 179 185 
 45: 177 192 221 211 201 182 207 212 195 178 216 190 172 225 217 209 213 185 176 218 204 179 210 202 186 220 224 215 222 214 208 181 197 193 226 200 196 175 174 171 191 183 180 189 227 
 52: 178 182 199 189 221 203 211 172 188 219 217 216 175 206 218 213 223 186 225 173 201 204 207 210 179 215 198 214 185 177 208 191 205 226 220 200 184 187 222 195 183 212 171 174 192 227 197 181 194 190 202 176 
 53: 220 195 191 174 225 211 179 208 172 173 205 171 206 194 189 227 204 181 185 213 210 193 176 186 201 216 175 200 209 178 215 218 184 190 221 226 183 212 202 199 219 196 203 217 180 188 223 214 187 177 182 192 224 
 56: 195 197 217 207 186 185 204 222 218 213 202 177 198 183 192 190 225 212 224 205 173 193 203 208 200 206 191 214 194 179 211 221 223 171 175 176 210 215 178 189 180 209 188 216 187 181 226 174 172 219 201 182 184 199 227 196 
 44: 217 173 178 209 201 223 203 190 181 176 218 210 204 187 191 172 199 215 207 202 196 213 220 226 222 205 192 186 197 193 185 214 224 225 221 183 179 174 194 184 227 177 175 182 
 54: 178 194 181 172 226 177 201 214 217 191 211 174 189 192 175 186 203 198 187 223 207 215 184 197 205 195 222 219 171 176 216 183 210 199 179 196 202 200 180 208 221 212 227 188 224 185 220 190 193 182 173 218 213 204 
 48: 217 172 181 221 193 192 222 189 199 171 198 180 204 190 197 219 200 201 195 206 174 187 186 208 196 209 175 216 202 173 177 191 182 188 212 224 176 223 213 194 226 205 215 203 185 214 227 218 
 47: 202 218 224 180 203 226 210 176 171 193 177 212 196 214 200 189 223 192 190 213 172 178 185 225 191 217 175 222 183 207 221 174 181 187 186 195 211 194 173 206 184 204 216 215 197 188 198 
