# Data generated from a SDPTSP-E instance solved in two phases
# nbTasks=235, nbWorkers=152
# Random number generator seed = 0
Type = 1
Jobs = 235
 363 481
 366 448
 367 483
 383 457
 391 422
 402 442
 411 518
 415 507
 424 511
 428 472
 440 474
 455 546
 465 576
 481 600
 501 582
 516 587
 538 598
 544 642
 547 597
 551 655
 559 634
 575 601
 577 665
 585 676
 590 661
 597 644
 598 701
 601 663
 605 664
 605 690
 619 692
 621 732
 624 686
 631 695
 636 679
 645 668
 661 757
 663 684
 663 725
 664 705
 665 682
 672 750
 675 699
 683 781
 689 742
 691 734
 694 766
 697 770
 707 819
 723 795
 726 835
 731 805
 734 788
 748 834
 755 829
 756 789
 764 877
 769 806
 779 854
 780 820
 793 846
 793 884
 800 863
 808 855
 811 927
 825 932
 844 939
 847 917
 849 916
 854 967
 865 892
 867 921
 874 931
 882 932
 882 955
 886 969
 886 979
 894 968
 896 1001
 899 981
 925 1038
 937 1014
 959 1026
 959 1071
 960 1077
 982 1012
 985 1084
 986 1098
 987 1085
 996 1078
 1000 1063
 1007 1094
 1009 1128
 1017 1047
 1017 1110
 1024 1089
 1031 1080
 1032 1129
 1036 1061
 1036 1077
 1037 1104
 1038 1139
 1043 1156
 1047 1106
 1047 1155
 1054 1123
 1055 1124
 1056 1171
 1060 1131
 1064 1158
 1066 1182
 1072 1190
 1084 1172
 1092 1179
 1105 1186
 1111 1160
 1113 1196
 1118 1137
 1121 1224
 1128 1225
 1133 1241
 1149 1187
 1149 1206
 1153 1211
 1163 1269
 1173 1263
 1174 1237
 1179 1248
 1181 1261
 1181 1262
 1192 1272
 1195 1236
 1197 1231
 1208 1303
 1209 1251
 1213 1254
 1219 1238
 1225 1292
 1233 1316
 1233 1323
 1241 1301
 1245 1298
 1262 1308
 1267 1381
 1269 1291
 1273 1389
 1319 1417
 1319 1437
 1328 1440
 1331 1427
 1332 1369
 1336 1431
 1339 1420
 1352 1398
 1366 1465
 1370 1485
 1372 1409
 1390 1429
 1401 1422
 1412 1473
 1416 1454
 1420 1488
 1444 1549
 1448 1564
 1450 1534
 1450 1557
 1453 1533
 1453 1569
 1456 1504
 1468 1540
 1484 1571
 1487 1509
 1488 1555
 1492 1600
 1493 1606
 1504 1560
 1507 1590
 1510 1539
 1515 1605
 1518 1627
 1536 1609
 1547 1618
 1560 1659
 1570 1687
 1571 1618
 1571 1628
 1584 1702
 1591 1674
 1600 1711
 1605 1722
 1618 1686
 1621 1739
 1623 1683
 1626 1685
 1631 1672
 1631 1679
 1631 1683
 1632 1705
 1638 1672
 1649 1700
 1665 1778
 1671 1711
 1676 1795
 1678 1734
 1686 1750
 1686 1751
 1686 1796
 1690 1809
 1691 1807
 1691 1810
 1694 1738
 1705 1823
 1707 1742
 1707 1767
 1710 1822
 1718 1788
 1724 1831
 1730 1760
 1734 1847
 1740 1769
 1743 1794
 1762 1781
 1762 1878
 1763 1882
 1764 1809
 1774 1862
 1781 1820
 1786 1886
 1797 1854
 1801 1899
 1802 1821
 1805 1907
 1816 1846
 1822 1902
 1876 1915
Qualifications = 152
 52: 13 40 10 26 25 53 7 36 29 48 9 21 46 42 57 37 11 32 22 34 51 24 17 49 20 41 16 59 50 28 52 19 35 15 1 2 0 44 8 3 14 4 12 30 33 31 47 55 23 54 38 27 
 55: 41 19 31 17 48 43 11 38 3 27 35 14 52 36 29 22 54 21 5 18 59 6 7 2 8 34 15 46 57 23 1 37 45 13 26 28 30 39 12 33 42 49 44 47 51 16 25 4 20 10 9 32 50 24 40 
 55: 30 16 13 14 5 29 41 4 12 54 28 27 38 59 25 37 11 43 55 40 44 2 22 39 32 49 17 20 0 21 34 48 26 23 10 35 18 52 33 9 47 24 46 42 36 1 19 6 45 8 15 53 50 3 31 
 51: 7 53 20 11 39 35 15 21 29 44 2 9 31 47 50 23 34 37 24 48 26 25 8 45 36 52 54 33 22 49 16 51 28 0 42 13 19 30 59 12 43 14 5 57 55 10 27 18 1 38 32 
 46: 40 11 32 23 26 50 43 9 0 7 41 25 27 57 12 59 13 34 3 24 15 31 51 2 16 46 35 29 53 10 45 1 5 8 4 21 19 47 30 49 37 22 20 39 36 28 
 54: 42 11 44 18 3 47 46 12 32 10 8 26 40 30 14 36 31 57 16 50 37 51 7 24 45 52 5 4 49 33 28 29 0 39 23 34 17 13 41 20 38 2 35 43 27 55 1 21 9 25 59 53 54 6 
 46: 25 53 6 40 37 30 59 27 48 35 9 45 50 51 23 5 57 13 46 29 17 1 33 39 52 44 22 15 19 2 4 14 7 43 21 47 34 12 41 32 42 28 11 36 16 18 
 58: 31 9 43 0 40 47 2 7 1 33 5 55 45 19 42 44 4 54 35 25 3 21 51 52 37 23 30 26 39 17 48 29 59 50 12 6 32 53 27 34 36 28 18 15 8 24 22 13 20 10 46 11 41 49 38 16 14 57 
 55: 40 3 6 51 17 29 14 20 46 50 13 4 24 34 47 38 25 52 21 16 19 23 18 28 30 31 37 8 11 55 1 0 45 36 54 57 5 33 43 27 32 26 49 7 35 41 10 2 53 44 12 39 9 15 22 
 44: 30 10 53 6 50 9 8 20 37 27 49 1 25 16 29 39 31 40 17 55 48 46 24 15 59 33 36 11 14 7 52 38 3 19 4 47 18 12 43 44 23 54 32 57 
 58: 46 55 42 6 18 11 22 27 39 41 47 37 3 50 36 45 29 59 8 57 31 2 21 44 48 9 16 19 20 24 17 25 35 38 51 34 26 23 12 49 40 53 32 52 33 5 14 1 43 7 54 30 28 4 15 13 10 0 
 50: 34 26 2 57 37 42 31 24 32 18 38 13 8 15 6 36 33 16 4 14 43 51 7 35 3 52 25 53 47 11 50 1 5 45 59 54 23 10 21 20 19 41 46 55 27 29 48 12 40 44 
 58: 7 9 29 20 0 10 45 49 19 52 59 53 47 24 35 6 31 27 30 33 12 39 36 43 21 57 2 34 3 42 44 32 13 11 37 18 41 55 15 8 54 48 46 14 23 25 17 26 1 22 51 50 40 28 16 4 5 38 
 55: 33 30 31 28 29 13 53 5 17 46 47 48 18 38 7 26 52 45 32 49 3 54 57 25 37 1 12 50 40 55 4 51 22 11 10 19 44 8 36 27 35 39 59 6 2 34 0 21 42 23 41 9 24 14 43 
 56: 34 19 26 14 31 53 15 33 24 40 1 6 55 37 46 20 57 39 59 16 49 54 44 0 41 36 42 30 22 18 2 51 13 43 4 7 12 29 21 8 48 23 45 3 9 11 10 27 38 52 25 32 50 17 28 47 
 48: 8 20 23 18 13 14 10 50 26 7 44 35 40 27 25 11 41 32 15 3 59 37 12 1 47 49 33 43 21 29 48 36 22 51 9 34 54 46 24 57 38 6 52 30 31 28 45 19 
 44: 41 52 25 4 33 26 49 13 10 22 31 3 18 46 19 24 35 48 40 1 45 44 20 5 32 2 11 43 8 51 36 50 53 12 59 21 37 6 39 7 29 17 42 55 
 48: 14 54 17 20 19 34 55 26 38 31 7 32 11 3 6 27 53 1 51 48 24 43 47 36 37 49 45 30 46 8 40 23 33 12 22 13 18 5 35 42 4 0 28 57 39 16 9 2 
 47: 31 1 4 29 54 7 16 0 23 17 53 3 20 14 46 59 10 25 11 40 19 33 24 39 38 12 49 45 51 30 8 55 52 22 44 57 48 18 42 36 15 26 37 21 9 35 43 
 44: 59 36 1 57 10 32 20 5 17 34 26 44 42 15 4 31 28 35 22 30 13 19 46 49 3 45 18 24 25 7 39 11 51 37 41 54 40 52 23 9 8 2 27 33 
 57: 54 65 34 46 74 20 52 62 50 36 73 53 35 49 25 29 68 58 45 28 15 23 60 47 19 67 55 70 18 42 33 44 17 38 59 61 56 40 43 27 30 57 24 37 22 21 32 14 66 64 71 63 72 39 13 48 41 
 48: 18 26 52 35 13 74 29 43 14 72 15 59 48 67 22 37 70 66 51 62 56 20 28 73 36 50 65 45 39 33 23 60 34 19 44 27 17 47 53 24 42 32 41 30 64 31 57 58 
 53: 25 43 58 41 23 14 63 42 30 66 34 33 16 44 17 53 38 39 45 70 54 67 60 31 59 68 55 50 49 73 27 72 47 62 74 13 65 37 56 40 26 51 19 28 22 24 52 57 29 46 61 15 71 
 59: 73 28 25 45 49 42 17 59 52 50 39 23 32 62 71 51 14 16 13 55 54 64 57 40 47 70 27 38 35 63 56 37 20 18 48 43 72 67 31 53 41 68 15 36 60 19 46 29 30 26 65 61 66 33 21 44 22 58 74 
 48: 70 53 33 34 71 25 54 55 21 27 23 61 59 42 63 48 51 58 60 47 57 39 13 52 56 14 65 41 38 74 37 20 68 31 28 36 67 62 29 30 19 43 45 15 73 24 44 64 
 55: 23 40 21 51 20 33 71 38 30 19 70 56 57 52 74 29 60 32 65 24 53 62 15 72 59 55 28 31 18 73 58 45 14 26 54 35 61 44 47 17 66 25 42 68 16 13 63 39 34 43 64 22 36 49 41 
 52: 40 35 38 50 39 70 27 17 72 37 68 20 15 65 34 46 66 45 49 25 41 31 73 33 19 47 14 42 55 71 64 26 52 30 24 16 48 57 63 61 60 51 54 23 32 22 56 28 21 53 74 13 
 54: 39 21 42 41 65 43 54 47 25 60 14 28 31 67 51 19 44 16 72 38 50 26 52 55 22 59 49 53 73 36 56 32 30 13 17 66 34 57 63 15 35 64 46 24 29 45 68 33 62 71 20 37 18 61 
 54: 13 72 44 27 17 19 68 63 54 60 45 23 52 42 41 35 66 37 61 33 16 32 67 29 71 53 73 20 56 46 59 64 58 34 39 24 48 22 14 26 50 28 51 49 38 40 55 57 25 62 74 36 70 47 
 55: 13 65 32 20 22 40 44 50 54 36 62 49 71 60 48 35 74 46 64 27 45 16 72 23 21 34 19 43 42 63 51 57 61 15 52 26 47 29 18 17 68 38 30 55 70 67 37 31 58 73 39 66 24 41 59 
 49: 18 13 63 68 37 26 33 73 28 27 29 17 39 41 54 31 46 14 30 64 58 23 49 42 60 34 35 24 20 25 71 21 15 52 61 32 22 19 65 16 70 47 44 50 40 48 57 43 72 
 51: 72 74 39 19 50 36 24 73 18 27 47 31 65 22 20 21 57 28 54 63 46 66 37 32 23 49 55 56 44 43 51 38 68 64 67 61 34 42 25 41 30 35 53 59 58 62 17 26 52 14 70 
 58: 60 13 33 59 61 17 26 72 56 49 62 18 24 29 39 68 32 30 58 52 16 31 20 28 44 66 64 70 21 15 22 38 43 73 34 47 63 55 40 45 51 37 25 74 54 35 57 19 48 23 71 53 67 50 41 42 14 46 
 58: 70 39 42 40 15 52 37 36 65 74 72 48 63 49 26 34 33 18 67 68 58 28 21 60 55 64 13 59 31 19 47 46 53 32 30 61 24 20 51 22 50 41 71 16 25 35 27 29 14 56 62 17 73 54 38 23 57 45 
 54: 26 16 14 46 44 13 62 45 74 18 35 23 66 72 33 37 57 29 47 41 63 40 59 56 32 67 39 54 27 28 25 61 22 71 70 50 58 34 60 51 30 20 65 31 19 52 17 64 36 73 43 55 49 24 
 54: 32 19 66 46 68 73 47 24 42 14 31 37 20 22 52 27 17 30 59 28 34 18 44 26 33 70 65 62 13 38 54 35 55 41 56 53 60 43 67 57 48 36 49 40 61 39 15 72 16 63 23 51 25 58 
 61: 70 15 59 49 54 24 29 72 42 51 52 65 27 63 71 57 43 58 31 26 16 25 36 39 30 48 56 40 38 53 45 37 61 19 50 28 18 68 66 14 62 47 13 73 33 60 64 55 67 32 46 22 17 20 74 35 23 41 34 44 21 
 52: 41 40 22 60 23 50 55 26 47 21 48 45 36 31 33 39 71 65 66 14 43 57 44 56 28 25 58 16 70 18 74 15 37 67 30 62 54 64 68 42 34 52 38 49 24 63 27 72 32 53 59 51 
 51: 32 45 26 71 40 42 18 57 25 36 20 65 51 54 28 37 16 39 55 73 33 43 64 35 34 58 49 27 23 66 68 13 21 31 22 41 50 30 19 74 47 61 62 46 59 48 52 67 53 15 72 
 54: 32 40 17 50 65 45 37 46 22 33 72 42 68 61 39 41 55 60 38 20 19 63 29 57 13 48 70 24 35 23 52 26 34 53 21 49 51 71 73 36 27 62 25 31 58 15 66 59 28 64 56 67 54 47 
 58: 104 120 106 129 96 90 74 138 91 119 113 89 130 68 126 73 131 118 99 77 103 66 101 134 80 109 98 127 95 82 71 102 78 88 128 111 144 135 132 97 117 141 112 86 100 108 140 92 84 114 93 94 75 124 105 87 142 137 
 71: 102 113 76 81 121 83 140 91 114 106 90 108 98 79 138 125 66 100 75 127 112 111 73 92 103 89 144 124 99 122 101 109 87 135 74 129 80 69 142 123 128 120 130 84 141 132 115 93 126 131 104 95 77 86 105 88 70 78 71 136 107 94 96 97 68 117 116 134 85 82 119 
 59: 141 101 92 126 122 104 121 117 108 140 96 84 112 128 86 116 72 114 110 68 124 123 89 87 131 133 118 66 134 74 135 132 129 93 138 85 127 91 130 82 105 67 76 142 109 125 103 115 69 144 71 97 75 119 90 70 88 120 102 
 67: 110 78 70 114 97 121 142 90 92 125 83 100 104 91 105 95 81 141 111 115 108 122 71 66 93 112 77 127 123 102 82 119 129 79 75 87 101 124 144 133 109 116 84 69 98 128 113 120 138 135 132 136 73 137 94 68 88 106 67 134 74 107 72 103 76 126 117 
 76: 111 137 134 98 102 71 108 75 110 136 93 82 123 106 66 78 116 97 113 107 100 141 86 133 92 94 103 80 101 109 83 73 119 90 138 91 117 131 72 67 115 77 128 105 69 76 120 129 144 114 122 79 142 74 135 121 118 88 87 95 112 99 127 140 132 85 104 89 81 70 96 68 130 126 84 124 
 65: 138 84 94 123 109 66 82 128 75 126 121 135 117 79 81 111 140 67 100 89 83 105 97 131 98 115 112 85 102 95 119 118 86 74 125 110 71 101 77 73 93 70 88 130 136 137 133 116 127 134 114 96 99 129 142 80 72 87 68 113 103 120 76 104 78 
 73: 127 95 124 94 107 97 98 126 96 140 144 100 86 71 109 70 131 89 73 128 135 80 142 113 72 133 141 79 118 82 117 130 115 114 75 119 67 110 87 120 81 88 66 78 108 106 122 111 121 112 101 137 84 132 104 74 105 92 91 93 83 116 123 90 68 102 69 103 125 136 129 85 138 
 72: 66 105 112 120 100 110 118 135 103 70 79 89 80 124 104 115 137 108 140 126 73 121 88 117 132 95 71 101 92 83 127 84 87 98 69 82 102 128 113 136 78 116 119 75 68 74 142 123 134 77 109 144 129 114 133 86 107 131 72 141 138 91 122 106 97 93 125 111 85 96 99 67 
 65: 97 72 100 123 79 69 67 118 94 102 130 86 89 83 114 135 115 138 105 119 121 129 87 88 98 80 74 103 96 82 117 137 76 81 77 125 91 126 90 71 120 134 111 141 101 128 99 73 68 110 93 92 127 133 116 112 78 144 124 75 131 136 113 85 84 
 60: 131 93 115 103 113 124 136 87 116 129 111 134 89 122 138 108 98 75 81 107 86 69 106 79 123 119 70 66 118 121 82 91 72 110 112 83 102 105 68 73 96 114 144 74 120 133 67 85 128 92 109 125 117 84 90 140 142 127 99 76 
 62: 90 68 67 88 94 142 99 73 107 89 105 126 113 106 144 92 72 97 117 77 70 116 84 124 91 83 131 71 115 101 114 102 81 136 86 78 130 66 119 138 135 98 104 93 111 76 118 127 80 69 96 125 133 128 132 103 140 74 95 122 108 120 
 63: 121 91 127 124 73 109 93 116 133 99 112 77 117 69 102 76 134 89 70 126 66 131 144 125 68 72 88 67 94 86 106 128 90 107 97 108 123 142 84 98 132 130 81 118 138 78 74 135 95 115 105 71 75 96 110 113 80 100 82 120 122 136 129 
 75: 105 76 71 113 95 121 123 129 118 111 70 68 96 114 69 78 75 101 138 134 66 131 117 77 84 119 116 112 125 110 107 103 97 140 142 127 88 74 122 83 94 136 141 92 81 132 144 115 82 91 126 73 87 80 109 89 93 133 104 137 130 120 102 85 106 79 108 90 72 128 135 100 86 67 98 
 66: 94 87 90 108 80 81 114 82 111 123 85 97 96 89 134 73 141 126 67 99 109 68 115 103 106 119 110 75 78 124 105 136 121 72 76 91 93 122 74 86 104 142 120 130 117 138 77 92 79 128 135 83 95 88 84 129 116 113 125 98 127 70 132 102 133 71 
 73: 81 95 98 75 91 83 76 71 66 73 133 107 118 136 97 130 122 88 138 125 89 127 78 99 87 119 129 112 134 102 109 68 114 128 74 67 144 93 80 104 140 85 135 79 101 108 69 124 123 116 82 72 84 120 94 105 115 111 113 92 106 103 141 121 96 110 137 100 90 86 142 131 132 
 68: 126 76 123 122 111 66 101 94 140 117 79 112 92 81 95 144 97 137 128 75 133 83 74 115 85 80 124 138 134 127 71 78 87 120 110 96 91 99 113 119 88 125 129 89 106 141 68 69 132 98 100 82 118 135 90 107 93 121 142 130 114 109 116 73 104 108 131 70 
 76: 134 80 98 144 135 141 86 130 122 126 69 121 123 116 66 114 137 127 67 76 124 115 83 93 105 74 132 75 96 85 117 72 68 138 140 133 136 79 70 78 101 95 131 142 104 128 90 106 103 110 89 102 120 112 92 100 97 87 125 129 84 99 109 81 108 107 111 118 88 94 77 91 73 71 119 113 
 76: 72 93 89 101 131 104 122 76 81 129 106 125 66 67 95 80 75 92 114 138 103 117 69 112 98 100 99 118 79 77 144 126 68 71 119 140 102 87 111 123 94 130 120 135 128 90 82 84 108 121 83 127 70 113 137 124 133 110 115 73 97 78 74 136 116 91 109 107 105 142 132 85 141 86 96 134 
 77: 121 120 130 68 133 131 100 72 132 98 115 69 95 108 109 127 84 128 73 97 123 89 104 67 94 138 81 124 106 134 119 80 112 75 78 137 86 99 110 118 103 70 83 107 74 77 144 129 111 126 93 82 142 90 85 66 135 92 96 71 122 114 141 87 79 125 116 136 76 88 140 101 91 105 113 102 117 
 71: 128 126 142 66 82 74 117 84 76 107 130 92 77 129 98 137 100 115 68 90 140 103 97 138 113 99 132 116 111 88 133 67 120 70 94 127 79 118 119 108 122 112 131 87 105 124 95 72 83 114 104 93 121 85 101 102 144 110 71 75 109 86 125 80 136 91 123 78 73 81 69 
 69: 98 114 125 81 95 94 138 76 123 77 96 111 91 144 118 67 131 105 127 116 71 110 79 82 74 103 117 92 72 68 136 135 109 141 128 137 142 113 78 122 97 119 70 84 80 85 93 129 86 120 99 126 90 101 102 66 132 106 83 88 121 133 134 104 89 130 124 107 112 
 63: 83 96 136 140 90 88 109 129 112 91 134 114 135 100 104 86 67 131 122 77 78 98 93 92 74 116 103 124 121 80 68 101 69 137 120 126 111 87 73 105 106 115 79 130 119 117 123 118 71 89 128 76 108 70 113 142 110 127 75 99 94 85 82 
 76: 137 67 111 98 128 108 116 133 92 115 86 82 125 90 122 96 135 78 87 75 136 103 126 69 110 77 88 100 79 141 99 101 107 105 144 140 127 112 83 68 124 91 138 66 114 123 102 142 120 89 106 134 119 109 104 84 93 97 73 131 118 132 76 81 80 130 121 95 70 94 117 113 129 74 71 72 
 69: 76 67 66 125 123 134 95 83 115 84 128 120 68 136 81 129 105 94 98 100 104 114 141 122 110 89 111 102 101 91 137 130 107 75 131 99 124 70 108 79 82 71 88 113 93 77 92 90 74 126 69 112 78 97 73 96 121 118 86 135 138 72 144 87 119 142 127 116 80 
 63: 121 142 88 111 123 74 79 94 75 140 126 99 70 78 80 107 97 128 92 101 102 134 103 125 96 71 84 90 141 87 138 72 69 124 110 112 81 131 120 132 117 95 100 119 133 135 98 68 113 129 89 122 85 108 127 77 82 118 76 137 115 67 93 
 61: 136 111 122 74 105 101 129 132 82 70 100 133 80 126 103 142 90 124 114 89 94 93 113 88 140 130 125 86 106 71 104 102 128 97 120 85 87 135 131 75 115 123 107 83 109 137 68 67 116 144 77 117 138 121 69 110 66 98 91 81 76 
 66: 105 92 69 110 118 91 113 134 127 82 102 119 126 90 98 77 79 66 111 114 142 123 144 84 116 75 128 96 87 80 140 121 131 141 76 115 117 97 74 94 106 104 81 125 88 137 120 86 135 129 136 130 108 112 70 138 71 72 78 73 68 99 89 93 100 107 
 77: 80 120 135 127 79 90 105 70 110 87 75 117 76 102 106 101 67 103 86 107 116 91 134 69 100 92 72 98 121 73 133 138 137 68 94 142 78 84 114 82 131 81 96 144 128 71 112 99 124 85 141 109 136 97 77 104 122 113 115 140 129 123 130 95 83 132 111 119 89 108 66 126 74 125 93 88 118 
 59: 113 122 80 89 104 76 83 91 123 94 110 96 73 144 134 128 75 98 69 85 70 79 106 86 71 97 81 120 78 133 109 108 119 72 102 107 111 129 112 99 114 82 100 93 121 66 67 130 116 105 136 131 117 68 140 95 137 74 142 
 59: 133 129 77 142 88 76 86 103 84 83 125 87 135 98 122 141 78 96 107 124 128 113 91 72 71 106 67 73 118 131 66 127 108 119 109 114 94 89 144 132 97 95 105 134 93 112 140 120 80 79 117 70 68 85 90 102 81 121 104 
 72: 100 131 114 126 75 107 134 92 78 104 72 90 117 122 125 89 108 109 74 123 84 124 81 137 129 97 73 91 95 101 115 87 66 83 79 142 140 88 67 144 96 135 112 119 116 106 127 85 68 99 80 77 69 82 121 98 105 86 128 111 76 118 113 70 130 141 94 132 103 71 138 133 
 71: 107 102 104 118 84 127 93 71 85 100 137 91 134 119 105 135 92 140 111 74 96 73 70 97 113 133 80 131 90 86 87 120 103 83 141 114 130 122 132 95 79 81 98 66 129 68 108 101 116 115 94 75 110 82 142 123 117 88 144 78 112 72 99 69 121 138 124 77 125 128 126 
 66: 91 143 102 137 92 100 114 116 119 140 156 120 104 123 157 145 93 111 90 98 108 141 94 131 105 96 134 95 117 126 129 133 153 142 121 148 97 115 122 88 86 147 101 146 89 144 103 87 151 128 152 84 139 85 158 130 118 109 150 138 127 112 106 110 99 135 
 59: 130 97 144 147 138 135 99 149 87 141 107 114 101 117 118 121 157 151 112 86 92 156 143 132 96 133 148 104 109 127 102 110 152 100 123 122 140 91 136 137 93 94 129 150 134 116 111 115 153 146 90 139 131 98 89 105 103 128 158 
 55: 87 99 132 123 124 129 111 85 97 137 113 93 100 94 109 136 107 130 152 118 98 112 105 149 138 96 114 91 104 158 120 133 89 115 142 95 153 121 122 126 146 139 134 150 145 90 92 128 143 127 103 86 131 151 141 
 57: 94 96 92 108 101 153 115 152 128 116 105 98 146 130 145 136 93 107 102 140 124 156 114 158 91 121 148 151 129 133 111 118 144 90 125 110 150 141 103 89 143 123 139 100 88 117 120 132 99 131 135 95 157 138 106 84 97 
 67: 116 101 108 148 141 88 90 149 87 107 104 136 153 105 152 145 121 103 128 130 100 106 123 140 146 124 119 89 138 91 142 96 117 135 133 131 113 114 143 151 147 98 139 92 85 99 95 109 129 120 102 110 158 144 125 122 137 93 111 112 127 157 97 156 84 86 134 
 65: 117 126 96 85 107 114 112 99 102 149 115 105 95 92 119 90 84 148 89 135 132 104 98 88 109 143 106 157 134 131 118 146 156 120 127 93 111 122 100 103 151 124 130 97 86 158 137 138 121 110 144 125 128 147 142 153 116 94 123 101 87 139 129 133 145 
 61: 128 97 135 150 117 148 149 151 124 125 106 127 123 84 116 105 146 131 88 137 142 153 100 134 98 157 86 95 139 129 89 112 130 147 113 111 104 122 118 143 85 152 115 156 126 107 141 138 110 94 92 133 120 136 158 91 132 114 119 109 96 
 62: 102 108 105 104 157 96 118 125 151 98 131 145 85 124 146 89 132 147 88 126 141 152 86 107 103 100 93 137 111 99 127 148 140 150 84 97 115 101 123 143 156 94 121 149 110 129 136 134 139 117 128 122 87 109 114 142 153 144 120 91 112 92 
 59: 157 85 146 113 130 143 96 142 150 122 124 106 128 100 108 149 152 147 126 134 118 89 117 116 135 88 104 138 129 94 99 151 92 97 84 156 98 87 139 103 90 91 119 101 93 127 105 125 121 107 137 102 123 153 148 132 111 112 145 
 70: 117 90 99 112 115 144 110 152 149 116 92 111 141 124 153 114 150 132 94 131 128 119 142 100 109 138 147 140 129 122 95 126 106 148 121 157 136 113 88 91 118 103 130 137 102 97 107 143 134 145 156 125 105 158 127 93 108 123 96 85 89 84 101 133 104 87 86 120 146 98 
 59: 112 86 118 94 123 129 110 85 130 138 146 157 103 101 115 102 98 107 106 114 126 133 92 150 93 122 111 84 113 148 135 151 119 156 132 142 137 108 117 139 120 96 104 95 149 124 128 87 136 100 109 158 134 141 145 153 116 131 89 
 65: 93 101 145 153 146 140 141 136 148 117 124 122 137 134 112 86 108 106 111 84 128 127 99 119 147 91 85 132 105 121 107 92 95 133 120 158 94 116 110 125 96 135 89 113 130 150 115 157 138 129 131 139 114 103 109 97 100 88 151 143 98 149 142 87 118 
 57: 146 112 153 97 157 130 86 104 147 120 88 96 144 95 114 115 152 145 128 99 129 108 156 100 113 150 91 137 87 105 123 102 117 149 116 109 110 89 98 139 143 140 124 138 122 101 127 133 93 94 85 103 92 126 141 148 84 
 59: 132 104 141 133 112 108 129 138 143 109 144 124 147 137 150 135 114 96 158 98 130 118 90 142 119 105 121 149 152 115 99 145 101 100 106 131 86 94 95 91 156 102 127 146 113 128 153 107 151 110 117 84 125 157 89 93 111 116 92 
 60: 148 108 102 93 105 88 119 100 84 87 145 124 143 151 156 126 153 122 85 125 103 139 98 149 118 131 120 123 96 121 94 112 91 115 130 90 95 144 152 92 86 99 128 140 150 113 101 157 117 134 137 106 127 111 141 104 109 116 135 114 
 72: 127 108 125 150 148 95 122 149 126 112 134 145 93 129 146 86 96 142 105 117 85 158 107 120 147 140 144 94 135 89 139 110 90 151 97 153 116 109 115 131 133 124 103 136 102 130 156 114 101 141 87 137 106 128 113 121 100 132 138 123 143 98 152 157 91 99 92 111 88 104 84 118 
 58: 144 131 119 142 98 152 108 134 124 146 116 111 96 135 125 113 147 140 105 109 120 138 121 91 107 114 148 151 128 133 158 102 150 87 143 139 136 112 122 92 100 115 130 84 149 137 153 104 94 86 141 85 93 118 126 90 129 88 
 67: 158 125 88 90 140 127 106 93 116 84 130 94 149 157 104 153 120 99 86 114 135 148 124 119 96 123 100 108 138 92 115 133 126 95 103 131 107 146 132 110 152 137 147 150 128 144 102 139 105 151 112 117 156 91 97 145 111 121 134 118 87 101 122 129 142 141 85 
 71: 118 151 98 153 132 148 133 149 147 143 156 134 140 113 128 96 110 97 141 138 85 115 89 101 152 112 90 104 87 121 124 106 108 139 135 120 142 122 86 92 93 105 99 107 130 91 84 136 94 150 126 100 158 123 131 157 145 116 117 127 111 102 88 144 119 95 103 129 125 109 146 
 60: 149 84 116 111 96 153 107 134 91 143 131 119 104 106 109 110 157 99 140 87 86 114 132 94 85 121 148 122 93 108 113 144 117 97 89 88 118 124 139 127 158 125 135 112 133 101 145 103 151 128 156 136 130 152 137 100 102 98 92 120 
 58: 102 149 84 87 120 113 128 138 145 86 99 130 146 133 100 98 108 132 125 124 131 89 90 135 121 157 94 112 129 142 139 126 114 140 144 95 97 103 134 104 122 156 123 116 110 141 148 85 92 93 153 107 151 117 147 91 96 150 
 59: 140 116 129 127 128 90 102 130 85 146 152 136 110 89 121 119 124 132 117 144 86 94 107 151 153 101 149 120 108 88 131 104 84 126 148 125 133 118 96 157 93 99 100 105 114 115 150 111 137 91 122 113 95 106 142 97 123 147 139 
 64: 132 123 94 149 102 113 130 86 109 127 96 120 124 108 144 147 143 115 99 112 150 89 114 125 158 122 110 100 141 140 133 148 101 151 153 121 93 129 136 145 118 85 87 117 104 97 146 134 119 128 106 157 111 126 139 105 92 152 142 138 116 98 95 103 
 65: 87 128 152 149 143 126 145 123 109 133 151 122 135 129 102 99 95 84 125 136 100 158 113 148 134 120 153 121 139 118 86 150 117 140 104 97 132 93 111 114 137 110 147 107 103 112 115 101 127 138 94 119 91 142 124 90 141 108 88 92 85 98 105 89 146 
 62: 119 96 97 151 99 129 112 116 122 141 92 102 158 86 100 137 121 91 153 146 126 117 105 127 115 156 140 135 132 84 85 149 144 109 104 136 138 107 87 89 120 134 152 114 106 90 145 101 157 128 118 123 148 103 142 131 133 139 88 93 143 98 
 71: 156 108 91 120 89 141 142 101 86 123 121 130 99 152 118 107 125 139 132 150 110 129 92 145 138 151 88 126 95 105 143 149 103 135 157 127 133 87 148 146 111 96 104 112 100 114 153 136 128 122 137 116 97 106 134 113 109 85 147 90 93 84 119 140 115 144 94 102 124 158 98 
 56: 100 118 110 132 133 86 150 136 143 103 142 134 145 119 120 98 147 149 101 146 117 109 95 144 113 104 107 152 112 106 84 116 127 90 122 126 85 125 141 137 92 111 96 139 140 88 87 102 151 131 123 129 97 124 158 91 
 57: 111 109 138 139 107 86 134 123 104 126 144 101 125 105 156 131 137 119 130 149 158 103 115 124 153 112 122 151 141 91 135 157 98 145 99 116 152 150 110 87 133 117 127 106 96 136 118 108 146 143 132 114 88 102 147 89 100 
 70: 128 130 127 151 126 157 109 97 156 98 124 129 91 86 147 111 105 88 132 95 110 119 102 142 117 153 108 85 99 134 114 106 144 135 141 84 92 112 148 93 115 118 103 123 150 149 136 152 143 104 145 90 87 113 138 131 121 100 140 120 146 122 139 133 94 125 158 116 137 96 
 58: 149 95 116 152 143 92 114 101 96 132 151 103 102 137 145 157 150 104 123 87 108 125 146 136 140 97 115 113 124 147 129 110 148 89 86 106 138 88 112 93 120 134 119 126 133 158 111 122 135 153 109 117 131 141 85 105 100 121 
 59: 147 137 153 114 148 90 146 116 121 84 144 141 149 133 102 131 127 118 104 94 125 130 95 152 150 113 119 103 105 158 100 140 129 145 157 89 92 101 142 98 120 97 85 128 132 123 96 151 143 87 139 117 99 122 135 111 107 109 124 
 61: 134 86 151 132 104 99 120 113 96 123 88 139 156 133 111 116 147 149 150 142 115 157 109 110 136 143 135 102 129 101 94 122 118 107 127 130 84 112 114 85 124 91 131 144 87 98 117 128 138 108 158 126 92 125 152 103 121 145 140 95 146 
 64: 151 157 162 159 163 188 221 164 167 217 179 205 155 202 199 206 175 180 187 177 213 154 197 219 170 176 203 169 171 156 173 186 196 149 185 161 189 192 160 168 212 165 178 215 201 153 194 204 193 220 172 190 182 174 181 148 184 150 210 183 195 191 198 200 
 57: 183 151 162 159 155 185 190 165 160 171 192 157 170 202 158 164 167 176 152 191 212 194 168 166 196 213 189 203 193 178 174 177 219 149 181 173 188 204 205 197 220 161 179 180 156 221 217 175 186 187 198 215 201 210 172 153 195 
 55: 187 203 157 158 162 180 181 148 197 156 169 176 173 151 161 205 198 194 165 220 210 172 152 154 185 168 171 186 177 174 167 178 188 189 202 166 150 175 163 193 182 217 204 201 190 213 196 184 170 192 183 215 160 219 159 
 67: 194 198 195 183 177 193 164 212 201 173 168 148 165 170 163 176 221 217 220 167 149 181 203 213 185 189 154 180 162 160 175 161 199 204 215 190 184 152 178 187 179 210 158 200 153 191 166 192 169 219 188 202 205 174 172 196 159 155 206 182 157 151 197 150 186 171 156 
 60: 171 202 173 188 201 195 159 189 191 204 203 153 220 215 176 165 198 221 167 172 183 181 155 156 164 194 186 151 217 150 148 154 178 190 177 184 152 197 161 206 149 158 196 200 179 210 180 175 212 168 169 174 219 199 192 157 170 166 163 205 
 51: 182 156 196 167 213 176 152 191 168 199 186 189 215 163 179 195 160 220 178 158 221 171 212 197 149 150 205 154 151 210 172 185 161 164 219 155 157 173 174 201 162 194 204 184 165 200 198 159 175 217 190 
 60: 173 221 162 148 206 168 169 157 180 193 178 153 212 154 151 196 150 202 210 174 213 199 181 164 203 198 175 171 156 176 189 190 166 163 179 170 217 220 187 152 159 172 183 200 155 184 167 149 201 182 160 188 185 194 215 205 219 204 191 197 
 52: 172 154 217 164 158 182 203 155 190 148 213 194 165 201 183 186 153 149 177 204 189 176 162 178 191 219 180 192 198 150 202 167 159 188 185 175 170 206 221 205 195 184 157 193 187 220 181 169 156 163 152 179 
 64: 168 164 159 199 198 149 175 187 219 193 186 158 152 176 169 173 220 170 202 190 189 201 150 167 182 177 161 194 162 148 188 203 206 197 192 165 184 179 196 180 151 213 154 205 195 204 185 181 166 160 171 153 212 217 210 174 191 215 200 155 163 221 172 157 
 58: 178 204 149 205 156 189 167 200 195 188 217 199 210 177 173 176 184 196 206 202 180 170 160 158 213 150 190 193 183 212 181 168 152 186 157 164 165 151 174 185 192 198 175 194 219 153 169 221 161 154 155 162 203 191 179 166 148 171 
 60: 199 204 196 179 191 195 177 170 162 210 148 173 149 174 161 171 203 166 176 156 206 183 150 198 167 193 153 220 182 151 159 180 155 213 157 168 160 158 219 172 169 217 187 181 197 192 154 184 165 152 186 202 215 194 164 175 190 189 205 185 
 52: 198 164 154 213 149 178 219 162 188 167 177 191 202 189 157 171 187 172 161 158 153 200 150 203 196 215 182 175 155 186 176 163 184 197 151 221 205 217 156 165 206 210 170 148 168 166 179 181 152 201 194 173 
 57: 195 187 150 219 192 181 205 197 190 201 200 188 220 171 152 169 170 180 184 213 156 172 175 148 221 203 158 198 193 206 204 186 153 164 185 179 173 176 160 212 151 183 159 215 154 191 194 182 217 165 202 155 149 189 167 210 161 
 64: 157 179 148 169 164 204 156 188 171 163 153 203 215 212 199 219 168 180 185 197 190 155 194 189 161 151 159 191 166 205 174 160 206 150 182 158 192 193 177 173 184 178 198 186 181 220 152 149 217 162 210 195 154 201 213 187 202 170 196 183 167 165 175 200 
 61: 162 152 217 194 202 154 221 197 172 150 188 178 159 195 163 220 177 165 199 212 213 174 183 190 187 200 173 164 192 149 166 179 184 215 191 168 182 155 185 204 198 203 186 161 167 153 193 151 157 181 206 180 205 201 156 176 170 219 189 169 196 
 66: 157 191 172 184 215 181 205 206 168 179 196 187 182 189 183 203 161 174 158 156 162 165 173 176 151 185 160 166 188 171 152 195 148 155 199 192 177 193 219 169 201 190 167 217 221 153 150 186 220 163 212 175 213 200 210 194 170 180 178 202 154 164 149 159 197 204 
 61: 200 160 196 164 176 171 153 194 170 168 167 220 192 217 183 188 155 157 177 184 195 179 212 180 205 178 158 154 203 161 151 204 182 206 162 173 191 156 198 201 165 148 197 172 149 187 202 150 163 186 210 159 193 189 185 219 152 174 190 215 221 
 60: 200 149 181 180 203 210 167 195 161 154 150 163 156 220 175 221 151 215 170 217 198 194 190 186 184 187 178 168 205 155 202 219 160 192 212 162 185 182 152 164 199 169 191 171 196 213 148 204 174 201 177 165 158 153 197 173 193 188 172 183 
 60: 177 180 150 186 220 169 175 187 212 154 163 203 157 171 205 190 188 152 191 158 159 178 165 168 195 193 167 197 148 156 198 200 219 199 155 210 215 202 192 183 151 221 204 182 173 161 217 184 194 174 149 153 164 160 213 176 166 206 170 201 
 64: 186 190 160 196 175 171 193 156 173 151 198 149 201 184 178 169 159 155 162 195 150 206 194 210 163 172 177 188 204 181 202 153 192 215 148 168 203 182 154 165 221 161 179 166 199 152 157 176 167 191 200 185 183 220 212 213 158 174 197 219 164 180 189 170 
 61: 221 152 169 161 164 185 175 212 213 188 157 202 154 220 170 160 155 173 156 195 180 199 172 197 191 177 149 179 174 158 203 217 162 176 184 189 163 153 192 210 198 171 219 167 187 215 204 168 206 205 183 159 166 165 194 151 150 178 182 201 200 
 59: 184 156 149 169 191 166 221 202 206 150 161 215 203 185 177 163 198 197 199 193 201 195 210 188 172 219 181 178 176 167 179 194 220 165 159 182 200 217 168 153 192 164 152 173 162 205 175 186 190 180 154 170 189 148 158 160 151 212 155 
 51: 175 171 194 177 148 158 159 169 198 168 205 149 163 180 215 184 204 166 162 161 201 179 152 181 186 192 155 165 160 190 176 202 206 196 178 154 189 220 193 221 156 157 183 182 164 213 219 191 174 185 173 
 51: 181 170 177 220 206 164 217 195 152 171 189 192 150 185 163 180 158 161 204 162 191 198 215 183 155 176 190 188 182 159 186 210 156 169 175 168 167 157 205 200 213 212 178 197 221 193 187 172 166 148 174 
 63: 204 205 180 210 211 199 183 234 174 163 173 184 203 177 162 187 168 193 221 228 188 172 171 227 198 225 197 209 196 229 224 194 192 182 220 202 165 206 216 215 217 166 170 214 218 207 201 200 191 219 164 195 186 223 222 230 232 167 185 231 213 169 208 
 68: 165 193 211 162 216 171 180 196 164 215 212 195 197 229 186 222 163 214 209 185 224 198 187 176 199 168 190 182 191 205 167 207 166 188 202 234 177 225 194 230 170 221 204 189 200 184 217 226 208 192 232 223 213 219 210 233 203 220 228 218 178 201 181 169 183 206 174 173 
 63: 197 196 210 221 192 167 184 223 187 194 200 218 214 228 226 217 178 216 174 205 169 227 163 185 224 233 181 220 208 182 177 212 234 175 206 170 193 191 225 219 230 190 198 202 211 173 207 162 199 171 179 231 180 164 183 186 165 172 204 232 213 209 188 
 62: 206 162 203 214 176 201 164 199 212 200 188 222 198 213 221 174 217 215 229 224 218 194 178 233 185 187 193 234 216 225 228 165 231 211 180 179 226 190 181 171 196 183 223 169 208 207 210 170 175 182 186 166 192 227 197 195 168 205 209 184 219 177 
 63: 168 211 169 185 171 177 215 173 233 229 165 193 217 214 224 172 188 178 203 186 182 208 190 202 227 184 192 231 222 212 189 207 226 204 164 170 181 206 163 183 194 232 197 225 219 199 187 167 180 162 210 200 201 175 228 195 230 218 220 174 179 191 176 
 68: 183 212 200 228 204 226 229 185 189 210 180 168 211 170 165 182 234 164 233 167 225 221 194 196 172 173 222 216 206 187 186 201 179 202 197 169 175 174 209 207 203 227 220 195 219 176 205 184 217 193 178 231 198 190 191 199 230 177 213 163 218 214 162 166 215 223 224 208 
 58: 187 199 219 221 208 176 225 165 181 205 164 193 192 233 209 171 227 231 226 217 224 186 211 162 185 166 207 210 223 216 173 214 218 188 203 177 197 172 167 179 204 183 174 196 175 180 215 182 191 168 194 202 228 230 200 229 198 206 
 62: 215 228 171 198 186 178 165 232 182 187 208 213 190 221 163 216 183 169 199 227 204 234 197 164 207 193 196 219 218 211 220 222 191 223 205 179 162 175 225 217 173 194 184 195 209 229 189 202 206 167 176 224 226 180 174 230 166 170 233 201 168 214 
 65: 199 173 231 205 204 164 220 208 233 170 168 181 223 192 190 222 187 174 234 209 188 194 203 211 180 200 198 213 176 177 162 217 216 207 179 230 186 171 225 167 178 202 226 215 197 224 214 191 169 227 193 221 195 228 219 185 189 201 163 183 229 172 184 210 196 
 57: 211 230 228 177 219 216 164 170 175 167 227 210 224 214 176 206 213 229 218 233 207 183 190 200 172 185 188 231 203 232 202 192 187 226 217 201 205 174 179 221 168 234 196 199 191 181 195 198 180 182 204 197 225 220 189 184 212 
 63: 177 188 189 210 195 211 214 185 212 193 221 217 199 186 179 191 183 190 165 208 230 225 207 233 232 218 206 215 192 200 205 194 227 182 171 176 178 170 187 229 216 166 196 222 202 197 181 204 164 168 231 224 163 219 174 226 213 203 169 180 167 234 209 
 61: 222 201 165 183 212 217 199 197 229 228 194 202 182 220 225 206 163 190 185 209 216 192 232 213 231 214 205 175 230 200 168 193 172 218 221 234 211 195 180 173 204 162 187 227 191 177 181 169 233 198 174 226 207 171 178 224 215 208 176 189 179 
 60: 201 227 225 191 172 197 203 224 231 230 192 175 176 206 217 189 210 218 178 220 162 221 208 167 165 196 214 226 207 183 199 200 193 213 188 190 212 163 229 169 209 166 170 164 233 185 181 222 177 168 187 211 186 174 202 171 205 232 223 179 
 69: 194 210 179 197 192 223 171 198 230 164 166 174 218 234 229 222 213 233 182 225 220 228 212 163 177 190 199 181 191 196 186 216 224 215 180 185 231 183 176 175 201 195 204 184 167 214 188 162 170 173 219 209 211 168 178 208 206 217 221 227 193 189 202 187 200 205 207 203 169 
 68: 220 210 184 200 180 186 175 221 204 207 188 177 183 209 192 195 173 215 216 219 171 165 179 211 187 182 169 212 174 205 231 197 170 199 198 201 224 233 226 214 185 230 203 162 172 228 229 225 166 178 163 206 227 164 190 234 232 181 191 218 222 202 223 176 196 193 208 167 
 62: 212 197 223 230 185 194 216 233 201 205 189 188 226 190 187 162 200 232 209 182 183 224 196 193 165 210 191 211 184 166 218 169 179 203 199 178 171 213 229 168 227 198 219 204 172 214 173 180 163 228 206 221 215 234 192 170 195 220 174 208 231 217 
 58: 190 186 196 230 231 168 206 203 169 212 174 232 176 221 177 162 233 229 200 164 207 211 218 187 220 192 208 199 167 202 222 228 224 215 219 214 225 213 216 170 172 181 175 180 205 173 163 178 227 165 195 194 179 185 198 223 193 234 
 67: 228 231 226 206 207 200 210 184 185 232 205 177 212 183 192 215 182 169 194 174 213 186 208 173 218 176 181 195 229 191 214 167 189 180 171 170 225 164 187 163 221 234 230 224 175 179 211 233 202 162 219 222 165 168 190 223 172 196 178 227 199 204 209 203 166 220 201 
 58: 195 168 206 186 197 178 212 165 231 221 187 203 199 185 217 215 223 172 213 166 201 175 162 202 219 227 218 192 176 230 163 193 174 181 189 180 205 204 173 222 210 211 183 209 200 179 164 224 228 184 207 170 194 188 220 191 190 182 
 61: 226 184 183 188 230 162 173 222 221 197 227 166 174 164 178 168 233 203 207 189 234 194 191 218 214 172 224 211 193 220 181 213 216 223 201 206 180 198 185 177 186 204 225 167 215 219 229 202 208 175 212 199 205 200 210 182 228 190 171 176 217 
 60: 208 200 212 177 190 217 193 181 164 232 174 227 206 234 211 219 167 233 225 173 168 191 214 183 197 195 221 170 176 180 201 192 162 169 213 179 231 194 187 215 165 186 185 230 226 163 228 216 188 166 196 209 202 204 205 189 218 210 172 224 
 60: 189 223 184 169 205 197 222 192 228 209 224 167 181 185 201 225 231 214 227 182 220 202 215 174 226 211 212 233 198 216 180 210 232 178 221 203 230 165 186 218 173 170 200 219 217 175 199 179 206 207 190 168 213 162 163 234 229 195 191 193 
 61: 189 205 207 204 214 198 222 186 206 230 215 164 221 233 187 166 217 209 193 170 201 210 169 173 195 165 197 208 190 180 216 228 219 179 229 183 234 223 231 175 218 192 162 174 177 211 185 168 202 182 212 213 171 196 232 225 163 178 167 176 220 
 58: 227 202 200 175 192 196 168 201 185 218 234 188 183 206 174 211 190 204 230 215 182 181 162 178 172 195 226 167 225 177 187 219 217 224 231 221 173 216 194 186 193 199 210 170 180 223 197 208 214 233 205 220 207 166 165 232 222 179 
