# Data generated from a SDPTSP-E instance solved in two phases
# nbTasks=212, nbWorkers=138
# Random number generator seed = 0
Type = 1
Jobs = 212
 362 472
 363 474
 364 446
 367 384
 375 488
 384 432
 387 487
 388 464
 396 467
 402 504
 407 451
 411 527
 414 506
 420 526
 433 477
 450 542
 452 565
 460 508
 469 585
 483 517
 485 591
 485 592
 485 604
 497 587
 501 566
 513 541
 515 568
 523 599
 523 601
 529 566
 530 649
 542 580
 542 644
 545 653
 546 619
 546 626
 559 649
 577 628
 580 697
 583 641
 592 699
 592 703
 593 614
 593 650
 596 637
 600 620
 601 672
 604 663
 606 658
 608 668
 631 746
 632 748
 637 675
 644 716
 653 743
 661 706
 669 762
 670 707
 676 710
 683 785
 684 765
 704 794
 705 797
 707 806
 711 796
 717 776
 723 760
 728 798
 738 816
 740 759
 745 838
 748 811
 754 800
 760 810
 780 897
 797 874
 799 887
 850 905
 851 954
 852 910
 852 919
 856 950
 861 906
 888 944
 899 1016
 910 1007
 913 996
 914 1009
 915 993
 918 1015
 927 952
 936 1051
 954 1065
 966 1029
 971 1059
 981 1086
 984 1052
 989 1103
 1006 1065
 1010 1069
 1013 1070
 1021 1081
 1030 1148
 1037 1112
 1038 1155
 1046 1098
 1046 1132
 1050 1122
 1061 1109
 1061 1163
 1073 1112
 1082 1107
 1096 1155
 1101 1211
 1110 1206
 1121 1238
 1125 1242
 1129 1185
 1131 1177
 1142 1241
 1146 1238
 1159 1243
 1161 1220
 1167 1237
 1169 1252
 1174 1287
 1180 1246
 1183 1256
 1187 1306
 1200 1307
 1201 1220
 1221 1280
 1223 1312
 1223 1320
 1230 1316
 1250 1270
 1258 1289
 1260 1307
 1267 1319
 1274 1291
 1279 1396
 1290 1397
 1298 1412
 1312 1393
 1321 1353
 1334 1430
 1343 1453
 1360 1437
 1381 1478
 1394 1500
 1394 1511
 1413 1470
 1445 1503
 1450 1536
 1454 1539
 1460 1519
 1469 1529
 1470 1575
 1479 1545
 1483 1540
 1485 1533
 1493 1557
 1493 1571
 1494 1604
 1503 1544
 1511 1597
 1513 1624
 1516 1605
 1519 1582
 1543 1604
 1544 1609
 1545 1564
 1560 1679
 1569 1662
 1572 1633
 1579 1694
 1587 1625
 1590 1651
 1600 1710
 1603 1632
 1607 1663
 1607 1664
 1613 1726
 1618 1729
 1636 1722
 1639 1736
 1641 1725
 1644 1708
 1647 1707
 1649 1739
 1651 1749
 1664 1723
 1678 1778
 1682 1779
 1683 1793
 1685 1701
 1688 1802
 1702 1728
 1717 1783
 1719 1799
 1736 1821
 1758 1851
 1760 1776
 1764 1832
 1781 1851
 1784 1860
 1787 1904
 1791 1859
 1798 1846
 1805 1856
 1813 1906
 1866 1912
Qualifications = 138
 73: 45 53 51 13 41 4 55 28 16 66 12 11 35 25 20 50 58 10 47 29 59 22 67 17 15 60 42 37 49 6 19 65 36 38 72 27 46 0 68 70 2 30 71 34 7 1 54 62 9 21 26 73 24 3 44 32 64 39 43 14 5 18 63 69 8 23 31 56 57 52 61 33 40 
 56: 30 24 35 19 9 57 65 64 73 42 37 34 25 17 13 43 2 3 11 69 32 7 45 58 8 12 4 29 44 41 39 1 27 68 59 5 52 54 15 70 51 53 72 47 55 49 40 26 62 48 33 60 63 71 31 16 
 72: 33 7 0 59 26 65 11 32 51 44 9 50 38 8 70 25 54 19 4 27 5 57 14 28 37 36 17 67 60 29 31 2 20 18 64 22 73 68 10 52 16 35 12 61 66 39 53 21 42 34 55 48 13 6 58 62 41 3 24 23 69 15 40 45 30 72 46 49 71 1 43 63 
 65: 68 8 35 59 36 11 2 0 32 48 63 9 28 46 69 64 30 50 61 13 62 20 44 55 49 58 42 18 5 25 27 41 33 40 54 15 22 29 7 47 14 1 16 24 72 57 53 52 39 73 70 19 67 17 26 45 65 51 23 66 34 37 56 60 12 
 73: 41 48 6 30 64 21 31 18 59 57 24 23 68 9 72 19 10 50 52 17 43 35 32 15 14 7 65 39 38 1 27 0 36 45 66 63 49 20 33 29 53 44 60 5 55 47 34 46 42 71 61 28 70 11 56 51 69 26 16 13 73 62 8 67 25 37 3 58 40 54 12 22 4 
 70: 36 22 15 0 2 14 53 30 73 7 56 68 6 44 18 70 17 66 72 33 9 24 3 43 37 27 62 31 5 55 65 1 8 48 50 23 40 20 49 67 52 63 35 42 11 32 45 71 69 51 29 54 46 47 26 16 34 21 59 25 38 61 57 41 13 58 64 10 28 4 
 57: 8 28 39 31 1 24 64 34 57 26 41 67 59 2 48 29 55 47 15 25 14 54 5 36 32 9 16 0 37 38 56 22 51 27 7 6 72 63 12 50 66 61 62 49 71 45 30 58 17 65 52 20 13 44 4 3 53 
 64: 34 35 71 37 22 0 10 16 60 4 20 62 38 40 70 65 28 24 9 61 26 13 21 50 6 67 45 42 56 48 59 64 47 39 19 55 46 44 8 52 53 57 31 51 32 7 23 29 36 43 69 14 17 63 18 54 1 12 58 41 72 68 49 66 
 72: 13 27 15 54 59 12 43 65 33 68 62 61 42 56 46 1 34 22 29 47 17 51 21 31 35 58 26 40 9 72 18 63 69 41 14 24 30 7 32 3 10 70 50 39 23 37 57 48 45 2 36 28 52 0 11 64 16 5 55 73 20 49 60 25 8 19 66 38 6 53 44 67 
 64: 26 67 23 25 49 1 36 56 66 39 68 7 27 35 53 73 15 34 58 48 42 50 6 60 24 10 43 11 59 55 46 14 41 40 33 4 19 54 8 45 13 52 44 18 5 16 29 63 31 22 9 17 65 32 71 47 21 61 28 72 0 3 12 62 
 57: 70 2 55 26 16 41 10 37 30 20 36 4 29 46 12 23 9 39 38 61 72 50 52 27 62 15 56 66 64 43 44 28 53 69 21 57 42 31 63 18 13 11 71 65 33 47 32 60 14 6 58 0 51 8 22 19 49 
 61: 3 38 66 68 61 57 14 72 73 8 70 59 20 69 9 60 42 29 4 37 67 50 30 21 0 47 19 62 34 28 58 6 52 23 63 35 51 65 32 53 43 13 54 27 46 2 31 55 71 26 12 5 24 11 45 22 64 49 36 44 41 
 62: 64 71 31 36 11 28 6 44 62 5 48 58 7 66 35 26 49 29 61 25 17 2 39 57 54 38 15 70 9 72 4 59 65 1 40 52 32 55 14 12 22 51 20 53 8 24 43 10 13 47 46 16 45 34 37 21 60 56 41 30 50 73 
 59: 47 45 54 15 63 72 58 39 52 69 73 53 0 13 38 9 20 6 3 24 55 32 42 40 26 62 16 17 7 44 10 2 27 23 11 46 68 35 21 57 19 59 64 65 67 43 66 41 51 60 5 61 70 12 37 4 14 22 36 
 62: 6 49 28 20 56 46 33 13 68 11 42 52 32 37 54 60 12 73 39 71 63 18 69 70 24 72 50 2 0 66 27 61 48 14 17 30 9 5 44 59 62 25 64 53 16 10 41 51 8 4 38 40 7 55 45 21 65 35 34 29 57 36 
 73: 0 57 52 20 49 6 2 44 63 67 36 39 11 45 18 30 65 61 29 60 22 25 9 40 17 35 19 3 69 56 41 51 26 59 31 58 21 16 14 73 43 55 13 5 12 53 15 7 54 4 38 27 46 28 10 1 70 24 47 8 64 42 71 32 50 37 23 62 66 33 34 72 48 
 73: 6 15 69 1 36 70 67 65 12 4 51 50 66 37 71 17 60 21 19 58 13 52 54 3 49 20 62 27 34 18 23 53 33 61 24 22 0 29 42 44 45 48 31 59 2 56 40 25 43 73 10 57 46 32 30 7 9 28 72 38 39 55 63 8 35 68 26 41 16 5 14 47 11 
 56: 61 56 45 7 32 21 4 23 2 6 12 34 27 1 52 24 58 25 40 44 16 68 28 15 10 0 41 46 22 5 65 60 66 71 59 33 38 70 30 69 64 37 26 62 49 73 11 3 18 63 43 35 53 39 19 51 
 67: 2 25 0 38 47 28 48 20 13 3 60 32 29 35 49 40 69 24 10 66 11 1 17 7 22 42 27 67 23 56 73 9 5 58 68 8 50 12 6 37 54 65 15 39 72 55 19 30 52 61 34 44 62 46 70 63 31 57 59 4 14 43 51 26 45 64 18 
 73: 47 30 32 18 0 46 66 54 28 41 2 44 71 45 4 40 57 69 62 16 21 23 27 25 38 22 61 58 24 19 9 12 36 7 34 43 37 39 53 5 56 73 11 51 59 3 67 70 52 35 20 55 50 64 1 26 48 42 68 65 15 31 14 17 6 49 72 60 10 8 29 13 33 
 61: 37 33 68 45 6 64 32 41 34 18 63 60 10 44 36 31 70 69 16 3 50 2 55 66 28 26 17 49 65 11 57 54 23 4 62 27 7 20 53 48 51 52 9 19 47 42 73 25 56 12 14 35 58 59 71 38 43 40 29 46 8 
 71: 58 45 41 43 19 27 1 32 59 72 50 4 37 35 7 16 65 20 18 34 31 56 9 73 24 62 61 12 25 39 40 36 67 14 33 71 51 52 69 44 21 2 11 46 29 49 64 47 15 26 55 54 28 60 10 22 66 23 5 68 13 8 38 53 57 70 48 17 0 6 30 
 56: 49 71 14 72 18 32 40 68 4 63 15 34 73 64 8 58 16 66 47 35 24 23 31 11 27 53 55 54 30 28 33 45 13 51 29 25 2 52 48 20 19 43 46 59 44 37 7 61 26 42 62 0 38 36 39 1 
 67: 19 15 2 28 0 47 59 73 8 66 11 60 27 46 38 34 48 41 36 62 30 40 13 63 21 32 58 53 18 12 71 9 65 1 10 70 14 20 3 31 51 7 43 37 61 50 33 29 4 17 35 52 44 57 39 49 26 69 45 72 16 42 22 64 25 54 6 
 59: 29 48 51 27 2 39 0 56 33 5 22 30 17 7 63 40 50 38 61 55 41 71 21 25 24 65 3 58 54 10 72 43 12 37 31 23 26 28 32 16 11 19 9 57 45 36 60 1 66 13 18 8 68 46 70 69 14 20 53 
 64: 52 83 37 79 20 30 44 57 45 78 70 56 26 71 48 61 69 51 23 72 54 38 19 64 58 24 63 40 73 74 80 75 33 34 35 41 46 42 49 60 31 55 67 76 28 36 68 47 77 29 22 50 66 43 53 27 59 90 39 65 25 21 32 82 
 62: 66 45 29 23 34 61 20 26 32 46 64 52 19 43 51 40 56 42 81 68 36 48 21 35 44 49 62 80 27 78 90 60 65 22 73 59 70 83 41 57 28 82 53 25 79 24 69 55 38 72 37 33 30 47 67 58 77 75 71 76 74 54 
 65: 30 82 47 59 35 76 55 27 79 25 31 80 19 63 90 32 68 40 66 56 28 33 67 60 26 21 65 78 77 23 53 20 61 71 39 41 38 48 52 57 24 72 37 50 58 44 36 54 34 46 22 64 45 73 83 49 70 43 42 29 51 81 69 74 75 
 58: 74 57 82 61 20 71 51 77 65 43 36 66 35 63 78 68 49 67 34 70 56 81 64 73 60 38 19 90 47 55 30 39 26 80 41 52 21 45 24 28 37 23 40 42 27 31 62 29 53 76 58 79 72 44 83 59 50 69 
 63: 35 58 49 47 30 63 61 45 69 34 31 65 71 40 27 68 82 41 19 48 50 74 81 21 20 26 70 51 53 46 83 73 24 39 38 32 36 37 25 57 52 29 33 62 28 75 77 42 43 22 44 80 76 56 78 67 79 72 66 54 59 55 23 
 66: 69 82 74 36 30 67 34 52 77 49 62 33 79 57 90 26 44 56 32 25 76 66 54 19 83 59 40 75 29 48 58 64 70 39 72 45 81 24 51 78 65 61 60 21 38 53 55 71 35 22 20 46 73 42 41 63 50 80 68 47 28 43 31 37 23 27 
 51: 23 74 42 67 52 47 35 62 26 48 55 72 70 49 66 65 30 56 46 31 77 38 61 34 53 59 81 58 83 19 29 50 43 73 40 39 25 63 79 82 33 78 21 51 41 36 57 20 24 68 37 
 61: 57 25 41 52 66 31 53 60 49 74 64 42 77 30 50 68 45 36 47 73 28 51 70 67 34 55 75 33 19 46 35 21 56 40 32 43 72 20 58 78 71 44 39 69 61 83 24 79 26 62 82 29 38 48 23 80 59 27 54 90 63 
 50: 36 35 74 24 48 26 29 19 53 90 51 80 49 55 59 81 61 58 63 56 44 54 82 25 40 20 69 65 60 46 68 32 77 79 67 31 23 45 50 27 33 62 66 52 39 34 73 47 83 57 
 55: 77 19 36 20 79 48 49 28 31 26 81 50 60 64 59 24 54 23 82 75 40 45 61 66 29 55 42 30 56 21 74 47 80 43 38 83 69 68 63 22 34 62 90 35 76 41 37 78 57 65 72 73 27 39 70 
 61: 49 40 66 79 64 28 29 27 81 67 31 60 50 43 75 58 24 62 35 33 76 45 25 78 52 32 72 77 51 55 61 46 82 48 56 71 54 20 53 80 69 74 23 90 34 63 30 73 44 83 47 19 68 21 65 42 39 38 37 59 41 
 60: 83 34 25 69 27 61 54 36 23 58 76 75 48 74 60 43 67 47 66 28 29 51 45 77 62 78 44 81 65 32 49 59 55 26 30 41 52 46 42 21 90 63 33 39 24 56 31 20 40 37 64 70 79 82 68 22 50 57 19 73 
 61: 61 68 80 21 41 55 58 75 73 44 65 57 39 42 64 19 20 62 22 37 35 43 52 40 56 90 30 50 72 36 32 34 25 77 76 47 74 51 45 31 33 69 53 46 78 81 82 83 23 49 28 27 54 48 66 60 79 63 38 26 70 
 61: 60 34 26 64 28 62 72 39 38 27 56 42 44 77 35 51 48 81 74 75 55 61 31 49 83 40 65 36 66 57 54 67 29 32 43 53 20 52 79 73 41 22 68 82 90 70 24 71 78 50 46 76 19 45 59 58 25 37 21 23 69 
 66: 73 80 46 90 74 27 25 82 62 79 56 64 76 31 24 34 37 38 42 19 29 61 44 60 35 58 52 30 65 69 41 20 54 28 33 75 70 68 47 53 49 50 36 22 26 32 21 39 51 55 23 63 72 77 45 67 81 59 57 48 71 43 66 78 40 83 
 64: 30 46 50 63 72 62 33 49 71 44 24 78 79 19 82 43 74 53 61 35 60 26 75 77 45 27 52 64 22 83 68 54 57 58 48 70 28 90 29 37 34 47 51 65 56 21 31 20 38 42 36 80 32 59 39 73 76 25 41 40 67 55 66 69 
 55: 39 33 79 41 30 54 64 37 53 19 40 23 38 28 56 57 47 35 69 29 27 45 68 90 32 26 44 49 80 25 21 73 48 62 51 70 58 50 77 72 24 34 82 52 22 61 78 46 36 63 60 59 65 74 71 
 60: 70 36 30 60 58 72 53 20 48 83 62 19 82 41 47 73 44 81 75 32 26 55 79 61 51 74 57 49 67 23 52 37 71 63 35 50 40 43 76 42 65 46 68 78 59 64 25 80 22 21 34 77 54 90 69 31 39 66 33 28 
 50: 44 69 63 38 41 55 78 53 60 66 81 19 62 25 64 76 30 74 40 65 51 61 22 27 57 68 77 48 46 50 70 72 75 79 39 67 83 54 49 42 31 36 80 82 73 45 20 35 32 33 
 53: 34 39 33 83 81 49 57 27 44 70 51 56 66 68 63 72 52 58 74 32 82 48 35 73 25 26 20 37 45 62 71 65 53 47 61 75 46 42 55 50 78 28 23 59 36 79 64 60 21 77 67 30 31 
 61: 22 32 30 76 55 59 81 74 61 51 50 36 44 26 48 54 60 39 49 90 19 38 80 21 63 72 62 69 83 75 71 23 73 82 24 33 57 66 43 77 53 65 52 45 64 70 34 25 37 29 46 78 67 20 79 68 42 31 41 27 58 
 62: 27 30 64 44 60 68 52 76 23 39 67 49 79 83 73 77 50 38 57 51 54 20 78 90 63 34 36 31 22 61 37 28 75 32 42 81 56 26 62 82 47 74 35 45 72 65 53 19 69 24 80 66 58 33 70 71 29 40 55 25 59 48 
 52: 69 31 62 80 41 73 56 76 82 19 35 58 28 54 32 70 51 39 55 60 68 40 43 37 21 45 77 81 33 29 34 46 22 53 74 72 78 25 71 61 50 57 20 30 64 42 26 90 75 49 63 67 
 52: 79 19 36 34 23 21 71 27 51 39 61 48 53 66 35 82 47 62 31 75 43 44 56 83 81 69 58 73 55 20 49 33 68 64 29 70 22 90 25 57 28 50 74 63 76 46 40 37 38 59 54 42 
 59: 24 90 35 45 54 75 69 19 57 80 70 30 58 62 49 37 31 73 42 43 26 22 50 60 44 66 63 56 34 53 32 74 81 71 78 79 67 27 46 38 52 39 47 29 41 36 48 61 59 65 20 76 82 40 68 55 33 77 64 
 60: 123 95 108 125 121 137 82 102 90 91 112 135 92 134 81 126 118 136 101 88 85 104 79 87 105 132 131 80 124 133 119 103 111 98 107 106 129 86 116 117 109 89 83 96 99 139 115 113 97 77 128 93 94 138 127 110 122 100 130 84 
 62: 89 116 86 139 102 128 135 97 110 103 117 131 83 85 138 81 126 95 130 94 132 121 84 111 106 127 119 109 123 134 82 91 78 108 133 90 105 124 77 112 115 136 125 120 118 88 137 80 101 92 107 99 96 122 93 104 129 87 98 114 113 100 
 59: 130 125 121 98 133 134 101 84 95 138 79 96 127 106 114 92 135 136 131 104 86 77 122 124 85 126 100 115 109 137 107 108 89 110 112 123 103 88 120 111 82 97 116 83 94 90 128 117 102 118 105 81 119 91 87 80 99 132 139 
 49: 137 80 114 86 85 105 98 115 133 110 120 134 118 94 107 121 87 112 126 106 89 128 103 99 104 101 100 136 102 91 77 93 125 116 108 117 139 109 81 130 138 129 113 131 124 83 78 97 111 
 55: 132 90 105 119 101 102 129 120 110 136 111 99 125 83 123 113 117 77 127 107 86 130 112 139 91 116 109 126 106 92 104 82 85 128 84 96 133 88 98 137 131 93 115 108 80 134 103 89 87 95 118 124 114 121 97 
 48: 128 137 84 131 78 102 98 104 136 83 114 91 129 110 115 94 93 95 88 118 139 130 134 100 103 111 127 122 108 87 96 97 79 116 113 121 89 81 117 106 101 107 105 99 135 123 80 138 
 58: 130 125 119 110 81 114 132 97 138 135 84 83 94 108 101 136 102 115 122 103 96 86 80 91 112 98 116 129 134 82 118 89 85 106 92 88 87 107 105 99 113 137 139 95 77 100 124 111 109 117 131 126 127 93 90 123 78 128 
 50: 95 102 106 96 99 126 136 90 84 119 108 83 93 131 112 137 121 100 132 79 105 82 109 117 110 118 128 111 122 103 89 86 87 101 77 104 85 129 139 123 115 88 92 97 107 125 114 130 91 94 
 50: 130 133 98 89 84 88 135 109 101 136 104 86 97 139 107 92 93 94 125 99 120 122 121 119 127 85 79 78 115 106 112 126 103 77 118 91 113 138 100 132 116 129 80 110 131 102 96 108 82 137 
 48: 102 129 120 87 103 108 124 100 107 91 94 106 133 90 92 111 86 80 88 104 118 113 131 136 84 101 123 115 139 121 110 98 135 134 126 137 138 89 97 114 78 125 105 122 128 85 96 82 
 56: 139 96 101 137 136 100 112 111 95 83 78 91 116 130 127 120 123 132 126 124 88 90 115 113 138 81 87 86 92 128 114 102 105 103 110 94 106 134 85 131 108 82 89 107 97 79 80 118 119 93 125 99 133 109 77 117 
 57: 108 97 129 121 81 132 134 79 77 117 106 100 128 116 103 139 104 88 94 85 87 118 102 123 83 137 107 98 90 82 93 122 126 119 96 115 91 84 120 105 110 131 86 130 80 135 125 133 111 114 113 78 89 99 95 112 138 
 61: 101 89 111 92 77 135 110 137 112 97 119 121 88 128 91 90 87 104 114 86 136 93 129 124 106 131 95 102 99 134 96 125 109 94 83 132 122 85 79 98 126 115 100 113 120 139 107 78 81 105 133 116 82 118 123 138 108 117 127 103 80 
 53: 98 103 93 86 102 114 125 80 134 101 127 122 97 133 89 126 85 95 139 129 130 91 124 106 82 137 84 135 131 88 87 92 117 120 128 99 104 118 77 116 100 123 109 78 136 94 119 138 79 132 90 112 108 
 60: 111 83 87 130 90 116 81 136 127 82 77 102 120 108 105 128 96 85 97 104 134 95 103 80 125 119 99 78 91 94 84 124 122 92 86 132 79 98 126 101 118 139 114 110 88 93 112 115 89 106 113 129 109 123 121 117 131 100 133 138 
 55: 102 97 93 105 100 137 83 89 86 91 133 87 95 139 117 79 81 77 134 120 130 90 126 129 110 96 112 115 113 92 122 84 108 128 88 98 99 107 127 78 85 82 106 123 118 138 80 103 114 121 111 119 109 104 125 
 58: 139 130 85 134 108 122 109 94 88 92 93 89 103 110 99 131 78 126 97 102 124 77 90 119 116 129 98 84 112 86 133 136 95 128 135 117 83 106 107 137 114 132 91 121 96 115 80 123 104 127 79 111 81 82 113 100 87 120 
 62: 96 134 106 95 120 102 130 112 127 110 111 84 90 93 135 122 80 88 131 94 100 92 116 108 138 107 99 139 97 105 136 89 101 83 113 114 98 126 104 128 81 82 123 133 121 124 137 119 91 109 125 132 77 118 78 87 129 85 103 115 79 117 
 56: 109 99 120 95 91 85 89 130 82 101 131 138 112 132 96 77 124 111 100 104 110 106 126 94 86 78 88 114 119 115 107 92 108 129 123 105 83 84 87 113 97 139 79 118 122 102 125 135 127 116 81 136 98 128 134 90 
 60: 81 117 130 92 126 87 79 86 116 90 97 99 102 123 106 134 107 104 98 77 124 127 122 119 115 80 94 118 132 84 100 89 101 88 103 113 83 105 128 135 78 93 120 112 85 111 129 136 139 95 137 82 96 138 109 108 110 131 121 91 
 62: 98 96 139 125 89 79 123 119 81 105 102 138 93 118 97 88 126 108 128 116 107 103 109 114 122 95 113 87 94 137 112 133 77 85 129 131 117 101 106 121 83 78 120 110 84 90 124 115 127 130 92 132 104 111 99 80 82 100 135 91 86 134 
 46: 147 116 124 99 130 101 96 118 131 110 93 125 133 119 136 94 140 121 107 103 120 117 111 145 127 98 112 137 115 135 114 122 143 129 128 126 139 105 113 142 144 132 138 141 134 104 
 43: 135 95 122 127 97 119 100 145 93 106 121 117 108 103 116 112 139 96 147 94 138 120 111 140 101 143 132 104 134 129 114 136 99 130 118 107 131 102 124 137 126 115 105 
 46: 110 98 123 95 93 120 114 97 132 135 128 119 139 96 145 134 111 109 115 140 141 94 113 137 136 106 112 147 117 129 127 103 99 108 118 126 100 104 125 122 116 107 124 138 133 130 
 50: 97 124 130 137 111 141 117 105 128 132 142 129 131 104 100 102 98 147 108 119 123 116 127 136 134 120 115 114 138 145 143 101 112 103 110 121 140 133 139 99 113 125 144 126 122 94 135 93 118 95 
 45: 100 129 136 115 103 104 102 120 140 122 133 93 96 127 128 106 144 124 107 125 113 131 94 99 141 108 121 117 110 132 98 101 142 123 126 130 145 109 95 119 135 118 116 105 134 
 45: 114 109 120 101 139 140 108 127 102 117 95 135 115 111 137 133 94 130 100 104 97 107 105 141 134 123 142 131 99 93 116 112 144 132 125 103 121 147 143 106 126 122 145 128 129 
 49: 135 106 108 111 132 110 121 129 147 113 97 117 103 131 95 122 96 138 133 134 123 115 109 93 102 124 141 142 118 137 116 119 94 114 104 127 144 140 136 100 130 99 98 101 120 128 125 105 143 
 45: 94 100 114 132 119 121 105 131 103 144 128 95 116 104 101 135 108 109 123 106 110 139 93 126 117 125 145 133 138 147 142 97 118 124 113 130 102 99 122 137 143 115 98 96 111 
 53: 117 134 138 114 109 113 95 128 125 115 133 147 129 119 96 98 97 112 103 131 110 101 137 143 139 132 99 145 111 124 123 100 144 118 136 127 135 122 120 102 116 94 104 142 140 126 107 130 108 106 93 141 121 
 46: 115 131 128 137 134 135 123 142 124 120 141 121 110 147 138 136 93 105 113 98 108 119 130 103 125 145 96 97 94 143 126 118 101 114 127 99 133 95 139 117 129 132 102 144 116 100 
 45: 142 118 143 140 101 119 93 115 132 131 123 134 138 144 105 130 128 137 96 94 135 133 100 126 99 112 98 124 145 106 111 107 125 116 117 129 136 147 109 102 141 108 139 114 103 
 54: 139 96 116 110 104 117 101 126 97 107 120 99 138 145 140 135 95 125 130 105 94 93 111 132 103 121 112 137 131 98 100 133 122 147 114 106 123 115 109 119 128 143 136 113 127 142 141 108 129 102 124 118 144 134 
 52: 99 128 119 127 141 145 93 125 95 136 103 113 131 133 105 98 135 102 116 101 138 108 117 124 106 118 129 97 109 142 139 100 115 140 94 120 132 137 121 122 112 96 111 107 104 147 114 123 134 144 143 110 
 53: 98 101 142 116 137 105 97 124 139 114 117 125 123 103 113 127 144 147 132 119 129 99 110 131 112 107 120 135 108 141 138 115 143 111 126 93 118 140 94 128 121 96 100 145 109 134 130 133 106 102 136 104 122 
 43: 112 116 139 106 117 144 120 147 141 119 114 122 143 124 100 131 118 138 126 99 110 111 121 94 109 145 108 103 113 93 128 123 102 105 129 95 98 137 140 125 101 134 130 
 46: 95 117 98 133 105 134 123 140 135 129 93 119 130 137 110 131 106 128 126 145 139 144 111 108 132 97 114 147 122 99 113 120 96 142 101 94 121 109 124 118 127 141 104 138 136 115 
 42: 132 109 100 106 94 142 112 122 128 98 108 114 110 103 104 129 141 118 121 145 126 113 102 136 99 140 116 147 120 119 117 144 131 124 133 137 134 127 95 130 135 139 
 53: 127 142 137 97 129 147 98 136 139 135 123 109 144 115 131 100 96 107 117 134 145 103 119 105 94 106 112 95 126 108 140 120 118 143 116 110 122 93 130 102 113 128 132 124 125 101 104 138 99 141 133 111 114 
 51: 109 125 134 141 123 135 133 122 117 107 118 98 145 129 131 120 132 108 94 110 93 111 104 105 102 116 130 140 127 103 144 113 112 100 99 128 142 97 136 147 119 143 124 106 138 95 121 139 137 115 96 
 47: 118 115 129 103 141 135 93 131 134 104 122 107 137 133 138 111 105 142 116 95 96 125 147 112 110 108 102 100 144 145 98 143 94 127 106 121 126 128 130 123 99 113 101 136 139 120 117 
 51: 117 142 103 98 140 144 97 127 130 102 143 109 135 119 95 121 132 100 141 118 107 128 106 94 108 145 113 137 116 115 136 131 104 123 134 124 138 93 125 147 96 110 122 99 129 101 114 126 105 111 112 
 43: 164 162 195 148 182 175 160 193 173 153 146 149 199 166 180 163 194 167 174 187 156 172 159 150 155 177 158 178 183 169 188 168 157 197 165 147 144 190 186 198 161 154 192 
 42: 188 166 182 146 183 179 171 149 195 180 159 198 160 155 178 162 199 175 151 145 144 185 152 174 170 169 158 184 194 172 147 156 190 164 154 157 189 150 168 167 176 193 
 43: 193 164 194 155 175 170 181 148 144 180 165 202 153 195 160 174 163 192 186 154 197 157 151 150 147 149 189 146 176 187 161 179 177 182 145 190 166 172 152 156 184 171 185 
 49: 171 180 158 172 153 160 175 202 147 186 192 189 161 188 185 145 184 168 187 146 198 155 148 179 174 199 176 151 197 191 183 157 149 154 173 190 152 167 150 195 144 193 181 162 182 159 165 170 194 
 55: 191 147 148 159 160 149 178 182 175 194 189 170 185 161 145 190 154 186 199 168 151 172 155 162 164 202 144 174 183 156 192 169 166 173 193 197 167 163 184 198 180 165 153 171 188 195 150 157 179 176 152 177 181 146 187 
 43: 176 195 164 177 188 147 171 186 167 155 187 198 190 194 154 145 181 192 172 178 157 152 180 166 158 174 191 193 173 163 162 183 144 156 168 199 151 197 169 165 153 179 161 
 46: 183 176 148 166 168 202 153 173 177 184 193 180 187 181 179 165 144 182 170 150 151 158 186 156 178 155 188 147 171 160 172 164 174 145 195 146 163 167 189 149 190 192 162 157 152 185 
 42: 145 144 147 155 167 153 165 180 156 170 187 198 166 192 174 175 179 171 194 148 150 176 185 191 195 202 149 151 163 173 157 184 168 154 146 188 189 177 164 158 181 169 
 47: 160 170 199 150 154 182 188 167 163 173 162 153 147 186 185 169 144 158 179 193 146 156 192 178 171 152 165 197 187 145 184 166 198 172 148 174 168 175 189 195 177 155 180 194 164 176 202 
 49: 168 166 150 199 170 165 197 198 179 190 144 191 148 178 161 154 152 164 157 180 182 172 171 173 176 158 147 194 156 146 163 189 192 195 145 160 202 153 187 149 175 185 159 193 155 151 174 162 181 
 52: 172 157 186 188 176 162 182 197 148 184 202 144 163 159 167 170 164 189 146 160 150 187 178 175 155 177 190 161 149 173 174 151 169 154 179 191 194 153 165 145 156 199 185 198 168 193 158 181 147 192 180 183 
 45: 144 153 164 194 195 175 162 190 176 185 168 182 184 192 163 174 191 188 169 167 186 187 151 179 147 170 180 183 150 202 193 189 146 149 165 178 173 171 166 177 157 161 198 152 197 
 47: 158 151 197 193 149 167 154 179 147 178 163 156 202 150 164 199 177 146 195 192 175 160 145 166 194 155 176 153 190 148 168 198 161 174 180 189 162 152 165 187 188 184 157 183 186 182 173 
 45: 195 168 175 171 172 193 161 177 179 186 164 199 144 176 159 170 156 147 162 187 158 149 167 173 160 148 194 197 174 150 154 145 185 181 202 183 184 152 178 191 189 188 169 198 192 
 47: 163 193 165 161 151 170 166 197 186 202 149 145 158 148 190 153 187 144 199 164 188 175 189 198 162 176 177 183 184 157 180 169 171 160 192 191 159 194 156 185 150 154 179 155 172 146 168 
 52: 174 186 170 163 180 197 190 158 164 192 179 198 155 199 181 159 157 167 178 153 184 148 182 173 168 149 176 165 166 151 172 177 144 145 160 185 156 193 187 171 188 191 183 194 189 175 147 202 169 150 162 146 
 52: 148 164 178 193 195 156 198 181 179 194 158 183 166 152 180 175 167 177 146 192 170 176 151 150 144 163 185 190 182 161 199 173 174 145 202 159 184 189 147 160 191 169 168 186 154 187 171 153 165 172 162 155 
 44: 173 176 153 155 163 188 187 162 183 161 146 181 152 191 195 167 202 169 154 149 148 186 185 171 199 165 192 145 160 178 147 164 150 193 174 156 158 179 198 194 189 184 166 180 
 54: 150 182 168 179 163 193 197 154 192 146 188 185 191 186 171 164 173 202 165 167 178 145 181 158 153 149 180 156 161 184 170 183 162 157 166 198 199 148 195 151 190 177 160 189 159 187 175 172 169 144 174 155 152 176 
 45: 152 172 173 145 182 157 169 153 160 151 165 195 183 198 176 199 144 155 148 162 190 174 202 149 179 189 163 150 158 192 194 177 166 186 181 147 154 187 171 180 164 146 191 168 156 
 53: 181 188 151 148 162 169 178 150 160 157 198 144 190 197 170 179 177 186 161 158 202 185 147 165 155 180 174 164 171 167 153 194 184 183 191 159 163 192 199 149 146 168 195 189 152 154 175 172 176 173 156 182 166 
 43: 164 199 161 156 182 166 146 147 191 155 179 144 167 178 165 177 175 148 181 185 194 151 193 159 149 183 170 157 145 180 152 158 168 171 192 190 195 176 173 162 197 160 153 
 44: 194 173 199 168 158 144 169 202 145 192 188 146 197 147 148 186 152 171 185 172 190 149 187 159 151 153 174 184 177 193 161 176 167 170 179 189 165 195 198 180 191 155 150 178 
 55: 199 167 170 206 154 155 158 153 176 195 204 162 181 169 209 184 160 190 178 196 210 200 188 211 186 179 161 207 173 166 164 180 171 192 189 156 194 182 202 193 198 203 152 157 168 197 191 187 177 172 201 174 183 175 208 
 59: 194 168 178 189 172 208 181 204 156 182 171 203 205 170 197 200 184 157 160 175 191 180 206 201 193 161 154 155 209 211 173 153 165 202 179 163 177 210 159 162 207 166 167 198 164 187 199 152 185 176 196 192 188 186 183 195 174 190 158 
 48: 191 186 190 172 164 159 181 206 202 201 195 168 205 160 178 165 153 184 207 183 196 211 169 208 155 171 203 179 204 152 170 156 188 185 158 162 154 157 197 194 198 189 174 167 176 166 180 175 
 54: 175 205 179 173 190 204 165 155 162 159 154 180 171 187 178 182 183 156 194 163 174 164 185 177 167 207 201 206 198 192 209 184 203 169 191 202 153 152 197 157 196 172 170 186 195 211 158 168 166 176 160 210 181 188 
 60: 192 152 158 156 208 159 196 202 174 207 170 182 172 175 193 167 179 169 191 186 185 210 176 178 164 203 177 184 157 206 181 190 171 173 154 166 200 195 211 153 165 187 204 201 160 209 197 189 183 180 198 155 163 161 194 168 199 205 188 162 
 48: 190 167 185 202 178 188 177 199 193 184 205 211 155 154 158 194 195 171 203 152 173 181 168 166 153 160 163 169 162 179 204 157 159 174 191 200 170 161 196 189 175 156 164 197 192 187 182 176 
 60: 193 194 205 166 188 184 195 155 171 165 180 192 160 187 174 152 196 182 153 210 208 164 176 189 168 159 157 203 204 172 175 186 183 181 177 154 209 163 199 156 173 161 158 202 201 211 178 191 207 167 179 198 169 200 170 206 185 190 162 197 
 50: 158 208 207 161 203 166 175 155 153 193 200 188 163 199 164 209 210 190 197 186 162 184 159 157 191 185 178 192 171 168 211 160 205 202 156 165 189 172 174 204 176 154 198 183 195 201 187 173 179 182 
 47: 170 197 176 205 185 188 156 169 167 172 211 158 198 175 202 184 201 193 195 163 174 171 187 160 204 199 180 179 159 165 203 153 178 208 161 154 210 194 182 196 190 200 173 157 152 164 183 
 60: 190 178 192 153 172 170 201 175 152 171 156 187 180 183 194 174 164 188 198 208 199 158 160 204 186 177 168 189 165 179 169 173 182 191 159 163 206 157 195 207 176 161 162 193 154 184 167 205 202 209 181 166 155 210 185 196 200 211 197 203 
 51: 183 186 209 167 162 204 188 187 202 164 185 206 170 171 197 208 156 155 189 190 168 201 180 160 192 178 179 191 176 195 207 152 153 193 154 166 157 211 175 184 196 172 181 210 199 198 163 165 173 174 177 
 54: 206 190 207 182 164 194 200 168 166 203 177 172 158 188 196 161 191 178 157 199 195 162 210 159 173 204 202 155 163 154 197 170 187 153 189 156 181 211 192 176 160 175 209 193 165 201 174 198 208 171 180 186 167 179 
 57: 171 194 198 195 188 161 154 162 156 165 192 159 191 157 205 186 184 179 153 173 158 190 170 172 155 189 177 168 183 208 160 176 203 163 202 187 201 211 193 167 166 204 182 209 199 207 175 200 210 206 174 180 178 197 164 196 169 
 56: 156 202 205 163 157 192 180 158 200 210 159 194 184 152 170 185 167 182 174 168 179 164 166 206 204 183 188 201 154 181 189 195 172 187 161 169 199 209 178 211 190 207 171 203 186 193 198 208 160 175 153 155 176 197 196 173 
 53: 207 200 199 183 167 169 194 164 154 211 165 198 172 176 195 152 175 163 181 184 186 173 157 190 210 171 205 185 159 197 177 204 180 178 188 179 168 191 166 196 153 202 170 189 206 161 193 187 158 155 201 160 209 
 58: 174 207 211 195 163 159 164 209 157 204 175 165 173 188 152 187 194 181 203 184 161 200 168 180 169 182 197 155 205 201 167 189 186 162 171 199 196 192 178 170 153 183 158 156 198 202 190 177 208 185 206 154 160 210 179 193 191 172 
 58: 192 167 193 203 206 209 189 172 205 173 185 186 181 178 174 162 177 187 195 170 194 158 196 207 198 204 157 191 200 190 210 154 180 169 208 184 155 159 153 171 160 182 163 179 164 211 197 183 202 156 168 176 161 188 165 175 201 166 
 50: 186 154 193 153 166 157 160 159 209 173 174 203 192 195 183 180 206 191 204 184 194 196 205 169 181 161 170 171 163 164 190 185 199 210 162 176 172 188 198 165 207 175 189 179 178 200 158 211 168 182 
 53: 210 172 158 174 211 170 194 188 157 164 154 198 166 186 167 156 187 202 208 192 195 159 193 179 178 176 201 185 161 177 180 189 203 165 169 200 162 168 205 206 181 182 207 190 153 160 155 152 196 175 204 173 171 
 51: 208 194 198 176 186 165 152 154 169 174 173 197 189 196 211 167 177 180 158 195 202 171 190 162 161 207 188 156 159 181 172 164 157 170 191 153 193 175 185 210 166 155 199 201 206 183 205 168 160 179 204 
 54: 195 156 181 190 182 191 183 160 201 204 152 185 168 200 194 205 153 210 163 180 174 171 157 199 208 177 206 207 173 187 186 184 161 192 175 198 197 159 166 179 164 155 167 170 162 169 203 196 172 193 158 209 202 189 
 47: 196 176 168 204 203 152 156 157 210 206 197 165 155 178 187 164 174 179 173 211 201 199 181 190 185 205 180 160 191 163 166 161 172 186 189 188 162 175 192 200 202 171 198 169 208 153 207 
 52: 210 186 206 171 182 198 200 177 174 178 161 152 153 211 193 155 202 159 179 156 196 205 167 204 191 169 163 187 175 165 176 166 170 185 192 168 194 181 184 157 201 189 173 203 183 172 209 162 207 208 195 199 
