# Data generated from a SDPTSP-E instance solved in two phases
# nbTasks=204, nbWorkers=152
# Random number generator seed = 0
Type = 1
Jobs = 204
 366 476
 388 468
 395 433
 406 491
 414 527
 430 470
 447 513
 459 572
 471 540
 481 556
 484 538
 489 577
 490 579
 494 553
 526 625
 531 624
 543 652
 551 636
 558 677
 561 661
 562 667
 570 651
 573 612
 580 600
 587 616
 596 708
 597 653
 604 690
 613 650
 635 701
 635 727
 640 720
 643 699
 646 741
 649 680
 660 700
 681 760
 713 798
 723 768
 733 791
 734 846
 740 791
 741 797
 750 861
 761 861
 770 823
 775 878
 778 867
 787 872
 788 823
 788 905
 789 891
 834 945
 841 939
 843 896
 847 880
 854 948
 857 937
 859 918
 862 915
 866 954
 884 1000
 885 929
 885 966
 901 993
 902 1018
 923 954
 923 954
 946 1025
 955 1067
 965 1005
 970 1017
 973 1058
 978 1064
 982 1092
 984 1102
 986 1075
 1000 1056
 1002 1056
 1003 1120
 1012 1090
 1018 1077
 1021 1115
 1027 1126
 1032 1142
 1033 1054
 1051 1119
 1057 1111
 1062 1157
 1065 1107
 1070 1171
 1079 1172
 1087 1206
 1090 1185
 1097 1214
 1099 1216
 1101 1170
 1137 1253
 1142 1260
 1146 1208
 1148 1250
 1150 1246
 1152 1195
 1154 1211
 1162 1267
 1163 1241
 1170 1263
 1182 1298
 1189 1290
 1206 1299
 1207 1315
 1208 1317
 1210 1322
 1218 1279
 1221 1282
 1224 1341
 1230 1245
 1234 1260
 1244 1349
 1260 1374
 1264 1349
 1276 1394
 1295 1390
 1297 1389
 1328 1388
 1335 1438
 1346 1387
 1355 1468
 1372 1426
 1374 1412
 1388 1416
 1402 1514
 1426 1460
 1427 1448
 1438 1547
 1444 1502
 1446 1542
 1448 1502
 1452 1543
 1453 1568
 1458 1548
 1458 1566
 1459 1578
 1472 1513
 1501 1574
 1502 1621
 1508 1581
 1510 1573
 1510 1605
 1519 1606
 1521 1560
 1526 1606
 1528 1636
 1534 1634
 1544 1594
 1548 1644
 1551 1663
 1561 1654
 1564 1659
 1567 1606
 1581 1687
 1604 1704
 1607 1706
 1610 1706
 1617 1669
 1617 1715
 1621 1737
 1622 1733
 1625 1695
 1631 1693
 1632 1747
 1633 1658
 1636 1720
 1636 1736
 1639 1752
 1640 1723
 1644 1689
 1645 1696
 1648 1755
 1658 1759
 1664 1722
 1664 1726
 1669 1784
 1673 1792
 1683 1796
 1684 1785
 1705 1760
 1714 1768
 1727 1816
 1736 1851
 1742 1791
 1758 1812
 1776 1886
 1781 1823
 1785 1801
 1785 1811
 1791 1897
 1794 1908
 1798 1873
 1803 1824
 1803 1911
 1805 1911
 1826 1874
 1836 1860
Qualifications = 152
 35: 13 9 19 36 35 20 27 41 18 34 42 8 23 5 16 28 15 14 10 25 17 30 37 3 45 33 7 0 6 49 22 4 21 12 24 
 34: 7 33 42 37 45 2 39 17 4 18 36 13 20 10 25 16 28 34 32 23 5 22 26 38 8 29 30 9 1 41 24 21 27 15 
 40: 35 41 21 2 26 12 8 9 37 5 16 42 1 17 38 34 29 6 24 19 13 18 11 27 15 23 7 39 22 49 3 14 36 31 32 20 30 33 28 10 
 35: 8 42 35 2 32 21 18 25 17 1 23 28 13 37 12 15 26 49 5 36 24 31 29 33 22 20 0 45 19 11 38 4 41 34 3 
 37: 6 10 26 13 35 42 8 18 12 16 23 27 24 30 25 22 4 2 33 19 3 5 7 39 11 41 45 32 36 17 49 15 38 14 29 28 9 
 38: 9 8 7 21 37 27 15 33 17 11 41 3 5 38 25 24 49 19 14 35 12 31 13 28 4 29 10 6 26 23 22 20 45 42 2 18 34 32 
 36: 45 19 7 2 0 13 5 12 33 11 20 36 1 17 16 18 14 21 41 27 9 38 6 8 28 39 30 32 31 37 49 24 23 34 15 3 
 43: 20 14 19 12 5 42 31 37 49 6 13 30 36 38 11 22 0 45 33 1 29 21 26 17 18 8 3 39 41 34 27 24 32 35 4 23 2 10 9 7 16 28 25 
 35: 38 16 30 3 9 4 27 23 45 17 31 34 22 37 6 32 39 1 11 25 0 49 14 12 24 20 42 36 26 33 15 18 5 13 10 
 41: 2 15 16 25 24 34 32 1 3 27 4 49 31 45 35 18 5 22 10 36 0 21 11 13 38 23 26 42 33 20 37 39 29 9 41 6 12 17 28 8 14 
 39: 4 23 33 37 19 12 25 20 2 11 36 0 27 6 31 34 13 22 42 3 21 28 35 1 9 18 15 41 45 32 14 29 8 5 24 38 17 39 7 
 34: 8 49 6 31 5 3 39 37 33 35 23 7 4 14 2 32 25 15 20 17 34 9 12 19 0 11 45 28 27 30 22 36 10 21 
 43: 45 10 20 25 19 24 29 32 1 6 27 11 17 35 2 9 23 31 13 18 33 42 12 5 39 4 0 15 7 34 38 36 21 28 26 41 30 37 16 8 22 49 3 
 40: 37 18 33 22 32 8 0 42 20 24 28 45 14 36 25 9 41 7 30 2 12 19 4 16 29 23 11 26 34 35 6 31 13 10 17 5 21 3 27 1 
 38: 0 8 32 41 42 12 33 15 39 26 18 1 49 22 23 34 17 6 45 10 21 4 11 2 38 24 35 28 3 36 9 19 27 16 13 20 29 37 
 42: 37 26 31 41 9 33 8 11 6 38 5 3 4 42 27 35 18 17 49 10 12 15 29 22 32 39 23 45 19 36 1 7 0 24 16 25 2 21 13 30 28 20 
 43: 37 41 26 0 31 19 15 2 42 14 30 11 20 22 4 1 33 32 5 49 18 24 45 13 27 9 12 28 8 35 25 29 17 21 36 23 3 10 6 34 39 38 7 
 40: 22 29 24 9 28 21 37 38 41 23 2 42 30 32 26 36 14 49 10 12 34 5 18 33 0 4 3 31 8 6 39 35 19 25 20 45 11 1 7 16 
 36: 15 12 3 34 30 29 41 1 5 7 39 35 32 26 25 38 23 19 14 33 17 49 10 6 21 28 8 20 4 18 36 42 45 22 0 13 
 39: 19 23 8 36 42 37 1 30 39 18 49 35 4 29 10 38 12 0 3 2 7 6 9 15 22 26 25 14 17 13 33 32 31 34 11 45 28 27 20 
 52: 60 26 41 52 30 57 46 22 59 33 47 32 43 51 44 16 9 36 11 25 31 20 56 18 66 10 50 34 17 67 39 29 42 58 15 35 40 45 24 55 27 21 28 13 23 54 49 14 37 19 62 53 
 43: 41 24 25 33 54 11 62 32 28 19 66 30 51 15 44 29 55 18 38 56 47 59 22 10 13 14 57 50 43 34 16 12 39 37 36 26 53 58 60 17 20 46 21 
 49: 9 60 12 15 46 48 66 39 50 43 56 31 67 29 52 57 20 11 13 30 35 23 10 53 54 47 26 49 27 37 34 14 18 41 38 16 33 59 19 17 36 51 55 62 21 58 44 28 40 
 45: 16 52 34 44 15 17 47 46 12 66 48 31 36 33 24 55 41 59 10 25 43 50 60 53 37 20 27 62 56 51 39 11 67 26 21 29 32 19 42 23 22 40 30 9 18 
 50: 47 13 34 21 35 18 39 55 49 66 53 59 24 25 46 41 44 36 20 14 54 30 33 56 40 50 38 12 32 58 9 62 52 57 23 28 27 16 10 67 42 51 45 29 60 48 31 22 17 37 
 53: 33 35 39 52 26 20 44 28 14 11 53 22 57 46 17 15 58 56 59 41 45 18 19 29 54 24 30 31 50 27 66 10 49 42 47 62 36 32 37 55 38 9 48 43 51 34 12 25 13 67 16 21 60 
 45: 21 18 11 48 26 15 23 43 44 67 22 41 58 9 37 32 20 45 13 42 59 28 46 35 52 39 57 50 62 38 53 30 47 34 55 17 27 60 56 16 31 10 54 66 14 
 50: 43 60 10 49 33 13 31 18 50 52 37 28 41 38 53 59 57 44 35 14 34 32 15 16 56 36 11 54 12 55 25 30 21 62 17 42 45 40 39 23 26 46 27 47 20 67 19 24 51 58 
 46: 33 21 56 47 51 24 35 67 59 20 49 10 28 45 57 38 66 41 46 31 11 37 34 13 52 9 42 43 19 29 36 25 58 12 55 23 50 62 22 16 30 15 26 48 60 44 
 51: 59 49 60 38 41 43 42 12 35 13 51 56 9 53 34 66 39 32 54 22 50 40 48 44 16 37 14 29 19 46 47 18 52 25 15 45 20 11 57 31 21 33 67 27 62 10 58 17 55 28 30 
 45: 18 11 57 49 59 44 54 10 16 51 33 15 9 27 29 66 25 50 45 20 47 55 30 60 19 53 39 38 13 23 42 22 58 37 21 41 35 48 17 67 32 12 14 24 34 
 51: 58 13 17 39 59 26 34 54 48 23 44 56 11 21 38 18 30 19 31 43 40 20 67 14 28 53 15 12 46 49 16 41 60 57 47 10 62 32 33 22 66 35 9 29 42 25 24 55 36 27 37 
 55: 59 43 55 66 30 42 49 38 45 35 26 21 46 67 17 11 56 52 14 32 23 9 13 36 62 60 44 28 29 15 16 31 39 19 48 18 22 50 41 27 20 40 12 54 51 37 53 24 34 33 25 57 47 10 58 
 45: 31 34 45 48 43 23 42 14 15 58 30 44 39 35 38 60 49 22 20 55 40 18 33 62 16 47 11 9 41 52 54 13 46 27 12 25 57 17 19 29 67 36 51 53 37 
 49: 11 48 40 66 55 67 42 44 28 41 50 10 29 38 51 58 34 17 46 13 60 36 35 56 39 52 33 25 12 27 19 32 21 31 14 43 49 37 30 59 16 18 9 57 22 20 47 23 24 
 52: 43 46 28 54 45 60 12 9 20 31 11 26 67 55 33 13 41 58 19 66 25 21 50 23 59 35 24 52 10 29 40 16 30 39 36 56 51 57 27 48 37 44 15 42 53 17 18 32 47 49 14 38 
 47: 51 24 10 9 43 33 42 20 25 53 57 28 23 30 38 50 21 31 45 67 59 12 35 39 34 29 37 66 55 36 52 17 54 18 15 58 40 41 13 44 14 47 32 48 16 56 26 
 50: 15 48 52 10 29 38 53 62 23 45 26 35 46 43 27 67 41 66 42 56 28 50 30 34 51 54 31 19 60 32 39 40 25 21 14 17 9 55 44 24 58 37 36 22 59 33 18 12 57 49 
 50: 42 27 14 57 18 38 11 46 13 49 67 40 43 50 66 48 53 44 22 9 25 55 36 51 54 21 12 47 16 37 60 52 41 30 15 33 31 58 28 24 35 10 34 39 59 45 62 20 23 19 
 49: 42 14 45 48 21 55 39 53 27 10 50 22 38 51 35 62 29 40 52 41 60 30 9 13 23 46 33 37 20 36 12 43 34 24 57 67 47 54 15 17 28 19 66 16 32 56 58 31 25 
 57: 92 93 86 67 99 78 75 54 88 69 62 108 53 59 61 66 84 116 107 57 96 104 89 102 101 100 82 55 65 98 71 70 83 73 91 87 58 77 85 68 63 97 79 114 113 106 103 64 90 94 76 72 95 56 105 117 109 
 50: 61 84 78 117 108 101 82 54 90 104 86 97 81 66 114 109 64 67 72 103 57 91 94 83 95 55 71 56 87 92 113 58 99 107 116 77 79 89 85 102 68 110 74 88 62 53 76 106 73 80 
 63: 61 97 103 82 83 79 67 60 53 80 113 71 75 64 78 108 91 57 81 72 96 92 84 70 65 107 59 106 55 90 94 88 87 69 101 63 66 95 93 85 89 109 54 105 62 99 111 98 117 116 58 56 77 86 68 73 104 114 76 110 74 102 100 
 52: 90 117 57 106 97 55 54 78 61 68 100 107 88 64 102 110 76 82 91 74 99 94 83 53 70 56 73 69 79 105 62 71 108 75 101 59 111 89 77 109 92 116 60 85 63 93 104 67 58 66 65 81 
 60: 57 85 82 87 88 66 111 59 64 86 94 105 80 92 70 97 98 81 54 102 117 63 68 93 60 109 96 58 104 95 90 71 73 110 101 106 89 83 84 61 65 75 113 77 100 67 114 116 55 99 69 76 53 79 103 107 72 108 91 74 
 59: 83 97 69 86 61 59 101 80 105 89 76 103 93 114 56 53 73 85 55 94 113 99 111 91 79 96 107 54 68 65 117 98 64 78 70 104 77 90 88 106 100 108 87 67 60 109 74 58 92 57 102 66 72 62 95 116 63 75 84 
 59: 84 82 81 53 116 90 96 99 94 93 108 105 65 78 69 56 102 74 76 95 88 73 98 91 68 79 57 100 110 66 54 77 89 97 71 113 64 61 85 87 75 101 111 117 72 70 63 104 114 80 67 55 107 92 103 106 109 62 86 
 55: 57 117 99 100 105 113 103 96 77 89 78 87 63 65 62 86 91 92 64 104 71 116 93 76 85 111 110 69 58 53 55 68 74 72 114 66 109 95 102 82 59 75 98 90 67 79 80 56 97 81 101 106 88 107 61 
 51: 68 91 114 108 70 100 79 94 93 90 82 67 76 101 88 62 75 110 81 65 54 103 104 63 55 58 99 107 69 77 84 64 66 74 98 60 111 117 95 59 61 96 83 71 89 73 92 116 53 80 86 
 63: 87 56 86 111 84 66 88 59 77 99 54 90 114 98 68 108 89 96 101 117 83 106 116 69 57 100 85 73 53 80 107 81 70 79 91 97 75 109 102 93 78 82 110 94 105 104 55 71 95 60 103 58 64 61 67 65 63 113 92 74 62 76 72 
 62: 68 102 78 69 100 113 95 101 71 99 109 74 117 96 66 94 84 59 98 77 75 116 88 70 63 72 106 57 80 67 104 108 76 90 64 56 55 82 60 111 110 107 93 92 85 87 79 62 86 114 105 61 97 91 73 53 103 89 58 81 65 83 
 48: 58 63 73 55 99 102 59 84 69 62 101 68 76 116 67 113 80 107 103 71 82 83 117 56 79 72 70 57 109 60 85 105 89 96 110 100 93 111 74 75 95 104 61 66 97 87 114 78 
 51: 79 93 69 109 75 101 65 81 105 90 84 108 78 87 83 110 92 68 64 86 111 106 66 56 103 72 98 62 71 99 76 59 89 80 57 104 60 114 102 67 95 70 117 54 55 88 61 77 116 63 107 
 63: 54 117 59 96 85 76 78 70 77 103 81 67 89 86 111 93 71 83 66 58 74 55 63 113 84 72 92 116 94 95 100 79 75 80 90 56 91 102 114 87 65 98 105 108 110 61 57 53 107 109 106 88 99 62 82 64 60 73 69 97 101 104 68 
 63: 57 86 92 110 101 106 58 66 68 77 99 74 63 117 88 104 55 76 98 69 108 113 59 105 90 80 65 109 54 89 97 56 85 71 60 94 75 96 116 93 107 72 53 114 70 87 83 78 91 100 61 95 111 62 64 82 67 81 79 102 73 103 84 
 62: 72 85 56 60 75 97 79 63 80 102 61 53 68 78 101 66 57 83 94 64 89 99 77 82 107 65 76 92 88 105 73 95 104 93 109 100 114 87 111 116 70 106 74 67 103 113 55 84 90 69 96 86 54 81 91 98 59 110 108 71 117 62 
 53: 94 76 74 75 99 104 66 109 100 102 63 70 83 116 77 92 60 65 108 103 86 106 96 84 91 111 97 87 71 72 53 82 89 68 80 88 113 64 78 58 69 95 98 67 107 54 62 73 85 56 105 117 110 
 60: 84 88 102 56 90 74 97 87 116 54 100 85 70 80 99 106 109 57 79 58 82 95 94 103 76 64 111 78 110 67 93 55 63 114 75 113 91 72 98 65 107 61 60 53 101 77 108 59 86 68 62 73 104 71 83 66 117 81 96 89 
 51: 72 58 83 87 109 54 113 81 108 86 85 104 75 70 59 80 105 93 62 95 68 66 77 88 106 97 96 92 84 100 110 98 116 99 102 69 64 78 65 117 79 60 56 101 91 61 94 67 103 53 63 
 50: 110 108 104 107 94 80 95 93 97 70 62 111 71 74 68 75 113 103 82 64 61 56 65 87 92 86 88 69 81 99 53 60 101 117 77 102 98 55 57 91 109 83 89 96 59 67 54 85 116 72 
 63: 64 94 100 75 101 57 73 90 62 102 111 95 79 116 106 86 59 61 65 69 54 66 82 71 60 77 92 58 107 97 70 87 93 110 78 56 88 109 108 117 81 72 103 105 91 114 89 80 104 74 76 113 67 63 96 84 98 85 53 83 55 99 68 
 54: 74 111 59 100 81 73 106 54 62 85 105 107 76 60 109 103 75 57 117 63 55 67 95 98 116 72 80 113 88 90 83 64 99 114 84 70 96 91 79 53 92 102 69 66 58 56 61 68 87 101 97 108 78 94 
 55: 84 72 77 68 89 111 91 92 54 62 59 105 95 116 101 98 63 67 78 80 109 94 90 83 110 57 71 108 64 107 81 100 79 70 69 73 87 65 76 58 85 117 104 82 55 88 102 74 75 61 66 113 56 96 97 
 62: 82 63 84 57 88 86 77 75 59 64 71 91 93 100 95 113 56 110 114 60 96 66 117 92 111 69 62 106 87 97 53 74 101 104 81 58 102 107 80 94 55 98 85 116 83 99 109 76 70 79 65 78 72 105 68 61 89 54 67 108 103 90 
 60: 120 116 125 101 122 82 74 117 113 105 106 83 72 108 124 115 107 91 76 86 123 81 119 87 89 94 71 121 95 103 79 93 75 128 78 85 102 88 70 96 99 118 77 100 97 130 90 98 126 114 84 104 112 109 80 129 111 110 73 92 
 60: 72 100 128 96 117 99 92 122 126 130 102 109 108 79 93 76 115 74 84 97 124 123 125 107 104 120 112 118 119 75 85 90 82 116 80 73 70 114 86 83 129 81 105 110 111 88 113 103 71 98 106 101 89 121 94 95 91 77 87 78 
 58: 111 86 104 110 97 122 91 96 107 101 103 123 87 99 112 88 120 93 78 130 119 74 125 72 85 109 95 75 79 117 82 100 115 106 84 70 94 71 81 98 129 90 102 83 92 73 89 128 114 121 105 126 108 124 77 113 80 116 
 46: 102 125 86 108 98 82 99 96 104 76 110 75 97 103 122 105 83 74 71 130 88 95 129 117 109 85 115 73 111 101 107 90 106 126 120 114 81 121 77 118 91 100 79 119 92 89 
 52: 88 72 75 119 81 112 95 83 80 73 126 115 86 94 91 74 71 79 96 111 125 122 106 100 82 105 70 84 108 93 114 104 77 128 109 121 101 130 110 124 120 85 90 103 87 107 76 97 92 116 117 98 
 51: 97 78 126 88 120 118 86 84 119 70 85 117 102 81 95 92 79 104 71 109 96 125 101 99 115 122 98 72 93 77 111 76 114 105 113 107 91 103 83 116 94 89 110 87 106 100 121 80 73 90 74 
 54: 116 125 90 128 98 84 78 85 70 94 104 100 112 92 82 75 113 109 74 80 110 76 81 122 101 97 95 88 119 77 102 130 86 120 99 126 89 93 71 115 105 83 87 72 73 107 91 129 118 108 117 96 124 121 
 47: 120 110 82 125 126 77 75 116 87 122 70 119 79 117 114 111 115 112 74 113 86 108 121 128 85 88 129 71 81 101 124 109 76 99 130 123 97 80 94 107 118 78 102 89 84 92 90 
 45: 99 106 111 129 96 93 101 95 123 100 117 91 120 115 108 119 102 73 112 98 71 110 89 84 128 124 109 72 86 78 87 74 103 82 75 76 79 80 126 105 125 121 122 130 88 
 50: 125 83 70 78 82 129 102 115 90 73 122 81 72 85 105 93 120 124 113 123 94 121 80 97 130 84 116 98 74 92 91 118 103 95 117 87 126 75 112 76 71 77 107 119 99 89 110 101 108 114 
 49: 118 102 125 112 84 114 111 72 95 109 90 113 81 119 116 110 71 85 97 82 96 103 105 89 100 120 93 108 76 80 70 98 121 123 126 128 117 88 79 115 75 74 92 107 106 91 83 104 101 
 46: 117 72 118 123 79 80 88 70 124 92 83 102 96 100 93 114 106 77 103 90 73 104 108 116 74 110 75 107 95 112 81 82 85 84 89 105 99 122 91 120 128 78 119 71 97 113 
 57: 82 70 99 103 85 123 112 98 111 95 83 116 118 120 109 94 92 104 124 125 81 97 84 130 119 91 87 110 122 102 105 76 113 89 115 79 80 117 101 96 71 72 107 126 88 90 108 129 114 86 100 78 121 75 93 106 74 
 58: 96 102 107 112 79 105 128 130 116 97 80 125 81 92 118 106 74 113 84 72 124 86 98 87 110 75 95 121 85 78 115 89 122 114 100 123 129 119 90 73 70 83 99 91 82 120 109 77 117 108 101 88 103 104 94 93 126 111 
 60: 75 74 113 80 91 103 79 84 94 100 123 118 102 95 121 130 104 76 115 97 88 81 71 78 105 128 70 73 77 89 125 85 83 90 124 126 117 120 107 114 109 119 112 111 98 93 82 86 116 110 72 101 108 92 99 122 87 96 106 129 
 60: 122 77 129 116 81 98 111 113 71 126 73 72 112 97 101 78 130 75 74 107 83 88 84 117 90 92 96 123 89 99 120 110 121 102 70 104 128 82 109 118 125 95 106 79 86 108 119 124 105 93 80 115 87 91 103 114 94 85 100 76 
 46: 104 91 102 106 84 85 90 77 125 105 100 98 126 94 111 117 113 89 95 128 129 71 97 96 88 120 114 81 123 92 79 75 83 107 122 93 119 76 86 110 124 70 108 109 87 121 
 48: 98 114 90 77 105 113 96 78 126 76 101 95 93 120 112 79 87 100 115 117 97 103 102 73 124 130 86 122 81 72 129 84 107 85 125 119 94 91 123 71 104 82 108 89 106 111 109 83 
 49: 112 99 98 101 95 106 108 113 100 115 118 105 129 71 111 86 130 94 82 85 92 73 117 121 110 116 72 89 124 90 109 75 123 87 81 114 125 120 91 76 93 74 103 126 79 104 107 97 128 
 48: 95 122 96 123 111 93 72 104 91 105 84 108 110 128 74 100 103 71 115 102 99 90 114 85 116 130 101 79 77 107 109 83 125 78 94 92 120 70 117 106 73 112 80 97 82 86 126 113 
 45: 77 96 83 81 111 113 114 97 102 89 107 86 82 109 110 71 126 73 92 74 101 85 130 70 78 76 94 116 79 91 115 75 80 98 122 100 95 112 93 72 84 121 125 123 103 
 58: 84 130 112 119 75 76 113 74 103 94 70 115 123 97 107 73 78 125 83 80 82 88 122 91 129 92 108 95 99 100 86 89 109 111 90 120 110 71 121 118 79 114 72 101 124 116 87 98 77 93 117 102 128 126 106 105 85 81 
 59: 78 95 96 80 126 110 117 104 92 116 112 105 103 115 90 109 102 70 75 84 119 72 107 81 87 83 101 108 73 118 129 121 120 123 89 98 128 94 86 74 82 97 113 77 125 99 124 71 93 114 91 122 79 85 100 130 76 111 106 
 52: 75 116 83 124 121 87 114 110 85 88 122 125 84 92 96 107 129 80 74 95 73 112 94 77 126 120 70 89 76 113 90 115 82 103 99 100 91 108 117 118 109 104 97 102 93 71 130 106 79 78 98 119 
 50: 185 182 164 180 170 175 131 168 165 155 148 130 144 125 184 162 159 158 137 154 145 190 174 169 186 172 136 149 143 176 139 138 179 181 153 161 177 151 126 150 152 124 133 135 147 140 156 178 157 167 
 50: 139 144 135 133 127 136 131 161 165 134 132 159 128 164 162 178 172 141 157 126 171 177 130 138 187 152 160 156 166 176 143 154 140 169 168 173 153 181 124 182 163 147 180 183 179 158 129 150 167 174 
 55: 180 134 142 168 186 179 137 139 172 151 183 187 147 140 127 166 181 184 148 141 165 158 154 136 138 175 146 171 159 126 164 153 174 157 176 132 155 190 152 161 173 144 133 124 145 129 170 131 169 163 156 167 150 130 128 
 56: 187 149 152 180 173 170 157 166 132 161 163 175 158 179 160 184 130 183 168 164 136 134 165 171 135 176 182 142 127 131 155 185 159 190 154 143 125 167 147 156 128 178 145 126 129 140 146 162 124 141 169 181 172 148 138 133 
 65: 181 177 160 166 158 173 170 179 163 154 156 180 148 133 124 167 141 128 162 152 157 161 126 132 151 142 149 138 176 135 171 147 145 183 146 172 169 186 129 168 139 153 174 136 164 134 137 178 159 184 127 185 125 187 190 150 144 175 130 143 140 155 131 182 165 
 65: 163 172 124 148 150 178 141 142 187 186 185 171 137 126 176 165 149 145 125 154 144 132 140 133 162 164 127 134 182 174 179 128 180 138 130 155 129 143 131 168 156 181 184 170 158 151 177 183 167 161 136 166 190 147 153 173 139 169 146 175 160 152 157 135 159 
 55: 156 177 184 124 154 155 180 185 147 186 163 127 158 176 172 141 126 181 148 146 128 138 143 139 162 159 168 149 157 173 130 171 125 135 136 150 175 166 169 132 140 131 129 174 178 183 179 160 142 152 161 145 134 133 137 
 54: 169 152 170 131 124 130 126 134 190 157 147 133 136 176 174 154 138 146 185 155 166 168 184 172 141 132 145 180 173 183 127 175 160 167 158 129 178 151 142 148 186 139 165 177 149 125 150 159 182 137 179 128 144 163 
 63: 182 135 139 151 137 181 158 163 176 134 128 167 147 184 144 141 140 143 129 156 125 160 187 166 185 175 131 172 165 127 179 180 170 124 157 173 171 177 152 161 149 155 159 153 183 174 148 186 132 146 133 130 168 142 164 150 162 145 178 138 136 126 154 
 65: 186 187 176 190 156 159 183 163 139 137 127 153 174 168 171 131 136 166 126 169 150 133 143 144 158 185 140 147 130 182 152 178 164 145 135 181 173 184 148 162 129 167 177 179 160 180 155 161 175 172 165 134 124 149 141 146 170 132 154 125 128 142 151 138 157 
 54: 132 163 165 158 152 184 135 166 124 161 139 140 164 133 156 159 160 130 170 190 127 157 168 171 137 149 176 144 182 145 186 143 177 131 147 134 126 141 154 181 187 185 175 146 169 172 128 180 138 148 162 183 151 153 
 55: 145 181 161 142 190 129 173 152 150 185 187 146 138 168 151 140 156 144 134 169 127 128 172 166 170 174 124 141 176 182 136 165 155 175 132 148 126 153 167 158 135 180 130 162 184 139 178 164 179 186 149 137 133 183 147 
 62: 164 131 141 162 139 181 168 143 174 146 161 130 185 166 170 155 134 151 140 159 167 149 142 175 179 147 183 163 157 127 160 184 126 137 124 182 171 135 180 187 169 153 152 129 172 148 138 133 178 158 128 144 136 176 156 154 186 190 125 132 145 165 
 49: 132 143 124 183 171 136 172 184 138 182 160 176 130 146 149 159 147 157 134 155 131 169 165 144 152 170 181 128 127 173 153 158 164 185 179 156 145 154 162 186 190 175 166 137 141 139 161 142 150 
 49: 124 134 126 141 149 147 175 184 158 155 146 163 181 187 171 127 177 131 129 128 165 154 142 143 166 162 180 157 148 145 183 151 186 174 161 178 137 156 176 172 168 125 150 135 138 130 140 152 153 
 53: 137 165 157 134 153 156 149 161 148 162 184 185 150 177 136 171 168 164 143 180 170 155 130 166 139 169 142 146 159 131 135 186 154 187 173 182 144 190 127 163 138 178 140 147 181 152 160 126 175 176 179 167 158 
 65: 171 167 160 158 127 143 165 138 134 129 141 161 145 175 186 180 125 152 176 124 153 146 154 184 163 140 169 178 170 137 144 147 166 177 179 159 149 172 139 173 150 142 168 174 187 185 156 190 136 135 183 131 148 162 132 182 157 133 181 130 126 128 155 164 151 
 54: 151 155 186 135 159 127 166 140 131 136 177 132 124 180 138 183 141 176 164 172 185 171 160 153 178 173 134 161 165 142 181 167 163 182 156 179 158 157 150 152 128 168 145 174 130 184 175 137 147 125 129 162 149 143 
 52: 179 134 164 142 161 171 157 135 178 132 155 177 148 144 162 169 141 180 183 133 187 168 150 152 147 124 190 136 137 129 153 159 186 174 131 185 151 172 165 182 167 143 154 125 145 166 126 138 170 149 158 163 
 62: 160 171 180 190 143 135 127 124 129 176 139 158 140 155 169 174 182 172 164 178 138 165 173 175 128 131 150 152 166 147 179 142 125 151 153 132 154 126 163 181 167 161 162 184 136 145 156 137 144 146 130 134 183 177 168 186 187 133 149 170 141 159 
 53: 154 162 141 125 175 133 131 181 150 169 159 151 157 153 142 146 161 174 165 182 137 177 179 173 168 132 176 171 152 129 185 135 160 186 155 156 124 184 145 148 147 166 134 163 139 143 140 130 149 136 167 126 180 
 64: 145 127 139 156 172 149 183 148 147 190 152 141 184 128 167 178 129 164 174 169 162 170 125 136 175 161 132 186 124 158 146 165 177 179 182 173 187 168 138 181 171 131 144 163 126 150 159 157 185 143 133 160 180 137 140 153 166 130 176 151 155 142 134 154 
 65: 142 180 159 190 152 157 167 165 154 171 125 160 139 137 166 173 183 150 182 124 136 186 146 151 147 161 168 131 133 155 129 184 169 185 153 170 126 163 141 172 128 127 138 162 181 143 187 179 130 144 174 177 175 140 149 145 176 134 148 158 156 164 135 178 132 
 62: 128 156 169 124 179 177 136 141 183 142 133 162 165 171 190 155 146 178 153 145 164 126 170 132 173 139 186 180 187 181 159 174 129 168 148 125 157 182 151 166 138 131 149 176 130 161 140 167 135 163 143 172 152 175 158 150 134 160 185 144 154 127 
 60: 140 168 156 160 141 136 183 148 170 177 153 142 157 134 159 138 164 139 155 143 130 135 154 181 173 180 145 186 146 137 182 171 129 151 178 158 125 163 150 132 128 149 147 172 152 166 190 167 127 187 185 126 179 161 176 133 131 162 124 175 
 56: 158 154 133 176 134 166 151 139 171 170 125 138 149 186 128 165 179 135 184 144 132 145 167 169 160 124 177 126 187 143 178 155 150 136 156 183 180 127 130 161 148 164 129 168 174 157 137 146 175 142 182 185 140 163 172 153 
 57: 132 173 183 157 155 165 141 160 125 175 145 164 143 190 181 186 150 163 187 174 182 135 159 158 176 137 179 142 151 126 129 146 170 128 133 162 153 166 171 161 180 172 185 124 148 127 154 130 136 131 134 177 138 140 139 149 184 
 59: 127 158 187 173 146 124 155 179 166 171 138 137 160 149 148 159 181 176 186 162 190 145 163 180 185 161 164 139 165 142 182 152 172 170 125 184 175 168 183 135 130 143 156 132 129 144 136 131 177 134 157 167 151 126 169 140 153 133 128 
 51: 134 190 180 145 130 128 136 155 137 153 185 148 140 151 181 129 158 142 166 163 147 124 174 149 186 133 168 179 160 131 161 177 167 139 170 152 127 169 135 184 146 173 150 162 178 175 157 138 182 143 172 
 54: 128 187 167 179 170 130 145 149 125 163 159 124 172 190 132 168 157 160 183 175 126 129 147 137 178 140 181 138 165 164 131 161 180 150 148 142 173 174 135 169 127 143 141 162 185 177 144 186 158 151 136 166 184 133 
 63: 148 152 146 176 179 154 162 155 153 124 137 167 170 136 178 139 134 187 141 185 145 132 144 174 130 151 129 159 181 135 169 158 147 183 182 164 126 149 163 128 160 156 177 166 168 190 171 131 186 150 127 161 125 157 180 165 142 138 143 140 172 184 173 
 64: 159 180 162 135 183 185 155 147 143 167 149 145 142 186 144 128 157 177 187 178 130 184 173 138 156 133 163 176 181 171 151 154 127 124 146 182 179 160 129 158 170 190 140 172 164 165 125 132 126 153 166 174 137 141 150 152 169 168 139 161 148 131 134 175 
 56: 183 202 201 141 148 179 171 194 182 189 176 151 162 184 139 157 188 138 180 169 156 150 195 193 172 160 155 164 166 199 147 153 163 186 196 203 136 198 173 142 170 197 175 137 158 185 149 146 177 178 161 167 200 191 152 192 
 54: 196 200 171 198 145 197 153 169 160 140 168 191 164 176 138 167 147 178 187 173 194 142 158 154 139 202 151 175 166 141 172 136 182 146 183 161 189 188 152 159 203 163 143 192 190 157 174 156 155 165 186 170 135 162 
 58: 151 192 170 152 143 165 197 203 138 171 156 150 190 154 198 199 159 175 148 135 186 137 166 196 201 149 185 176 200 177 191 188 181 163 142 168 182 155 169 180 184 160 140 157 167 141 145 189 195 202 194 162 144 178 179 183 193 161 
 56: 135 136 173 193 187 162 144 178 188 155 170 163 191 181 158 151 177 148 137 196 150 169 192 182 186 175 203 180 195 159 161 190 142 139 171 140 198 185 167 179 183 164 189 145 152 149 176 202 154 165 166 199 197 156 146 153 
 61: 137 161 153 195 165 135 180 193 174 156 190 197 140 171 144 145 176 182 147 162 157 136 203 142 149 192 191 202 155 184 185 168 187 199 201 167 150 146 138 160 164 175 158 178 200 163 151 181 139 179 194 189 159 166 152 148 196 143 177 186 172 
 65: 178 139 182 149 147 185 180 191 187 140 162 137 152 154 189 163 179 151 166 183 201 164 156 173 136 171 181 192 155 196 200 144 193 176 172 143 175 159 157 146 142 148 135 160 188 153 169 161 197 190 195 184 186 170 145 141 194 165 174 199 138 158 177 168 203 
 68: 203 195 149 148 155 166 179 136 201 171 154 160 182 139 142 183 191 169 157 144 199 194 186 185 143 187 172 145 196 161 151 147 184 140 197 152 180 202 177 192 174 200 159 162 158 141 137 173 138 146 164 188 168 190 178 167 163 176 189 198 165 135 150 156 181 175 170 193 
 68: 189 197 181 160 147 159 148 162 163 167 168 194 175 140 172 190 182 149 198 196 144 199 202 145 170 183 171 156 150 191 192 135 136 164 138 141 158 176 137 146 200 203 143 154 152 173 174 142 178 186 177 187 169 166 139 153 180 185 193 195 165 161 157 151 201 184 155 179 
 62: 143 202 147 155 185 141 191 140 197 148 183 192 142 167 149 144 151 175 136 177 198 193 156 170 169 145 154 184 186 162 166 194 135 188 195 187 168 160 173 157 138 181 171 161 203 165 139 146 174 137 178 196 182 150 179 158 190 152 164 163 176 200 
 56: 138 164 178 165 185 171 200 140 135 173 143 175 137 148 160 191 141 166 190 186 150 154 167 147 139 169 183 163 180 142 174 146 149 199 197 201 152 187 158 176 179 196 153 162 195 170 203 184 159 145 194 161 192 177 181 136 
 53: 164 194 162 136 149 171 161 154 170 155 189 168 172 186 174 190 192 178 187 148 150 202 198 157 156 139 196 147 159 163 143 177 153 151 138 141 182 180 145 203 199 200 184 185 166 201 188 193 176 167 195 140 179 
 62: 203 160 147 139 146 189 175 170 150 144 138 167 177 194 155 149 153 176 141 136 168 148 163 193 201 151 187 185 180 142 182 162 190 164 152 140 173 165 181 161 196 188 191 143 174 202 195 184 157 166 172 145 186 158 135 199 156 178 137 159 200 183 
 68: 163 161 154 190 192 171 165 196 166 198 176 137 141 170 202 144 136 178 147 187 152 135 182 172 156 180 162 157 150 139 193 201 153 183 164 149 159 177 145 160 140 151 146 203 169 173 174 158 179 188 191 142 167 186 197 138 155 168 143 189 194 184 200 185 199 181 195 148 
 57: 149 161 143 162 188 139 164 201 171 148 169 153 190 191 176 173 155 182 185 198 159 175 167 181 151 160 180 137 165 187 174 138 144 154 142 145 166 135 202 196 195 146 158 141 178 168 197 199 193 140 136 189 203 170 172 194 163 
 69: 171 185 193 174 177 161 164 172 136 144 151 169 167 181 168 187 182 201 142 195 165 173 143 184 202 178 145 191 155 186 135 188 196 140 200 147 183 198 170 149 189 162 156 180 163 153 190 197 175 203 148 152 192 150 137 179 154 166 159 158 160 139 176 138 146 141 157 194 199 
 58: 146 149 172 200 182 198 137 192 187 178 203 196 140 175 189 162 154 143 195 165 184 194 180 166 171 179 138 151 173 197 157 152 148 141 181 147 144 193 164 170 160 174 167 150 169 202 159 155 135 168 158 177 185 201 188 163 156 153 
 65: 182 190 136 181 149 201 152 162 166 172 165 139 159 192 144 183 137 195 186 174 187 203 135 143 167 176 145 199 157 150 160 184 146 141 156 198 147 197 164 173 178 163 170 185 158 200 140 171 154 191 151 189 193 175 168 196 161 142 179 194 148 153 169 155 202 
 55: 182 136 199 183 192 176 169 148 167 173 151 198 180 142 194 164 143 153 179 140 146 159 201 163 200 168 188 166 197 160 175 203 152 185 154 196 137 170 155 156 157 141 145 139 190 202 135 138 186 193 161 177 195 150 158 
 61: 166 141 158 155 162 151 196 148 188 197 201 191 154 163 192 171 182 202 143 183 140 139 193 149 168 156 170 153 160 178 186 147 161 195 165 190 179 159 167 187 203 198 145 184 135 164 174 137 199 194 177 181 169 189 146 180 172 136 142 185 173 
 54: 157 136 174 182 147 145 142 158 203 195 163 197 202 196 140 146 166 159 191 176 173 153 151 183 175 169 155 139 192 164 188 149 162 150 137 144 179 138 154 198 201 141 172 186 165 193 190 184 199 194 156 178 181 167 
 66: 151 184 148 179 167 138 137 173 170 196 157 188 199 146 183 185 201 203 198 163 175 165 192 177 139 182 144 147 178 186 159 180 145 193 152 189 150 135 181 141 164 143 187 190 166 153 197 174 158 200 136 154 156 149 142 169 155 172 194 168 191 171 195 140 176 160 
 55: 179 166 177 181 200 147 154 153 159 191 151 188 136 156 163 164 189 184 190 145 183 180 139 199 195 155 193 137 194 175 170 149 142 146 148 202 186 201 185 141 138 197 171 169 172 167 150 152 160 198 173 140 174 176 196 
 59: 150 201 147 159 154 202 140 178 177 144 139 174 173 136 180 141 176 184 171 169 186 203 151 190 157 181 170 194 192 187 191 142 156 197 158 167 189 188 198 148 164 183 153 149 179 166 195 168 146 162 172 161 185 199 137 160 175 135 200 
 66: 189 181 166 160 163 140 165 135 141 136 182 154 169 151 158 178 196 171 192 179 197 194 199 159 173 153 185 148 155 139 157 150 138 152 203 162 177 168 144 201 174 190 137 147 193 180 188 156 164 191 170 143 198 176 186 183 172 145 142 200 202 161 184 146 167 187 
 57: 190 186 149 198 185 136 145 181 202 163 170 157 143 160 194 184 165 139 148 147 203 144 196 201 162 154 146 138 151 178 169 173 141 155 174 156 166 175 135 171 188 167 150 152 142 200 199 179 197 187 193 183 159 195 161 172 168 
 66: 160 143 186 197 194 166 181 191 177 138 203 192 141 150 156 170 139 195 198 169 187 151 137 163 176 201 171 162 199 153 158 193 154 135 142 182 172 145 188 157 200 152 202 175 180 146 183 155 159 140 161 190 185 164 184 178 196 165 173 167 179 174 144 149 147 189 
 67: 182 148 171 158 157 174 181 198 177 140 160 156 135 203 170 152 161 193 151 200 155 167 194 176 184 185 188 192 138 141 172 137 186 142 159 136 162 201 145 146 175 150 196 187 195 189 166 178 163 169 165 183 154 180 202 199 147 190 139 153 144 173 143 164 197 191 149 
 52: 182 145 152 141 178 186 188 136 162 176 146 143 156 166 175 140 165 169 168 163 181 183 144 147 138 200 185 137 150 139 201 198 148 191 154 173 149 153 170 155 135 172 157 203 195 194 184 199 177 159 171 161 
 62: 160 141 169 175 164 146 150 138 170 152 193 147 140 188 173 197 136 182 192 198 167 158 180 135 199 154 190 194 181 148 201 153 139 200 165 162 178 189 155 196 174 202 168 171 179 157 159 183 143 184 142 185 145 172 195 161 186 163 177 191 166 156 
 64: 197 183 169 176 167 152 187 160 156 184 194 147 154 136 151 196 193 201 166 161 153 164 148 185 163 157 186 162 142 158 192 150 182 199 138 159 173 189 175 174 179 200 202 203 177 165 155 191 188 171 143 145 170 180 149 181 195 146 198 139 141 168 135 140 
 68: 173 179 188 189 176 136 193 166 177 171 184 180 146 144 197 203 164 151 194 187 167 200 138 149 155 140 172 185 182 174 141 160 175 147 202 152 163 199 143 159 186 178 148 162 165 145 169 135 191 190 196 192 154 158 198 157 137 139 201 161 142 156 153 195 168 170 150 181 
 68: 156 166 137 165 153 151 169 193 175 190 194 174 163 140 184 152 136 168 155 142 147 170 181 148 159 162 192 135 191 183 164 158 160 179 149 196 182 144 198 150 202 143 178 195 138 177 172 139 154 145 203 176 180 197 161 200 167 146 185 199 201 188 173 157 171 187 141 189 
