# Data generated from a SDPTSP-E instance solved in two phases
# nbTasks=232, nbWorkers=182
# Random number generator seed = 0
Type = 1
Jobs = 232
 365 472
 381 445
 383 437
 394 505
 441 488
 442 557
 443 561
 445 544
 452 526
 459 550
 467 511
 474 591
 475 587
 481 593
 483 548
 483 598
 485 500
 495 553
 496 606
 497 560
 503 592
 508 588
 513 626
 514 570
 528 579
 531 616
 531 648
 534 570
 534 598
 537 641
 543 569
 551 661
 552 666
 556 673
 566 682
 571 690
 577 685
 579 624
 583 601
 585 604
 587 700
 589 666
 590 692
 590 708
 592 672
 598 716
 599 672
 603 647
 604 675
 607 695
 609 624
 609 694
 609 696
 609 706
 610 629
 616 662
 617 729
 627 695
 629 703
 636 672
 637 728
 644 755
 645 696
 647 693
 647 736
 647 759
 649 713
 650 709
 651 749
 669 738
 674 758
 678 790
 680 728
 689 789
 689 794
 696 742
 700 766
 704 791
 706 800
 707 818
 708 820
 715 834
 716 794
 731 840
 735 811
 738 776
 744 823
 746 839
 746 865
 760 834
 774 830
 774 847
 777 823
 789 900
 795 906
 796 888
 803 880
 821 847
 845 887
 847 956
 849 946
 863 965
 869 891
 880 909
 880 994
 883 958
 895 1014
 897 1016
 908 947
 924 955
 938 995
 943 978
 953 1002
 960 987
 978 1087
 979 1059
 979 1092
 987 1040
 992 1093
 1011 1026
 1012 1106
 1012 1123
 1016 1092
 1023 1114
 1042 1088
 1051 1102
 1065 1179
 1087 1178
 1087 1206
 1090 1144
 1090 1170
 1107 1215
 1114 1215
 1116 1231
 1129 1219
 1130 1204
 1131 1201
 1135 1214
 1149 1241
 1162 1231
 1170 1287
 1176 1264
 1191 1250
 1193 1304
 1195 1241
 1202 1238
 1217 1298
 1230 1318
 1233 1351
 1238 1312
 1252 1316
 1252 1363
 1272 1360
 1295 1374
 1307 1356
 1330 1441
 1343 1376
 1359 1424
 1378 1429
 1379 1439
 1398 1437
 1414 1504
 1454 1535
 1457 1533
 1463 1478
 1482 1566
 1483 1556
 1486 1589
 1494 1530
 1499 1602
 1502 1580
 1526 1588
 1528 1635
 1530 1608
 1534 1629
 1543 1604
 1543 1629
 1549 1594
 1554 1594
 1554 1645
 1557 1668
 1558 1612
 1558 1613
 1564 1648
 1566 1618
 1569 1641
 1571 1586
 1575 1631
 1578 1607
 1579 1608
 1582 1615
 1587 1704
 1598 1659
 1618 1713
 1621 1731
 1623 1730
 1629 1696
 1631 1721
 1641 1724
 1648 1729
 1659 1674
 1674 1784
 1675 1789
 1681 1704
 1692 1749
 1696 1788
 1696 1802
 1700 1767
 1714 1747
 1714 1764
 1720 1785
 1742 1794
 1746 1783
 1749 1799
 1750 1869
 1761 1811
 1762 1818
 1764 1879
 1767 1873
 1800 1853
 1802 1914
 1803 1868
 1803 1887
 1811 1826
 1814 1844
 1822 1889
 1835 1852
 1844 1879
 1849 1867
 1850 1881
 1856 1914
 1882 1915
Qualifications = 182
 87: 65 47 33 21 40 25 84 90 57 68 71 39 17 69 81 83 72 82 74 52 31 75 53 8 77 44 76 20 73 89 16 58 6 64 19 2 15 63 14 87 48 5 29 4 41 12 23 85 92 56 10 70 51 67 32 45 55 79 54 60 59 78 34 28 24 9 22 46 80 42 18 35 36 26 7 11 13 27 49 43 62 30 66 0 61 37 1 
 78: 25 1 37 3 50 0 76 26 51 13 41 7 89 66 67 39 5 80 63 10 61 22 71 14 27 24 32 49 65 86 73 8 72 23 55 57 47 82 62 46 52 40 48 29 70 79 90 42 77 21 34 12 53 60 19 20 4 15 58 85 81 6 28 59 38 17 35 75 87 30 74 9 44 43 92 56 68 83 
 81: 40 48 28 64 37 19 20 18 75 92 90 38 78 16 35 34 76 62 77 86 57 87 65 39 68 22 55 31 71 44 42 74 81 45 11 1 58 46 3 17 51 21 4 50 53 59 49 23 56 54 66 60 5 33 0 70 24 72 6 61 15 14 9 2 52 8 84 26 85 13 73 36 67 25 7 80 89 12 30 10 43 
 81: 68 45 42 30 34 18 51 86 38 20 26 65 48 76 54 69 83 62 73 47 28 5 22 50 89 46 33 40 35 23 0 58 60 74 10 14 37 71 1 2 21 6 4 7 8 49 66 25 36 63 41 19 92 32 31 43 11 9 12 79 29 61 27 72 17 56 81 70 80 16 53 52 85 67 55 39 64 15 24 87 44 
 76: 20 69 63 85 32 29 90 73 79 80 24 23 84 7 15 68 44 57 33 55 5 12 70 22 38 6 1 28 50 62 75 21 31 34 83 13 67 36 26 47 81 77 18 76 52 54 48 19 66 0 49 8 64 11 56 41 86 10 16 58 46 37 59 78 65 9 89 92 43 42 72 74 51 35 14 60 
 74: 17 82 69 44 77 19 22 65 71 63 75 11 26 35 8 48 15 40 60 7 37 14 34 32 43 25 6 61 20 24 92 80 78 1 85 2 42 18 45 47 67 79 28 21 39 74 46 41 51 29 33 23 3 57 53 56 31 72 84 10 70 27 58 30 49 87 81 5 76 16 12 0 4 62 
 80: 69 1 47 87 4 85 64 63 28 59 50 30 25 40 18 39 7 22 84 35 57 15 19 13 36 27 42 61 0 62 79 45 8 31 20 60 54 53 80 89 52 9 71 90 58 34 6 70 2 46 32 37 68 26 12 55 11 29 83 74 82 5 3 33 44 66 17 51 73 38 78 81 41 48 92 49 86 16 65 75 
 69: 13 53 3 39 79 85 73 44 71 57 65 21 5 12 9 90 14 58 83 19 51 42 27 50 47 29 54 49 68 37 2 60 48 26 28 36 84 32 15 72 80 6 67 92 70 22 76 64 46 8 41 61 89 75 17 78 56 59 77 18 81 25 10 11 63 82 23 40 43 
 86: 62 54 0 11 34 37 68 22 25 49 61 35 30 55 82 71 47 1 16 44 17 60 7 13 36 90 56 72 86 33 64 26 32 20 53 81 73 79 51 70 63 2 31 77 14 39 78 67 9 27 5 29 59 48 69 57 40 92 38 46 65 24 83 15 21 58 43 10 42 12 45 89 76 85 74 28 66 3 50 75 80 8 18 52 23 4 
 86: 61 32 67 0 71 30 38 35 72 24 3 47 57 75 50 82 65 18 66 86 44 14 80 54 2 40 70 17 78 74 34 56 45 59 73 60 20 11 25 23 19 6 69 37 39 64 49 63 55 33 27 84 79 58 22 48 92 8 15 85 16 9 28 52 62 68 90 13 5 42 81 87 4 12 36 76 77 7 26 89 43 51 1 10 46 29 
 73: 19 8 43 80 7 2 49 13 26 85 56 0 53 66 32 5 33 92 38 37 16 25 34 89 51 57 59 68 35 46 90 12 87 23 65 39 76 82 31 36 78 21 14 45 81 41 72 74 75 50 58 71 86 28 42 15 70 22 1 83 62 4 17 52 44 64 84 18 29 73 20 40 69 
 82: 56 84 62 34 48 37 74 72 49 26 32 14 20 58 38 76 29 67 28 19 0 83 24 90 50 30 73 80 78 85 33 87 45 4 79 13 15 12 43 70 51 1 60 36 6 53 69 5 3 77 68 65 86 71 7 81 52 17 31 75 25 44 22 63 21 42 82 47 46 92 66 11 10 59 35 40 61 39 27 55 16 8 
 89: 11 66 50 41 27 0 34 38 16 56 24 48 19 36 35 23 61 57 58 87 73 69 68 90 70 40 53 18 51 44 71 17 45 77 86 74 72 81 65 60 20 1 26 92 67 39 2 47 46 15 79 9 32 6 4 82 75 25 33 14 7 21 28 3 12 59 8 42 30 80 76 62 63 78 89 43 64 49 29 54 85 10 52 5 22 37 55 83 13 
 83: 54 55 77 8 44 46 73 26 50 53 66 13 45 32 67 74 17 82 12 27 83 69 61 48 4 65 28 15 6 64 2 38 3 24 41 1 59 87 75 25 43 76 37 42 10 7 23 71 18 78 14 33 22 81 51 21 70 89 86 5 29 56 80 84 58 9 85 72 68 49 52 11 34 79 36 20 92 35 0 40 19 60 31 
 90: 76 35 28 73 10 20 2 71 14 36 43 22 53 50 61 48 17 70 16 59 51 1 65 7 31 13 6 4 46 62 57 23 26 89 58 27 66 80 33 21 92 39 15 9 19 37 40 25 87 38 49 77 74 11 90 84 78 5 42 34 44 64 81 30 18 3 69 67 72 0 8 56 12 83 85 54 24 68 41 32 55 52 82 47 29 75 63 45 79 60 
 73: 61 28 92 10 41 3 67 87 48 46 20 74 38 18 56 37 0 21 69 85 50 14 11 52 19 57 33 63 5 39 49 32 55 68 54 81 79 7 1 4 2 82 13 42 76 53 29 27 47 86 66 84 70 43 64 80 22 75 62 59 45 23 17 44 40 8 78 65 34 51 83 35 26 
 74: 85 18 0 15 39 83 75 16 41 51 74 89 26 90 68 31 55 27 9 43 5 20 66 22 80 56 40 34 52 2 11 25 54 10 32 73 1 4 82 58 78 13 17 29 42 8 53 60 71 33 28 35 12 77 76 49 92 79 19 63 48 45 65 86 3 24 87 21 14 47 30 36 46 37 
 78: 56 47 54 52 65 3 31 21 26 58 79 19 92 75 83 30 42 24 34 25 80 17 41 11 28 4 0 53 37 89 82 61 22 73 51 23 48 7 38 15 10 72 74 86 67 64 36 70 18 40 33 6 71 27 5 46 57 55 13 62 43 66 59 32 85 44 9 68 29 16 69 14 45 87 2 76 12 35 
 83: 78 9 10 90 30 25 11 35 54 92 12 34 19 46 26 60 67 59 4 39 76 41 53 73 21 1 70 64 0 52 44 17 69 40 32 82 14 29 49 47 58 77 22 36 15 2 57 50 8 87 79 63 83 84 27 24 85 56 33 18 48 31 37 13 16 20 81 3 62 5 80 68 42 38 65 45 51 28 89 75 74 71 7 
 82: 84 63 22 82 37 11 70 87 71 69 75 3 64 58 60 81 55 53 7 31 5 77 50 27 92 38 21 29 46 72 0 19 20 80 4 16 89 10 45 57 51 18 32 6 24 41 54 49 67 17 79 36 65 44 1 90 76 42 39 30 85 74 28 9 13 35 52 8 26 83 61 62 73 78 40 15 14 43 12 2 86 23 
 86: 42 28 76 19 39 30 90 11 38 79 65 21 14 52 35 81 5 37 24 48 62 64 86 73 41 75 70 67 60 44 51 8 33 0 20 4 36 40 56 78 13 72 34 82 85 83 71 92 25 87 15 53 61 26 27 50 32 63 23 16 66 9 1 31 18 6 57 2 7 89 29 46 84 80 10 43 68 77 55 69 74 47 58 22 49 17 
 71: 17 54 37 36 68 79 6 50 66 26 60 22 76 31 8 1 2 56 81 48 71 18 64 45 72 38 44 19 47 46 77 41 75 55 7 78 61 33 9 83 53 15 27 21 32 39 24 20 62 70 12 16 84 13 90 65 69 86 59 28 80 42 35 49 30 40 73 43 51 10 3 
 70: 48 77 7 25 6 51 24 36 42 3 62 81 83 59 20 45 14 8 82 78 56 1 47 89 26 33 43 23 27 41 18 92 31 57 90 32 19 5 44 39 34 53 65 74 80 76 21 17 61 70 29 49 0 12 50 37 67 15 22 30 60 2 66 55 40 11 35 85 52 68 
 69: 39 66 29 58 35 86 70 63 0 33 51 7 61 84 78 74 12 6 77 13 10 65 21 60 25 42 45 17 55 82 11 2 47 34 57 9 3 71 67 46 16 30 14 20 73 28 19 36 52 90 56 81 85 64 27 79 24 75 5 4 22 15 62 23 26 41 69 92 1 
 74: 62 78 68 24 32 59 69 28 1 57 22 0 86 80 70 4 29 18 21 42 82 39 35 51 83 75 38 37 50 15 20 72 11 41 67 65 76 87 16 33 47 61 53 17 43 73 89 52 19 5 54 7 36 66 79 30 10 3 85 48 92 8 60 34 74 81 64 26 13 9 23 45 27 44 
 81: 52 92 39 57 24 30 58 78 86 79 47 7 3 33 87 80 20 11 53 28 62 16 73 55 23 42 67 18 19 15 40 68 37 45 77 38 59 70 4 69 10 82 2 44 60 22 5 83 9 49 75 13 34 64 0 14 89 51 65 31 71 8 26 12 56 84 90 66 1 17 72 85 41 54 29 76 6 46 35 25 50 
 78: 53 51 5 12 41 44 32 11 26 42 85 58 90 54 77 73 76 28 70 37 83 89 80 81 50 52 16 46 92 43 69 1 20 15 60 39 71 24 19 21 38 82 8 6 66 35 23 36 75 31 14 56 57 55 59 63 65 33 3 72 49 61 68 10 25 27 79 67 62 40 47 64 17 2 22 4 18 13 
 81: 84 16 61 54 27 43 71 0 66 32 5 4 78 21 63 53 37 9 85 46 33 30 56 39 14 58 70 26 74 35 1 28 79 81 18 22 92 47 7 62 36 50 2 41 20 67 69 10 90 49 17 64 48 6 72 76 77 15 3 59 11 75 45 12 83 86 24 60 68 23 73 25 57 29 31 87 13 8 55 51 82 
 86: 40 35 48 20 38 82 41 45 2 60 80 46 18 83 42 90 15 87 7 5 86 74 67 34 1 66 89 59 14 21 81 50 17 72 51 16 55 61 62 58 49 85 10 13 75 26 19 3 28 0 22 12 76 71 11 92 63 9 53 4 44 23 77 73 57 30 31 54 47 79 33 32 36 43 56 8 78 6 52 69 84 39 37 64 65 24 
 75: 20 17 78 6 13 38 54 4 73 57 14 90 84 44 19 29 60 61 32 1 0 68 45 7 58 63 8 10 5 82 53 87 64 16 83 70 71 52 50 85 46 92 81 15 30 62 56 42 49 18 48 40 26 33 25 31 77 36 39 47 37 74 28 27 86 23 21 43 2 9 55 12 66 69 89 
 87: 90 81 1 6 75 63 35 70 83 86 44 12 50 68 36 33 49 3 25 31 66 55 10 51 53 58 79 11 48 38 40 13 57 20 87 47 9 60 46 84 67 89 85 22 30 74 26 72 92 42 16 73 23 45 27 65 15 17 76 39 34 19 78 24 77 14 28 4 80 7 29 0 54 62 8 2 52 56 37 43 5 21 18 69 59 71 82 
 88: 80 82 49 24 70 50 22 66 26 3 52 46 63 65 67 43 69 55 47 57 90 54 45 10 25 17 9 6 37 72 44 28 38 79 1 0 53 61 33 16 21 87 36 8 89 74 23 15 42 51 40 75 31 64 85 39 27 12 71 92 5 56 7 60 76 59 68 73 11 18 84 20 13 58 62 14 77 19 86 32 34 81 35 41 48 29 83 2 
 70: 64 77 59 0 12 28 31 19 85 75 13 74 34 89 73 39 90 69 82 83 65 36 57 67 3 87 80 18 21 79 84 20 23 8 17 60 71 22 46 63 2 48 5 44 9 76 42 33 14 4 70 51 45 81 15 30 78 50 52 86 43 62 32 37 58 35 55 24 27 29 
 91: 87 74 39 6 3 77 42 5 9 0 63 45 66 52 61 8 55 10 28 56 38 17 75 65 70 41 54 36 37 7 40 44 49 15 48 14 76 11 57 60 51 64 59 18 1 31 80 78 68 33 81 53 89 13 21 71 84 20 4 50 32 35 79 69 16 24 67 22 26 72 30 27 62 90 92 46 23 85 73 58 82 34 47 2 86 12 83 19 25 43 29 
 69: 30 18 77 2 80 34 87 50 47 46 25 7 67 85 41 40 16 14 13 5 56 82 68 22 55 54 65 19 35 29 33 70 31 83 23 39 49 72 73 8 66 3 58 59 36 11 1 64 10 48 61 86 84 17 15 4 44 89 90 37 42 27 21 60 43 28 6 9 24 
 84: 23 26 13 45 59 82 39 7 1 81 76 54 71 32 66 48 28 68 43 22 86 17 4 31 44 84 61 79 70 72 2 0 18 49 89 52 67 30 11 19 40 73 42 92 12 63 90 33 51 9 75 80 46 74 60 87 41 36 8 37 62 53 58 5 83 35 56 24 69 29 3 64 55 27 14 38 16 57 6 15 21 10 85 20 
 84: 37 8 12 16 25 22 71 17 84 32 56 52 9 43 53 65 85 44 80 5 46 23 58 59 74 4 19 28 86 68 87 89 24 61 72 41 11 48 15 73 75 27 10 34 79 54 38 49 78 20 90 40 64 6 29 7 60 21 66 51 33 82 36 47 26 14 18 76 42 13 83 39 69 70 3 1 35 0 62 50 57 81 30 55 
 89: 44 17 90 11 71 92 63 86 55 19 46 42 20 58 68 74 39 82 18 72 1 40 41 53 5 89 10 8 81 43 16 84 28 62 13 26 49 24 12 37 87 70 59 51 15 34 14 78 38 30 32 9 23 7 54 52 73 45 21 83 65 67 36 75 66 47 76 29 27 80 85 77 4 69 25 33 64 6 3 48 35 79 2 56 50 0 61 22 57 
 70: 52 51 83 46 15 92 80 58 66 7 41 76 17 82 65 63 69 47 70 71 35 57 34 84 73 90 45 40 36 87 79 38 26 5 2 3 64 68 67 77 44 60 42 55 54 8 20 75 39 32 0 22 85 78 16 11 89 21 18 19 31 62 49 6 30 14 48 10 9 53 
 73: 7 46 75 54 39 2 19 74 4 62 68 73 77 23 0 63 1 24 84 10 47 48 14 6 49 87 8 82 13 80 76 57 3 79 66 72 64 30 41 78 67 31 92 33 86 5 85 34 50 71 81 27 32 69 65 45 53 44 90 21 42 20 37 70 59 58 9 11 38 17 60 43 26 
 85: 78 6 29 13 34 57 64 25 54 69 83 12 37 61 44 11 15 16 35 0 3 26 31 90 39 58 73 84 43 75 45 17 79 65 10 40 70 56 92 4 82 67 85 60 38 86 68 47 28 20 62 32 27 46 49 36 22 14 76 24 8 2 7 33 87 21 74 1 59 23 71 5 19 51 53 50 42 52 30 55 48 41 9 77 81 
 82: 84 65 42 35 26 19 87 11 41 78 82 85 90 54 74 32 28 73 83 15 55 47 80 49 60 89 1 30 46 2 18 61 6 23 9 52 53 34 0 39 16 68 76 43 31 12 72 59 66 50 58 29 3 27 69 92 33 48 64 36 4 25 71 17 63 77 22 8 14 62 51 5 7 75 37 67 10 79 24 81 86 20 
 89: 76 26 89 47 31 33 43 38 81 41 42 97 93 78 87 30 102 99 39 37 57 14 82 44 58 105 94 75 45 98 64 35 79 34 54 40 66 62 86 49 72 96 46 65 67 95 84 77 88 29 71 109 18 83 73 51 24 70 23 60 85 20 27 103 63 91 100 48 17 68 56 92 80 61 32 25 28 52 55 16 21 50 19 13 36 74 108 15 53 
 89: 97 94 31 93 66 18 44 30 80 22 96 64 53 87 109 36 13 46 58 91 89 65 20 72 60 62 75 33 88 105 77 56 70 17 40 15 39 51 69 23 68 50 85 45 100 76 47 63 43 98 73 28 74 38 95 84 21 52 25 26 29 34 83 79 55 49 90 24 57 67 14 61 54 41 86 48 103 59 71 16 42 108 102 78 32 35 82 19 27 
 89: 73 30 90 98 60 95 74 87 84 103 65 19 108 71 100 50 109 70 64 63 41 25 20 58 43 77 75 68 88 27 17 97 55 54 46 69 40 61 13 80 18 33 49 16 105 34 82 24 51 62 15 44 56 89 94 21 14 26 79 32 35 91 78 72 37 81 42 29 38 83 76 48 36 23 28 99 39 96 57 93 85 59 47 67 31 45 22 86 102 
 83: 58 103 74 91 59 93 53 39 24 37 42 34 45 36 80 85 38 16 94 61 55 67 46 21 13 100 70 50 15 75 64 44 81 95 26 41 66 51 69 52 72 43 35 19 98 90 79 20 56 71 87 48 86 47 49 63 57 88 27 102 109 84 17 96 73 14 18 65 77 23 76 60 89 82 78 22 105 32 108 30 29 83 99 
 80: 45 71 15 58 37 39 59 19 83 38 44 36 73 23 96 17 26 22 103 93 47 100 85 46 48 29 62 52 86 91 41 35 50 42 56 51 82 95 65 109 88 76 77 54 69 79 63 98 94 60 90 31 74 16 92 108 72 21 97 30 24 18 20 102 57 34 28 13 53 27 49 32 14 70 67 105 64 78 80 75 
 70: 63 64 82 70 40 56 99 90 25 103 86 67 108 66 60 81 61 47 18 28 109 20 58 43 75 79 34 62 57 72 14 80 15 36 59 44 76 23 89 54 35 32 97 68 94 83 45 91 53 26 27 102 95 93 78 73 98 13 19 17 52 39 37 31 85 41 100 65 71 88 
 81: 17 50 94 108 22 31 18 57 109 60 93 46 30 28 33 43 100 42 16 39 51 21 20 98 59 32 99 69 78 83 47 41 90 68 95 81 27 89 103 82 58 35 38 85 15 52 40 26 55 80 76 54 24 73 67 25 49 48 44 92 96 64 70 62 71 84 36 72 19 14 87 23 56 105 74 61 29 79 86 97 102 
 70: 70 89 103 57 91 109 45 105 97 36 88 18 25 33 58 77 43 35 22 23 69 46 66 16 14 96 61 93 64 13 68 71 56 82 73 49 94 26 21 83 85 98 63 17 30 24 39 79 34 62 19 15 81 53 41 65 74 28 31 99 60 67 29 84 78 55 75 52 72 32 
 91: 38 89 66 71 51 46 40 100 14 109 52 50 75 25 56 63 20 79 44 21 99 70 61 93 103 16 83 34 60 77 54 28 98 48 94 53 85 55 33 23 74 105 62 37 68 29 80 49 87 82 13 42 24 65 31 30 69 88 102 26 15 45 92 58 57 64 43 90 35 84 97 67 59 86 96 41 18 76 36 27 78 19 73 17 32 95 81 47 91 108 22 
 81: 42 55 40 68 15 52 21 96 24 99 53 98 95 69 74 45 43 75 100 93 83 54 41 109 76 44 59 19 26 65 94 80 63 36 82 70 25 91 103 14 62 57 23 48 13 72 46 39 71 27 20 51 47 105 90 86 61 77 50 84 58 60 88 64 17 16 92 89 102 30 67 18 35 31 22 73 49 97 33 79 28 
 84: 20 70 44 15 66 28 89 108 34 86 59 39 82 13 91 42 60 88 31 92 78 77 73 67 14 105 33 46 79 94 87 58 80 109 90 53 74 62 72 76 35 84 45 43 36 103 49 52 61 38 47 65 25 23 96 99 50 68 93 48 57 41 54 83 97 71 19 27 64 56 37 63 16 40 17 32 30 69 22 81 95 24 98 55 
 75: 33 35 73 47 49 62 93 19 32 20 68 103 28 17 30 58 25 79 97 16 38 96 41 91 81 109 65 54 64 99 51 26 72 23 80 44 66 24 83 102 37 31 27 18 53 94 89 95 45 60 98 50 77 70 78 82 108 55 88 34 52 56 75 14 74 48 92 13 46 100 67 43 85 76 40 
 78: 92 56 28 44 62 68 47 25 57 67 87 95 64 23 109 65 19 13 69 24 43 21 22 75 103 38 53 84 102 61 60 17 73 34 72 88 59 15 51 37 98 80 26 14 41 31 94 27 54 40 58 49 76 71 36 77 74 32 96 35 46 79 99 108 16 33 70 39 86 20 89 81 82 29 45 85 78 66 
 70: 47 50 74 69 39 19 64 33 63 60 24 49 97 41 77 75 32 18 67 13 76 54 44 81 17 40 59 21 25 52 27 80 99 79 37 109 100 65 93 34 26 58 86 70 68 14 35 89 28 48 29 30 51 46 95 72 45 78 42 31 53 94 87 102 66 56 57 98 22 90 
 86: 16 43 26 74 83 61 75 57 45 72 86 18 82 80 52 15 17 90 95 109 29 34 102 81 96 98 105 69 92 62 49 77 87 38 103 78 89 93 19 22 35 63 60 55 20 65 44 42 58 66 97 27 51 25 41 36 99 94 70 33 85 46 91 13 53 84 71 39 79 73 56 67 30 76 59 108 31 50 21 37 28 54 14 40 100 47 
 93: 37 30 45 27 50 29 17 95 80 103 57 62 40 36 49 86 60 21 105 61 73 55 84 89 41 71 18 93 39 67 109 74 35 48 32 16 22 44 97 64 98 108 24 96 59 53 20 87 90 47 28 19 23 72 91 85 26 78 52 75 77 56 51 79 25 54 46 70 81 63 82 99 34 88 33 69 42 66 13 65 100 94 14 76 31 58 15 92 38 102 83 43 68 
 78: 70 63 108 84 55 66 40 73 31 45 38 14 98 76 78 22 21 58 25 20 19 75 49 42 51 54 99 67 74 92 95 60 88 65 62 69 109 90 48 80 16 24 30 56 33 43 32 29 68 86 26 18 105 100 36 41 17 28 23 59 37 94 103 52 64 71 44 93 102 53 13 39 50 27 82 57 85 34 
 76: 63 54 61 82 16 44 109 27 19 30 87 57 22 65 28 37 75 35 70 74 50 48 40 59 95 76 71 68 32 17 94 91 78 103 73 66 25 60 80 34 93 79 20 69 43 21 52 13 41 58 36 15 29 51 46 100 39 33 49 108 96 98 47 89 90 62 64 26 14 45 23 72 85 102 18 84 
 84: 33 61 41 19 23 60 87 81 85 96 102 78 103 77 26 42 70 45 92 88 89 100 51 24 27 99 54 86 62 31 82 73 29 43 46 74 37 48 18 25 36 97 84 58 28 108 49 71 30 79 56 20 93 14 66 75 17 109 72 13 35 50 39 40 55 94 32 69 83 68 91 47 21 63 80 95 53 98 64 65 76 34 52 105 
 90: 63 102 46 76 83 74 18 22 39 36 49 50 65 62 60 109 85 35 58 86 45 20 33 103 87 44 73 93 23 26 41 95 28 81 31 71 69 79 90 96 55 100 34 57 40 66 64 30 37 42 14 15 82 59 91 52 75 13 48 70 19 84 92 67 54 27 94 80 105 51 24 89 25 99 56 29 53 72 78 77 16 61 98 88 43 38 21 68 32 97 
 77: 73 57 20 95 71 86 70 67 25 75 37 36 33 103 91 76 44 93 90 81 60 83 80 28 18 88 100 64 30 49 31 24 38 23 105 98 55 39 85 109 94 97 65 89 66 26 59 102 82 74 46 53 50 68 32 19 92 77 22 52 56 78 99 51 84 96 61 40 14 108 27 47 58 48 69 17 45 
 87: 90 35 53 67 45 21 68 71 39 58 86 48 23 61 34 46 27 91 20 25 56 105 83 95 92 28 31 37 60 66 85 62 54 17 33 98 16 108 29 52 87 26 32 76 75 55 65 44 79 30 84 40 43 49 82 19 93 74 42 36 81 64 96 59 109 63 51 97 99 57 47 77 88 80 14 78 94 100 103 13 102 24 38 89 50 73 69 
 81: 109 74 108 71 45 99 105 49 91 68 76 65 79 35 24 85 37 43 15 32 48 103 94 98 56 23 77 86 87 51 31 46 81 83 80 54 19 52 39 57 67 28 89 14 66 21 69 27 96 70 40 62 36 100 55 41 42 33 82 34 47 50 95 78 58 20 73 18 93 53 72 84 38 75 63 16 64 61 13 44 25 
 83: 83 43 56 84 93 48 46 97 17 70 82 28 69 45 16 55 33 57 37 95 58 74 51 90 76 79 27 15 52 24 81 13 22 31 36 68 73 18 53 32 77 78 38 109 65 89 59 61 34 86 47 63 42 66 60 20 25 21 105 94 40 85 30 19 35 87 91 29 49 99 71 96 88 64 62 102 50 98 80 23 100 103 41 
 79: 89 84 39 35 96 34 50 77 78 72 40 87 103 63 44 23 108 90 48 21 53 33 18 94 42 14 83 55 70 16 75 49 52 67 68 66 99 43 17 76 109 32 51 88 93 105 58 29 46 15 73 38 82 28 95 13 37 61 71 60 31 69 97 24 65 81 45 98 57 64 85 86 25 80 41 22 36 26 47 
 88: 95 105 80 64 60 28 98 54 68 88 103 77 16 34 87 72 90 32 86 56 15 67 50 24 26 59 44 66 63 20 39 47 74 33 91 30 58 92 62 85 102 52 57 19 75 51 25 40 61 22 36 82 83 96 76 29 97 79 45 65 89 71 41 42 49 35 99 94 81 31 55 53 78 70 46 48 27 108 14 69 18 17 37 23 109 93 13 21 
 78: 48 94 98 102 14 51 72 41 84 53 54 21 57 80 61 39 96 29 59 45 47 13 27 109 18 17 100 82 97 55 74 66 22 103 91 56 15 25 24 30 65 75 81 44 36 42 67 76 34 88 105 35 99 26 108 60 62 68 83 89 40 90 38 64 28 70 16 73 95 92 33 46 85 71 49 79 37 63 
 86: 29 96 71 77 47 37 52 75 30 72 27 60 86 94 92 97 100 74 42 67 88 32 21 14 84 50 23 34 64 40 62 36 91 63 81 39 59 85 80 54 90 28 45 76 79 35 53 109 61 16 56 70 78 13 49 83 15 55 18 89 17 87 68 19 102 38 25 93 58 31 46 108 57 33 66 98 44 51 22 95 103 43 24 82 65 26 
 90: 58 64 49 33 100 40 78 48 43 87 67 89 56 53 63 38 35 71 31 51 61 73 22 42 55 79 39 29 69 16 84 86 91 13 15 95 18 59 68 93 102 103 37 62 83 19 25 75 57 85 109 23 94 27 32 65 24 76 80 21 41 46 45 60 99 88 74 90 98 28 47 30 105 44 96 81 82 36 70 92 17 34 72 108 54 52 50 77 66 26 
 74: 71 38 64 43 52 36 70 67 86 27 58 74 30 56 24 47 34 16 87 57 95 63 54 51 75 78 97 69 68 39 100 85 55 92 44 91 46 102 94 23 89 76 35 53 50 61 13 28 49 109 93 33 105 48 15 80 82 66 96 72 25 88 41 59 60 84 29 103 20 37 19 42 65 18 
 76: 89 40 75 16 36 23 38 70 27 99 92 44 42 87 71 43 73 85 29 56 21 81 20 39 91 35 26 72 18 28 63 93 88 24 105 102 95 79 48 98 13 84 103 64 67 66 62 80 97 61 37 86 109 46 94 55 51 82 59 50 49 19 17 60 74 58 76 32 22 54 53 52 69 65 45 14 
 81: 70 98 38 13 55 17 45 99 89 51 21 25 35 15 44 74 92 88 65 39 69 76 78 33 41 85 71 68 46 30 72 19 91 20 50 66 47 109 102 34 103 60 97 49 32 14 90 23 105 29 54 59 83 28 37 52 53 62 43 27 94 48 81 67 82 73 96 24 86 64 22 58 80 75 56 77 87 63 18 93 42 
 93: 61 95 45 71 29 73 17 70 43 77 92 32 53 56 93 57 41 52 44 66 14 64 76 91 86 19 24 28 89 31 38 99 68 83 25 80 108 94 47 39 40 23 16 85 90 27 87 37 35 30 65 21 49 103 20 36 100 42 54 26 96 98 48 97 109 81 79 50 18 46 62 67 63 82 33 34 75 13 59 60 84 22 78 69 88 15 72 55 51 102 58 74 105 
 89: 56 64 93 95 108 25 28 31 78 79 26 71 75 47 39 44 30 67 34 63 97 24 86 89 84 29 55 43 98 72 22 92 96 18 41 23 42 94 77 21 37 45 88 70 52 80 35 20 82 58 60 19 38 57 100 90 27 48 16 36 87 15 83 99 51 50 32 49 69 109 85 54 13 74 61 81 66 102 91 73 68 76 40 62 59 103 105 14 17 
 82: 88 19 70 25 45 100 35 41 37 60 17 30 27 72 87 99 34 54 40 58 109 57 24 91 89 44 23 64 46 98 52 65 103 67 86 66 21 108 20 14 97 84 95 55 59 82 63 29 62 61 42 80 47 53 93 71 92 81 36 73 94 43 38 16 96 56 77 15 22 79 69 90 26 85 48 31 102 49 105 50 76 39 
 74: 55 33 86 90 85 97 78 43 35 58 74 84 51 18 62 61 49 36 109 30 60 38 82 92 89 66 46 71 27 48 50 79 40 20 22 76 67 70 37 81 69 88 59 52 32 75 23 34 21 91 25 17 14 96 94 80 72 41 47 73 16 29 77 53 54 64 63 45 87 93 65 95 28 83 
 88: 58 23 25 90 91 61 75 64 17 22 26 13 47 24 78 83 74 94 98 88 103 55 76 41 100 60 18 65 30 97 54 48 53 66 70 43 89 93 72 108 32 49 20 46 42 38 105 59 84 80 86 44 45 40 81 96 71 92 69 63 68 19 52 77 57 14 37 67 36 35 34 16 33 50 87 51 56 15 29 79 27 109 99 28 102 95 85 62 
 85: 108 20 100 43 18 76 44 38 53 68 33 94 54 24 22 48 90 13 60 67 73 31 87 71 109 62 17 99 88 27 92 78 72 28 37 19 40 50 23 41 61 89 70 45 29 14 65 35 64 74 96 63 26 58 95 25 46 49 52 66 105 32 93 39 47 91 80 86 103 36 77 21 30 16 81 75 55 79 57 34 83 102 15 42 56 
 73: 38 28 65 96 19 98 37 46 87 90 48 55 18 31 26 59 81 39 36 33 53 25 108 75 23 73 34 35 94 105 42 92 99 24 43 66 64 56 61 100 41 67 83 91 27 58 45 84 89 82 29 103 86 13 88 15 62 54 79 21 51 74 69 72 17 76 50 63 60 40 44 22 102 
 92: 40 77 22 44 55 36 78 67 65 27 31 24 30 73 33 95 50 20 109 99 34 83 64 51 82 96 15 91 56 86 76 58 13 81 45 80 66 89 108 28 88 39 32 87 68 46 63 79 38 103 17 62 74 42 29 52 57 18 43 70 60 49 35 85 94 71 53 92 69 98 84 47 41 75 61 21 97 19 48 26 72 102 37 105 90 14 16 54 59 23 100 93 
 81: 50 80 40 34 70 72 79 20 66 76 63 88 62 84 21 74 22 37 75 58 25 60 29 17 91 56 90 96 65 52 85 57 81 35 28 53 67 87 73 105 71 47 86 99 54 36 102 55 89 83 49 38 43 94 64 14 16 19 103 78 48 30 13 69 92 18 59 27 39 77 61 26 23 32 98 33 45 93 82 42 31 
 71: 75 45 86 76 35 46 16 93 64 66 103 67 38 51 43 60 30 77 40 72 24 87 14 109 62 13 41 32 80 48 83 105 73 74 58 98 19 96 57 21 53 50 94 54 63 18 84 26 59 95 20 31 68 34 81 97 65 85 27 25 44 39 69 100 78 55 91 71 49 90 22 
 49: 103 134 142 117 127 118 105 123 120 113 111 104 128 129 150 149 98 132 115 106 114 130 99 108 139 141 144 125 124 143 116 135 112 147 109 122 102 133 145 107 131 110 137 126 136 119 100 140 138 
 48: 141 109 120 135 114 125 102 103 139 117 136 134 124 99 130 116 108 110 129 113 100 122 105 144 138 145 131 112 118 140 121 150 128 98 143 147 137 101 106 123 127 146 149 132 133 142 119 111 
 52: 134 125 113 99 135 112 114 133 120 118 150 109 126 116 136 105 139 108 137 140 103 147 98 143 102 121 122 100 104 119 101 115 138 110 129 149 124 130 106 145 117 128 131 107 111 127 142 144 132 141 146 123 
 50: 123 137 127 147 124 128 116 111 109 108 150 129 99 114 135 100 146 143 117 122 125 113 136 119 133 139 132 112 118 106 149 104 138 105 142 115 130 131 141 140 98 110 103 144 145 120 134 121 102 101 
 43: 120 101 105 141 111 134 122 136 140 113 114 99 107 100 110 121 143 127 98 132 116 103 102 142 137 145 124 125 131 112 135 144 109 106 108 138 139 129 128 123 117 130 126 
 50: 108 127 139 104 126 141 111 102 132 120 117 115 107 119 131 133 124 145 134 146 112 122 103 110 128 123 98 143 130 140 135 125 147 100 105 118 144 150 101 138 109 121 114 106 116 137 99 149 142 113 
 45: 107 122 143 132 135 116 141 105 112 100 136 130 129 106 150 115 111 131 109 137 134 117 121 102 146 103 133 125 114 145 142 110 119 139 128 108 120 144 104 123 149 124 127 147 101 
 48: 127 99 120 142 130 141 147 131 112 129 117 116 134 108 138 145 128 150 115 103 146 106 114 125 104 139 144 133 110 149 123 136 102 121 107 113 109 137 122 118 140 111 105 119 135 101 126 143 
 43: 110 100 129 102 99 98 118 106 114 141 104 127 117 116 126 107 105 136 135 146 130 123 140 142 137 138 128 115 112 119 111 101 113 124 109 122 131 144 147 149 125 103 133 
 48: 134 142 137 106 109 100 132 140 133 146 136 141 104 135 130 121 101 113 117 128 99 116 112 150 131 139 126 114 115 102 143 105 108 127 110 145 147 125 149 111 98 119 103 107 120 144 138 122 
 51: 110 137 128 130 143 141 135 109 99 139 111 119 150 115 120 102 129 106 126 123 146 122 118 104 147 117 100 121 101 112 107 145 138 133 134 105 131 113 103 132 98 140 124 116 125 149 136 127 144 114 142 
 44: 119 131 142 101 120 127 138 134 99 139 136 143 150 125 118 124 102 112 117 137 110 147 121 145 108 105 114 122 130 146 98 129 103 116 140 144 100 115 135 128 123 109 107 113 
 39: 115 101 107 141 142 131 98 149 108 112 124 146 129 145 121 140 125 147 136 134 99 100 109 104 144 120 110 102 139 150 114 105 122 133 111 143 135 106 103 
 52: 101 117 120 113 107 115 141 129 112 124 98 135 150 131 139 127 137 126 146 136 133 110 114 119 149 99 130 116 122 106 102 121 138 144 147 100 145 111 103 140 109 105 108 118 125 104 143 142 128 134 123 132 
 52: 134 128 138 106 99 98 115 136 109 141 150 140 103 127 143 131 145 130 139 132 104 102 144 107 110 124 126 125 149 122 120 105 111 119 121 100 129 112 147 108 101 113 117 135 116 142 137 133 114 146 118 123 
 43: 131 106 114 147 143 120 111 146 149 115 134 101 123 140 126 119 102 118 110 137 141 130 100 109 145 125 104 117 129 132 107 113 98 121 150 99 124 144 135 139 142 136 133 
 47: 116 122 119 108 144 102 118 120 146 145 101 100 147 107 134 117 124 109 143 110 103 98 141 105 131 142 140 123 111 128 112 126 149 133 113 136 137 115 104 106 114 127 135 99 139 125 130 
 46: 122 132 98 128 103 99 145 113 104 101 109 118 149 110 106 102 133 116 142 135 112 107 129 138 123 100 136 146 141 150 144 120 115 147 125 143 130 137 108 121 126 131 105 124 127 140 
 50: 143 133 136 99 129 137 146 103 115 123 144 138 106 111 149 130 142 98 140 127 139 102 120 110 104 150 100 112 147 124 101 113 145 141 107 128 117 105 126 118 116 109 134 121 132 122 119 131 108 125 
 49: 142 99 98 102 105 138 146 150 143 107 108 140 124 130 144 131 147 134 133 119 125 101 141 115 136 100 104 137 111 109 127 122 123 120 117 132 112 126 118 139 135 121 149 128 114 106 113 145 103 
 44: 151 147 160 158 140 130 156 152 143 159 139 124 123 134 146 120 154 126 145 115 127 148 128 121 157 141 153 144 149 114 142 119 137 135 133 136 132 138 116 118 125 113 117 122 
 40: 113 119 138 147 140 137 134 141 159 152 153 118 160 135 154 157 133 136 122 130 125 127 128 146 145 143 149 150 120 139 144 148 124 129 121 158 132 115 114 151 
 43: 120 159 148 151 150 131 118 138 117 152 139 123 119 160 113 145 157 122 124 141 158 156 125 143 132 149 144 135 114 116 127 134 137 147 146 126 115 140 136 121 128 154 129 
 43: 157 159 137 127 153 154 128 140 160 118 120 144 125 133 122 158 115 113 145 131 143 119 132 148 124 123 121 150 147 126 152 142 156 139 114 151 141 129 149 138 116 117 146 
 46: 153 134 151 139 125 114 118 115 145 140 150 122 160 159 120 128 137 130 157 158 144 146 136 131 152 138 143 148 123 121 135 126 154 124 119 156 133 142 129 117 116 132 113 149 141 147 
 42: 123 119 139 124 113 133 120 114 156 137 117 128 126 151 140 138 153 154 159 143 147 118 158 148 127 115 160 142 149 144 130 116 125 135 146 136 134 157 141 131 145 122 
 38: 159 140 146 143 115 121 156 125 157 122 138 160 136 158 144 154 142 113 145 135 117 132 120 133 128 150 123 134 151 126 119 139 153 124 118 131 137 127 
 40: 151 113 147 136 120 130 117 122 114 142 140 126 125 158 129 143 159 131 145 149 160 115 132 153 139 134 152 146 150 156 128 135 121 137 116 148 154 141 118 119 
 36: 132 145 117 149 138 118 134 124 136 113 121 119 130 137 126 129 122 114 152 160 125 143 147 131 127 158 139 133 148 156 123 153 157 115 159 151 
 39: 142 130 127 135 147 116 141 117 159 150 153 140 149 158 131 154 114 129 124 152 148 126 122 128 156 151 146 133 138 145 125 134 113 118 137 121 157 120 136 
 44: 148 136 129 135 119 117 142 151 134 118 150 154 132 126 144 121 153 131 113 128 147 146 115 149 156 158 114 159 137 122 140 139 143 124 133 145 157 123 152 160 127 130 120 116 
 38: 130 120 124 139 151 160 152 147 128 132 117 115 118 114 136 126 135 133 144 149 121 150 145 157 127 134 156 122 116 113 142 141 154 131 119 140 123 143 
 45: 149 140 158 160 145 123 113 128 156 159 142 130 135 127 119 129 154 141 115 143 118 122 124 150 146 134 132 116 153 138 114 148 126 147 137 151 139 131 121 157 125 120 136 144 117 
 38: 139 144 151 114 117 156 140 143 142 126 160 138 141 123 128 127 125 158 116 135 148 130 136 157 115 124 154 133 131 119 145 137 121 149 147 152 134 113 
 40: 122 139 142 136 144 151 158 160 137 148 115 123 149 130 116 138 132 124 113 153 114 147 117 156 125 140 143 154 128 150 126 152 133 159 141 129 120 145 121 135 
 40: 137 159 156 130 129 123 131 124 113 146 152 141 127 134 117 126 119 114 143 139 144 133 145 128 147 121 142 138 116 115 140 153 151 160 120 154 122 135 125 149 
 39: 119 140 120 126 144 153 123 152 136 146 118 124 137 156 130 160 142 129 117 135 125 115 131 138 121 132 114 158 151 116 150 157 154 128 149 127 134 148 147 
 41: 119 148 159 160 149 138 147 132 153 133 136 157 128 144 152 131 122 146 156 125 127 120 134 142 130 126 145 158 140 129 137 150 117 118 116 115 123 135 114 139 124 
 38: 135 123 158 122 121 114 149 118 127 120 133 152 144 113 148 117 141 138 131 153 142 156 159 137 124 140 126 116 128 130 139 119 151 132 143 160 154 115 
 42: 151 114 147 128 144 136 120 127 129 134 121 141 140 152 117 150 160 158 149 137 139 153 146 124 135 148 123 159 131 126 122 132 115 116 145 156 138 130 154 157 142 125 
 52: 183 176 158 162 194 180 200 175 204 186 212 169 199 210 181 202 188 160 205 207 168 209 185 191 193 201 159 161 164 189 166 174 195 177 156 171 197 182 163 165 155 208 190 213 157 196 178 198 170 179 211 173 
 47: 179 200 174 161 194 198 180 171 167 192 156 160 193 211 165 202 210 184 162 213 172 196 183 209 164 185 168 173 201 178 203 166 189 158 191 199 195 205 208 188 207 157 155 204 187 177 169 
 58: 169 201 192 191 177 181 160 207 213 173 163 208 161 190 165 203 189 171 176 166 183 159 200 209 155 198 193 167 182 204 179 187 196 202 178 158 210 205 197 211 174 195 194 164 212 170 157 185 186 156 168 184 180 188 199 162 175 172 
 53: 160 163 166 207 211 186 157 187 199 168 198 192 205 202 155 197 204 203 158 196 194 212 201 189 210 180 193 164 156 200 174 175 167 173 208 169 191 195 188 190 171 176 165 161 172 177 159 213 181 182 183 178 185 
 53: 165 168 196 197 188 201 195 211 161 156 193 166 204 183 155 203 210 176 198 179 169 160 208 159 191 164 189 178 187 162 184 190 185 172 192 157 163 207 175 174 167 170 158 181 180 205 199 171 212 209 186 200 202 
 55: 177 165 196 213 207 163 158 155 162 185 159 192 172 198 210 183 212 184 171 204 202 157 175 195 208 164 205 186 194 167 199 187 170 181 188 156 191 168 201 179 197 189 211 200 169 180 174 161 173 203 190 166 176 209 182 
 53: 170 156 173 209 205 204 191 202 171 174 162 200 157 207 167 212 168 164 199 183 180 196 203 210 163 208 176 166 175 192 188 186 197 187 185 160 211 165 159 161 184 178 195 193 201 158 179 189 181 213 194 182 155 
 58: 155 190 181 167 169 213 200 173 171 159 194 203 183 185 208 161 193 164 196 204 187 212 192 157 179 210 172 201 165 189 180 205 162 184 209 176 199 202 195 158 170 168 197 191 198 188 186 182 166 163 156 174 178 177 207 160 211 175 
 50: 191 182 200 177 155 195 168 171 181 208 197 162 175 187 211 170 167 201 161 199 190 179 198 176 166 204 203 172 192 212 158 184 186 180 210 156 160 196 207 193 178 164 213 183 163 159 165 194 169 188 
 47: 194 211 189 167 184 212 197 190 185 208 161 175 156 160 183 202 163 174 168 205 170 177 210 178 195 200 198 207 203 180 204 166 164 162 193 188 191 196 159 172 199 186 209 176 169 173 181 
 49: 164 201 166 207 163 197 192 165 168 200 179 184 203 171 196 160 180 172 177 194 176 183 167 185 156 202 170 158 161 169 205 175 182 174 195 211 188 199 159 208 193 198 204 187 157 189 155 178 162 
 45: 205 213 190 176 177 187 159 208 175 207 166 174 202 186 193 204 172 197 168 196 160 199 210 163 195 200 203 170 212 209 167 164 191 156 178 189 183 158 185 161 182 157 188 201 192 
 44: 165 210 184 191 213 209 190 183 160 212 178 189 166 157 196 170 188 179 200 155 162 199 192 176 182 159 211 201 168 161 187 180 173 158 156 177 202 198 204 186 193 169 205 175 
 46: 198 186 156 188 210 211 184 196 178 190 197 169 168 208 157 207 167 202 176 185 204 201 163 193 183 162 205 209 212 174 173 172 165 170 180 189 159 166 177 195 213 203 164 175 191 181 
 57: 209 207 169 205 181 159 155 156 192 197 198 184 187 180 160 171 157 183 211 158 213 177 208 212 167 196 178 204 185 162 172 203 164 173 179 190 186 176 195 166 194 193 163 168 200 161 182 175 210 165 191 174 189 201 170 199 188 
 49: 191 189 173 158 183 172 180 209 171 193 167 170 176 178 210 186 195 155 204 202 162 197 208 157 156 169 211 194 166 184 203 200 181 163 199 196 192 161 207 168 198 164 212 160 185 188 205 187 179 
 46: 207 155 209 183 212 176 205 177 169 173 167 182 213 199 158 174 210 172 163 186 211 181 184 197 166 164 175 196 170 194 204 157 156 200 159 162 165 191 189 190 185 195 168 198 180 208 
 54: 160 213 189 212 205 166 181 198 157 155 195 156 171 178 162 207 186 184 158 180 200 194 170 210 211 202 161 164 163 196 174 193 176 199 204 197 208 169 177 173 190 185 179 187 191 175 182 192 172 188 209 201 168 203 
 47: 155 196 174 173 188 162 194 163 184 157 176 178 208 179 166 198 160 185 200 180 165 167 182 183 207 202 204 169 164 158 203 211 170 159 193 186 210 156 177 205 212 197 171 168 187 172 161 
 51: 169 161 168 158 181 212 179 173 183 191 176 186 164 188 210 189 195 201 185 155 166 174 200 194 192 209 197 205 187 203 171 159 165 207 196 202 170 184 175 182 208 172 198 160 157 211 177 193 162 204 178 
 57: 190 158 200 165 184 192 197 159 202 194 156 180 182 176 162 160 161 201 169 168 177 174 170 185 205 163 157 208 207 193 173 212 191 203 181 155 167 189 213 188 178 183 210 166 187 164 198 204 211 175 171 186 209 199 196 172 179 
 52: 187 190 157 177 162 166 195 159 188 169 164 170 211 156 199 180 201 183 179 163 200 186 203 207 161 204 175 209 210 208 155 158 184 212 189 165 185 196 182 194 167 168 171 191 176 213 197 193 205 174 160 178 
 58: 159 193 189 210 203 197 161 175 204 198 174 156 165 187 181 177 184 195 190 191 182 164 166 168 205 211 173 186 192 179 208 183 170 200 201 167 169 163 199 213 180 202 209 194 212 185 160 196 188 178 157 162 158 155 171 172 207 176 
 53: 171 187 159 169 160 208 185 201 161 174 156 193 184 168 183 204 157 191 163 164 166 212 190 195 196 199 200 172 194 211 178 162 197 203 173 202 155 179 207 180 176 209 167 170 165 158 198 181 189 188 177 213 192 
 48: 156 177 164 163 172 191 211 201 209 159 161 199 183 162 208 160 167 179 187 189 204 168 192 184 171 195 205 185 213 194 190 200 173 188 169 165 203 175 212 174 176 186 210 180 196 181 182 198 
 55: 209 204 193 176 180 191 173 213 172 187 165 184 196 210 195 155 201 174 175 185 212 186 194 177 161 178 181 207 179 202 188 192 169 162 166 198 168 167 199 200 205 160 158 163 164 190 183 203 208 182 211 170 157 159 156 
 57: 208 165 212 176 202 203 190 184 161 170 155 193 187 200 163 195 175 188 177 197 173 201 186 183 157 198 164 192 196 204 210 185 191 168 169 207 199 171 211 181 182 179 160 213 162 209 166 178 158 156 174 189 159 205 172 180 194 
 49: 181 208 198 160 202 167 196 197 174 176 186 195 164 185 173 182 172 183 157 177 191 162 179 169 199 161 165 155 163 211 175 180 189 203 171 178 156 207 212 159 194 213 187 193 192 205 201 190 204 
 58: 183 192 172 185 175 160 195 171 200 210 189 190 207 203 196 166 182 204 163 159 184 211 209 177 187 164 168 193 157 191 188 197 199 212 156 173 158 180 201 165 194 178 202 186 169 176 208 181 179 155 170 162 174 198 167 213 205 161 
 55: 211 191 197 170 230 178 167 176 190 186 185 177 169 175 168 200 173 165 208 182 217 229 166 207 203 187 231 212 226 215 221 195 214 199 216 227 223 181 224 206 225 183 194 162 163 210 184 188 172 204 202 201 228 192 213 
 57: 211 195 203 172 178 179 185 177 217 223 174 182 214 199 228 212 180 198 222 184 186 207 204 230 219 225 224 187 231 190 215 205 208 229 164 200 173 216 169 220 171 213 166 193 191 163 218 176 183 194 181 206 170 189 202 167 201 
 65: 176 221 224 178 202 183 174 227 172 177 217 231 229 199 230 213 204 209 167 193 185 192 226 164 206 166 220 180 168 200 228 173 163 222 194 188 223 210 170 197 162 211 195 191 169 196 225 175 201 198 165 219 208 215 182 171 218 179 186 181 189 205 187 212 207 
 57: 185 201 218 214 208 219 177 195 216 178 202 225 166 172 173 223 229 203 205 179 228 211 191 230 200 170 209 207 175 188 162 163 171 220 184 197 226 164 224 167 210 206 186 196 182 212 176 192 187 227 190 174 221 194 193 204 180 
 59: 162 164 185 195 167 196 170 175 183 188 189 217 181 215 168 182 223 214 197 178 225 228 227 194 172 180 190 222 193 163 213 211 173 192 198 219 187 179 220 230 221 231 210 216 204 208 206 212 171 200 177 184 209 207 226 174 176 199 205 
 59: 165 218 171 179 209 193 174 216 195 185 198 222 164 217 172 210 177 194 199 211 166 200 201 169 230 205 188 207 180 178 229 176 228 202 167 208 181 170 227 214 162 224 190 183 223 212 226 203 220 189 187 221 163 186 175 206 173 192 168 
 53: 222 227 174 162 197 228 220 205 163 221 194 204 164 180 191 214 175 231 168 224 201 209 230 179 196 187 185 210 211 166 226 229 190 198 225 189 172 193 170 218 192 178 184 199 169 171 176 167 203 181 186 223 207 
 60: 225 167 174 173 222 164 220 184 197 195 163 205 226 198 162 180 201 224 215 193 230 218 212 229 178 207 214 206 175 231 177 191 196 179 228 187 221 166 165 169 172 223 200 185 186 202 227 209 176 168 210 213 190 211 203 182 219 189 199 216 
 62: 218 231 208 217 225 198 174 191 228 213 181 189 227 177 183 194 186 169 179 168 222 212 216 226 230 171 176 221 197 202 214 209 229 178 193 206 207 224 175 172 173 165 166 201 199 205 185 200 164 215 203 188 182 195 190 211 192 223 184 163 167 196 
 59: 205 197 220 190 229 183 164 204 224 168 203 186 216 174 217 212 202 226 165 191 227 223 230 173 177 206 189 187 214 210 162 163 188 209 207 211 182 181 208 228 178 218 172 199 185 222 170 194 196 171 215 192 175 219 221 169 176 184 179 
 58: 174 187 200 189 228 177 170 194 190 171 165 229 162 186 203 210 208 207 211 198 166 225 224 219 204 226 188 195 176 169 206 212 231 214 183 227 221 217 192 182 168 181 179 213 230 196 164 193 184 173 209 175 172 205 216 167 215 223 
 60: 173 164 216 175 222 206 180 224 225 202 220 214 215 172 223 217 171 199 189 177 218 182 231 183 187 210 167 212 197 193 221 201 185 188 196 165 204 219 208 192 163 211 203 170 191 190 166 198 168 176 226 213 229 205 178 228 209 200 207 194 
 60: 187 170 207 214 231 179 177 185 217 197 206 166 199 167 203 202 204 186 188 190 192 218 227 191 213 182 181 219 205 221 162 210 194 224 211 201 228 200 183 223 176 195 229 196 168 172 173 198 230 165 209 184 216 225 163 171 174 193 189 222 
 54: 223 228 209 165 230 182 202 178 170 173 200 217 214 196 183 203 162 187 180 185 172 195 226 171 181 212 207 211 220 194 208 164 210 206 224 205 192 167 190 219 216 222 176 229 215 199 227 186 191 179 204 184 213 198 
 59: 220 227 186 172 219 188 193 203 215 167 200 202 229 168 226 190 210 230 228 171 231 217 196 185 216 162 169 187 209 199 197 205 166 208 180 184 195 189 178 191 176 224 175 165 221 174 182 213 214 198 192 163 207 204 223 201 164 194 179 
 61: 168 173 202 181 182 206 213 220 188 175 164 228 183 200 204 194 171 193 219 226 221 196 174 208 162 180 191 203 179 189 218 224 177 223 176 210 170 230 195 185 172 222 178 212 198 169 197 190 227 216 225 165 163 209 201 166 231 211 205 229 214 
 55: 225 189 171 187 188 208 228 162 168 227 203 191 204 183 179 184 194 210 165 182 223 197 186 185 169 231 174 195 196 224 220 167 219 209 190 213 211 192 163 180 226 216 218 193 164 229 166 222 198 199 176 214 206 202 221 
 59: 218 194 205 193 167 223 197 196 224 176 185 225 173 172 164 202 180 184 187 166 200 170 203 191 208 216 198 178 162 210 168 175 195 182 222 217 226 188 220 211 214 163 183 209 174 221 212 219 228 186 230 231 190 227 213 204 189 229 177 
 54: 173 226 228 207 224 184 196 197 218 179 210 174 169 212 180 167 189 176 170 211 229 204 166 192 203 213 164 220 194 165 225 199 209 198 221 172 186 185 171 222 219 175 215 227 193 231 206 205 178 182 187 216 195 177 
 63: 176 195 168 182 166 228 186 220 206 225 205 221 194 217 219 199 197 213 203 209 201 171 214 218 169 208 198 163 215 192 184 179 180 204 207 231 229 200 173 230 222 188 190 167 165 210 212 216 172 196 183 175 224 202 185 170 189 177 223 227 164 193 226 
 60: 211 214 189 171 205 203 186 201 185 164 178 217 228 226 223 198 229 208 213 204 225 202 181 206 183 200 215 184 209 194 224 221 187 197 230 188 216 168 162 179 193 173 210 196 165 180 169 176 191 175 231 182 195 220 163 170 212 167 166 218 
 66: 199 229 197 179 172 165 208 166 230 198 212 196 169 163 183 224 217 168 190 228 213 226 177 219 214 218 210 185 186 184 231 220 194 182 204 162 188 187 173 215 225 176 223 167 201 200 222 193 191 202 181 206 170 227 205 180 174 171 164 192 203 216 211 189 175 209 
 69: 226 199 163 208 221 201 200 230 174 179 180 198 231 220 181 214 213 216 177 165 211 164 228 169 189 205 172 194 206 202 192 183 203 217 219 218 227 204 190 209 182 178 162 184 187 223 191 168 167 171 225 175 212 176 185 196 207 210 222 229 173 188 193 170 224 215 186 195 197 
 66: 202 205 220 201 191 193 186 229 172 176 199 170 173 164 171 180 206 230 196 207 166 165 203 219 208 200 192 184 194 210 211 216 175 177 212 218 178 213 187 228 222 189 179 223 190 168 181 174 215 204 162 163 227 217 183 214 182 197 209 225 167 198 224 169 226 195 
 55: 198 185 186 191 163 216 188 166 177 228 194 219 218 165 211 229 202 171 175 181 222 183 208 201 187 227 170 193 189 209 164 231 167 221 212 199 179 206 220 195 176 178 210 172 204 224 215 223 182 217 180 173 162 168 190 
 56: 205 171 201 167 190 189 170 187 222 183 229 220 195 177 212 214 210 172 230 174 208 202 164 224 231 219 162 203 225 165 182 215 179 191 181 196 176 206 166 163 186 217 211 180 228 226 227 175 168 216 209 194 207 221 178 193 
 57: 215 219 176 170 208 173 193 183 206 192 162 168 207 227 216 212 196 166 175 181 163 220 167 211 226 187 210 231 217 225 209 224 186 180 200 179 191 214 221 185 201 195 177 222 169 197 165 202 228 190 213 205 188 178 182 204 203 
 66: 199 215 168 193 173 186 202 213 203 189 187 211 175 176 221 167 166 224 207 218 172 194 229 183 182 185 165 230 184 188 174 206 216 163 201 180 169 217 223 196 222 181 190 170 179 227 162 226 209 219 164 178 204 228 212 177 197 225 214 191 231 192 210 208 195 205 
 70: 205 197 165 169 227 172 220 200 163 225 212 208 231 174 223 202 230 199 175 224 209 201 185 179 162 217 213 222 210 207 195 184 218 176 178 193 194 206 171 167 182 198 180 228 187 211 204 221 215 183 166 229 189 173 188 190 196 177 216 168 226 186 170 164 181 192 214 191 203 219 
