# Data generated from a SDPTSP-E instance solved in two phases
# nbTasks=375, nbWorkers=236
# Random number generator seed = 0
Type = 1
Jobs = 375
 362 449
 363 475
 378 495
 381 450
 453 531
 465 577
 481 594
 482 516
 490 599
 497 577
 498 579
 507 590
 514 574
 516 632
 533 603
 540 596
 547 600
 573 655
 574 646
 581 648
 584 681
 587 615
 589 708
 594 651
 597 630
 599 631
 602 720
 605 668
 624 668
 628 695
 630 720
 637 687
 638 749
 645 684
 646 696
 649 757
 652 669
 657 704
 659 721
 661 778
 662 723
 674 744
 676 771
 682 793
 688 804
 692 809
 700 816
 701 769
 701 809
 706 774
 714 811
 718 836
 719 816
 720 746
 738 773
 738 824
 744 798
 746 838
 758 815
 762 832
 767 811
 767 848
 774 836
 779 815
 779 843
 789 858
 801 845
 804 861
 811 849
 814 911
 818 915
 820 871
 830 914
 840 936
 846 938
 852 939
 854 886
 865 922
 872 953
 876 982
 881 957
 886 990
 887 982
 887 988
 890 926
 891 1007
 895 989
 896 954
 906 1008
 914 952
 929 989
 938 1012
 938 1014
 941 993
 960 1035
 966 1048
 970 995
 970 1050
 974 1051
 977 1067
 980 1096
 981 1000
 983 1057
 983 1072
 984 1097
 988 1107
 989 1064
 989 1080
 989 1105
 991 1070
 993 1108
 995 1042
 996 1012
 997 1030
 998 1045
 1000 1083
 1000 1083
 1000 1096
 1002 1035
 1005 1102
 1014 1061
 1014 1107
 1019 1045
 1022 1110
 1023 1127
 1024 1124
 1031 1107
 1031 1122
 1032 1103
 1038 1088
 1038 1088
 1040 1131
 1041 1109
 1042 1131
 1043 1076
 1047 1127
 1053 1096
 1055 1093
 1056 1127
 1057 1146
 1057 1173
 1058 1115
 1065 1091
 1066 1122
 1066 1130
 1068 1143
 1068 1174
 1068 1182
 1078 1105
 1078 1117
 1080 1172
 1081 1122
 1085 1131
 1086 1155
 1097 1190
 1101 1126
 1102 1141
 1102 1193
 1104 1220
 1105 1138
 1106 1217
 1110 1220
 1114 1202
 1115 1207
 1117 1192
 1119 1235
 1128 1228
 1130 1246
 1131 1215
 1140 1181
 1142 1260
 1144 1213
 1146 1187
 1147 1190
 1147 1235
 1152 1265
 1155 1219
 1167 1240
 1169 1194
 1171 1234
 1173 1222
 1174 1225
 1175 1239
 1179 1298
 1182 1276
 1183 1269
 1183 1296
 1184 1280
 1186 1219
 1189 1205
 1189 1283
 1190 1259
 1191 1273
 1193 1226
 1193 1284
 1194 1307
 1197 1307
 1198 1291
 1202 1237
 1202 1261
 1203 1239
 1203 1287
 1204 1267
 1204 1317
 1205 1299
 1207 1238
 1220 1327
 1222 1341
 1224 1282
 1224 1291
 1225 1314
 1228 1324
 1229 1297
 1235 1311
 1244 1307
 1247 1288
 1247 1366
 1253 1305
 1255 1339
 1267 1347
 1268 1348
 1271 1385
 1280 1315
 1280 1348
 1280 1371
 1281 1344
 1281 1386
 1282 1353
 1285 1323
 1286 1352
 1291 1372
 1302 1371
 1305 1422
 1319 1432
 1327 1446
 1330 1363
 1336 1410
 1336 1442
 1338 1422
 1340 1371
 1340 1383
 1340 1459
 1344 1430
 1344 1439
 1350 1401
 1350 1438
 1360 1474
 1362 1467
 1368 1481
 1372 1479
 1374 1487
 1375 1447
 1375 1471
 1376 1449
 1387 1403
 1393 1479
 1397 1497
 1412 1435
 1414 1491
 1414 1532
 1416 1515
 1421 1534
 1427 1480
 1430 1525
 1440 1525
 1440 1557
 1442 1561
 1443 1514
 1447 1520
 1448 1540
 1452 1547
 1453 1551
 1455 1560
 1457 1545
 1463 1547
 1463 1579
 1465 1528
 1466 1544
 1472 1509
 1474 1559
 1476 1579
 1477 1590
 1486 1570
 1489 1581
 1491 1560
 1496 1576
 1500 1612
 1501 1517
 1505 1608
 1510 1619
 1517 1548
 1517 1635
 1522 1571
 1523 1579
 1524 1576
 1525 1640
 1527 1594
 1529 1583
 1532 1594
 1533 1649
 1536 1586
 1541 1621
 1546 1612
 1557 1653
 1559 1672
 1563 1661
 1565 1678
 1571 1625
 1574 1633
 1575 1651
 1578 1640
 1578 1673
 1583 1659
 1584 1665
 1588 1630
 1589 1702
 1590 1677
 1592 1711
 1595 1664
 1601 1647
 1601 1688
 1605 1653
 1608 1669
 1613 1689
 1623 1671
 1627 1652
 1630 1742
 1630 1746
 1631 1709
 1633 1747
 1635 1752
 1638 1732
 1640 1690
 1640 1749
 1642 1752
 1651 1724
 1652 1761
 1660 1779
 1665 1742
 1666 1761
 1667 1775
 1669 1756
 1674 1770
 1675 1725
 1684 1798
 1693 1761
 1696 1720
 1699 1785
 1701 1717
 1703 1782
 1704 1791
 1706 1773
 1709 1822
 1716 1826
 1720 1785
 1740 1798
 1746 1861
 1751 1861
 1764 1875
 1779 1857
 1788 1891
 1794 1907
 1797 1909
 1802 1834
 1806 1893
 1807 1897
 1826 1916
 1829 1866
 1833 1914
 1833 1918
 1843 1916
 1848 1886
 1858 1915
 1866 1903
 1873 1906
Qualifications = 236
 52: 43 41 7 16 25 11 60 40 34 51 3 0 30 53 5 20 33 62 42 26 58 50 17 47 15 8 6 39 14 2 12 57 10 54 36 49 45 22 63 19 46 37 56 52 35 48 18 1 38 32 59 24 
 51: 46 44 39 24 52 6 20 41 10 50 45 2 21 9 17 62 28 42 7 51 40 15 43 12 19 11 8 13 57 23 30 56 53 25 16 47 26 48 31 59 1 54 63 36 27 0 3 34 32 58 35 
 49: 10 2 45 4 20 46 51 55 30 54 0 57 26 13 6 34 40 41 58 35 1 59 17 16 14 42 53 49 21 19 18 50 31 62 52 36 25 22 44 24 5 38 47 48 33 11 39 9 32 
 53: 20 15 40 45 14 58 54 52 26 60 4 47 37 27 51 22 50 46 7 31 59 6 2 11 0 43 63 28 5 25 32 48 35 41 16 9 49 18 56 38 42 12 62 23 53 21 55 3 30 33 57 36 10 
 58: 19 22 55 56 6 46 30 57 34 45 62 51 15 13 24 23 50 52 53 44 3 43 32 26 12 25 39 18 5 42 16 54 49 10 17 33 7 60 47 38 21 41 48 9 4 1 31 27 58 11 20 14 28 8 59 37 2 36 
 60: 19 4 58 59 23 8 9 18 50 5 6 44 3 54 43 29 32 46 62 12 41 33 2 56 57 51 52 55 38 22 1 60 13 42 34 31 39 15 25 53 7 48 26 27 16 11 40 36 49 28 10 14 24 17 37 47 63 35 45 21 
 54: 20 44 15 59 5 22 47 34 27 53 57 50 56 14 45 4 39 11 35 1 28 48 9 31 60 40 24 42 54 8 25 7 29 46 33 63 6 62 17 32 18 3 10 52 30 26 23 16 12 19 13 41 2 49 
 53: 45 27 31 50 43 1 22 49 54 11 17 6 34 12 56 52 30 40 16 42 24 28 7 10 62 33 3 60 46 9 19 2 23 29 18 26 4 25 59 32 48 20 13 0 35 41 47 38 51 15 39 53 21 
 61: 55 31 6 29 47 1 32 36 3 24 17 37 26 42 45 13 40 20 11 4 21 27 46 39 16 15 35 54 62 58 8 14 9 50 59 12 23 51 49 33 43 7 30 2 10 0 41 34 56 48 52 22 63 18 5 57 28 19 25 53 60 
 57: 47 2 27 52 49 11 36 29 31 12 38 40 35 24 26 25 18 37 19 10 42 13 4 32 17 14 28 60 62 3 34 54 44 43 23 63 6 30 7 0 41 21 56 51 53 58 5 55 39 57 33 48 50 15 46 16 22 
 50: 28 33 1 46 8 25 62 56 12 10 30 16 57 2 19 59 26 63 55 22 34 21 52 15 31 32 54 53 49 5 11 50 45 7 17 51 37 13 27 39 48 42 4 24 58 18 44 41 36 60 
 55: 10 29 30 7 53 57 19 46 25 16 62 4 28 17 49 18 13 22 14 24 58 1 20 51 47 33 59 52 34 43 9 0 32 11 27 38 36 48 15 63 55 45 40 21 50 42 60 44 12 2 5 56 39 41 31 
 62: 44 26 41 27 24 7 2 12 0 5 18 59 40 13 15 54 60 45 21 31 52 30 23 25 8 57 16 58 4 48 11 28 36 19 20 17 49 33 47 10 43 46 42 63 55 22 6 50 3 32 9 51 38 53 34 14 37 35 62 1 56 29 
 55: 3 12 53 44 22 52 6 1 46 36 14 31 26 37 39 63 43 49 30 17 45 28 59 47 29 18 19 25 8 60 50 11 16 42 57 24 62 34 10 51 35 21 32 7 23 48 5 15 27 33 54 55 4 0 20 
 58: 60 14 42 44 7 49 39 30 24 55 62 29 37 13 21 0 47 10 45 28 26 25 16 19 11 2 17 40 59 35 9 22 50 52 20 63 36 56 48 53 41 27 38 58 54 51 32 43 8 33 34 18 46 12 15 23 1 5 
 58: 50 35 46 39 11 44 29 56 58 17 16 32 53 9 41 55 13 51 12 8 30 33 34 37 2 6 0 43 24 1 10 48 40 25 22 62 27 20 5 26 3 47 59 21 7 49 14 28 54 19 36 18 4 31 45 52 60 63 
 55: 60 28 48 52 7 22 27 55 43 58 53 1 51 3 36 41 2 24 50 45 13 30 34 47 56 12 63 15 5 38 18 35 23 14 62 0 20 4 10 54 32 46 37 40 9 11 31 57 59 19 26 42 17 44 33 
 60: 62 29 16 25 56 35 38 11 3 30 28 60 15 57 45 55 54 59 43 4 41 34 52 23 22 47 19 53 46 7 6 40 13 58 32 31 8 39 9 42 17 50 49 2 18 1 44 14 63 33 48 24 51 12 10 37 26 27 20 5 
 53: 6 39 1 53 4 56 49 22 25 5 54 14 26 12 16 37 42 55 47 60 27 24 38 33 46 15 23 41 29 3 59 17 18 35 43 44 32 31 57 34 52 20 58 50 30 2 51 0 40 45 7 28 13 
 54: 31 48 21 28 11 47 30 32 34 19 5 58 63 1 40 45 53 17 27 16 12 36 59 3 24 33 35 4 38 6 50 10 20 29 23 9 41 22 2 49 25 54 56 39 0 8 14 55 51 57 18 52 7 15 
 48: 46 56 63 54 1 17 35 59 60 15 50 8 49 20 48 37 10 24 0 14 2 22 11 7 58 30 57 62 31 16 13 43 5 18 9 52 47 12 45 34 32 27 25 23 3 39 41 29 
 49: 13 62 30 27 58 37 16 42 60 7 10 35 34 43 51 24 52 54 45 25 41 56 48 26 23 8 63 29 19 0 9 28 5 21 39 32 1 18 6 4 31 44 47 33 40 55 12 17 38 
 59: 26 2 10 22 32 25 63 29 35 62 3 41 30 21 48 13 1 54 17 56 42 31 16 44 12 4 0 46 19 7 33 57 34 14 38 15 43 40 20 18 58 36 37 28 24 39 50 52 55 49 6 47 9 59 51 8 5 45 27 
 48: 40 35 56 9 19 34 5 32 26 62 54 30 45 20 50 12 2 55 41 46 17 39 3 33 18 4 57 8 59 37 29 21 49 22 44 23 51 24 60 7 36 63 38 15 1 43 28 47 
 57: 0 9 15 46 63 37 45 20 54 14 28 58 26 10 38 8 3 48 51 30 2 17 55 22 11 33 56 4 23 36 53 49 29 16 40 59 25 50 62 41 18 47 5 12 42 39 31 27 24 43 57 60 21 32 44 34 52 
 55: 47 20 32 36 58 25 11 59 21 2 7 34 35 4 53 30 3 26 5 40 18 31 38 0 23 37 16 29 44 43 8 50 54 33 42 13 49 12 22 48 15 28 51 1 14 55 27 57 45 56 52 46 24 41 17 
 70: 33 55 59 23 72 51 11 30 18 40 25 76 27 6 87 29 67 20 68 44 53 47 54 69 19 71 41 10 22 61 12 7 34 50 57 37 77 31 38 73 62 84 21 35 28 16 43 65 66 80 42 24 46 39 52 58 75 74 14 9 36 32 26 70 8 56 60 48 13 78 
 61: 48 64 87 36 28 52 37 25 49 33 51 76 58 45 77 46 31 7 12 22 54 16 59 62 69 68 20 15 17 42 23 43 40 61 41 18 75 10 71 60 14 11 70 63 8 19 50 73 47 72 6 21 53 35 34 9 74 80 39 13 44 
 74: 52 50 32 17 11 51 89 74 35 13 31 28 37 38 27 36 21 23 8 34 30 24 29 46 12 87 69 39 75 49 64 57 71 63 80 41 42 6 40 77 55 26 20 9 72 25 61 76 54 65 16 84 58 7 44 48 73 45 60 10 18 66 14 78 33 56 47 68 15 70 22 67 59 62 
 76: 78 20 42 6 66 47 35 12 41 30 60 33 27 61 46 43 68 44 87 14 19 70 32 38 73 75 51 89 74 31 59 76 80 24 29 58 9 40 10 65 13 39 52 18 8 67 57 15 37 22 71 69 64 45 49 25 62 28 36 72 56 63 7 48 77 34 21 26 23 50 53 54 55 16 17 11 
 64: 29 10 63 46 24 58 15 38 21 33 27 53 54 52 47 64 31 19 18 57 16 87 22 6 11 70 35 67 14 8 55 13 73 77 56 50 42 80 65 7 41 37 17 25 43 9 61 84 62 23 28 34 75 66 30 48 78 59 45 44 26 51 74 71 
 76: 46 32 55 47 19 64 9 53 11 37 52 74 65 27 12 34 69 68 76 14 36 13 10 23 17 21 49 87 20 30 29 6 18 51 48 67 80 73 15 22 56 75 78 38 25 28 35 70 33 8 26 71 16 57 63 59 54 72 66 84 50 40 43 61 24 77 60 7 31 42 62 44 89 39 41 58 
 77: 49 44 84 27 80 67 28 25 65 76 9 29 6 56 46 54 60 72 74 48 18 43 68 42 52 58 12 23 87 61 36 26 78 16 40 24 70 32 53 45 21 69 47 14 17 62 73 7 35 41 75 10 20 19 33 8 39 59 55 64 37 31 22 11 50 38 51 15 71 13 89 66 77 63 57 34 30 
 69: 54 27 43 73 21 58 18 20 40 61 59 46 38 53 60 24 9 62 32 51 28 10 68 29 34 22 30 80 89 48 65 77 14 42 12 47 16 35 13 64 71 36 52 19 74 44 7 31 33 26 23 66 57 25 78 49 55 11 76 63 17 87 37 67 70 75 8 84 39 
 59: 7 20 18 73 67 61 50 87 12 6 43 30 47 24 31 44 17 62 80 28 33 41 48 77 74 66 57 34 22 38 49 63 64 19 56 53 45 52 55 68 42 27 8 11 29 51 60 71 13 37 16 32 36 46 70 78 10 14 39 
 72: 50 55 12 76 27 65 33 24 70 44 62 14 67 57 66 11 39 21 53 38 60 56 37 36 74 30 69 32 77 13 28 26 72 71 16 84 6 61 63 48 19 52 23 29 89 58 47 41 78 43 80 10 42 64 34 49 46 18 45 17 15 68 25 31 87 40 73 54 35 7 8 51 
 66: 40 67 17 78 80 69 30 60 31 14 7 18 33 72 65 27 10 70 45 11 24 48 57 75 8 41 58 51 50 74 59 28 26 35 6 89 29 42 71 73 22 49 76 34 37 44 43 13 62 53 19 61 87 52 39 77 66 63 38 56 47 16 54 64 23 55 
 67: 69 29 15 26 60 17 65 28 21 56 84 38 33 75 52 8 37 20 46 43 31 14 55 44 18 32 35 24 27 25 48 47 61 70 6 63 51 9 16 74 34 77 67 23 87 76 73 71 62 45 59 66 68 57 11 54 50 7 30 36 42 10 12 80 41 49 58 
 75: 6 71 89 72 61 40 11 8 10 77 18 34 62 9 36 53 37 22 69 56 26 7 38 65 14 50 30 20 28 19 49 45 57 24 84 27 47 75 54 16 46 78 12 76 13 52 48 63 23 17 55 39 15 73 31 21 32 35 42 70 87 74 59 43 29 44 67 33 66 64 25 41 68 60 51 
 60: 35 17 58 8 45 55 41 42 51 56 67 50 34 23 77 74 44 10 53 87 9 47 84 33 29 20 14 70 65 21 37 16 40 43 69 26 28 71 39 80 24 18 52 59 63 60 13 54 15 75 49 73 27 62 31 11 89 12 25 19 
 77: 11 41 40 53 26 64 12 84 69 37 42 54 77 21 8 6 60 24 35 66 47 63 58 80 78 28 22 39 89 70 13 50 68 75 62 87 67 49 72 10 7 43 52 14 31 73 55 74 32 34 23 25 56 27 71 46 65 18 33 16 44 76 45 59 36 15 17 51 38 61 30 19 29 57 20 48 9 
 59: 36 67 47 66 49 11 39 18 38 57 68 40 72 59 65 45 42 51 31 22 33 25 6 64 71 75 13 69 8 74 30 89 29 24 58 46 23 16 37 14 43 70 19 55 54 15 87 26 9 73 77 76 56 84 32 61 7 62 78 
 73: 77 50 54 63 30 84 60 55 43 65 49 67 47 66 18 36 42 26 22 53 25 31 78 56 46 68 76 37 15 17 21 33 27 35 62 74 52 75 48 59 73 16 6 58 69 45 34 80 44 24 71 32 64 40 20 70 19 57 72 7 10 29 11 39 87 13 14 41 61 28 9 51 38 
 69: 9 74 7 12 23 78 63 80 29 39 40 71 17 19 48 47 52 60 18 57 89 76 56 46 62 61 21 51 75 87 8 49 69 55 77 68 20 53 84 28 67 26 45 44 43 35 31 72 66 27 54 25 70 30 73 64 36 16 41 10 65 22 15 6 38 50 33 13 34 
 73: 30 40 74 49 18 27 31 26 15 14 28 13 21 64 33 68 43 37 25 76 73 29 48 53 39 66 23 36 24 41 11 84 78 55 71 67 16 9 58 63 52 6 72 60 42 46 65 70 87 59 62 17 22 12 80 35 45 7 47 19 32 75 61 20 57 54 10 77 50 51 8 34 89 
 74: 15 71 45 46 52 59 65 69 10 72 7 63 78 84 27 33 68 19 75 25 74 89 66 55 34 26 51 23 37 38 18 49 11 47 31 35 13 36 67 14 80 6 57 32 77 16 56 87 70 61 43 20 73 30 44 76 40 58 62 22 64 42 53 41 54 8 21 50 48 12 60 29 17 24 
 62: 45 70 44 66 57 47 24 38 60 27 39 65 25 52 30 14 10 87 75 42 29 62 28 20 76 74 55 33 89 26 37 36 19 68 17 69 50 43 15 35 51 32 34 16 41 9 31 78 73 13 49 18 12 23 64 71 61 21 59 22 63 54 
 71: 71 34 58 74 47 20 13 35 59 64 70 21 31 25 14 6 52 10 66 17 72 18 53 29 16 33 11 19 55 22 45 39 36 67 89 80 24 54 15 12 68 7 60 43 8 51 62 63 78 46 48 73 56 23 28 84 49 42 50 57 37 65 75 44 32 76 27 87 61 40 77 
 63: 42 80 20 14 77 8 19 28 36 63 87 61 10 39 9 78 38 34 35 58 7 64 57 55 46 60 51 50 33 84 11 25 76 21 17 44 69 16 53 66 24 27 15 47 29 26 30 59 22 13 65 62 52 45 18 49 40 41 67 75 71 70 56 
 64: 71 16 13 15 11 73 52 18 7 23 45 72 39 27 34 9 22 19 8 74 14 69 44 60 38 80 48 64 56 36 24 67 29 49 33 75 62 46 42 10 40 89 57 25 17 54 76 78 61 30 70 20 32 6 65 41 21 50 26 53 66 12 63 47 
 70: 80 12 39 29 40 66 26 73 44 32 69 15 51 41 31 17 24 46 6 70 28 72 25 10 34 63 42 84 61 76 7 60 36 38 67 8 20 78 22 48 30 47 45 21 56 57 71 65 37 23 55 58 77 14 11 35 87 18 89 68 74 9 62 52 19 54 53 50 75 59 
 62: 53 16 64 55 48 75 32 10 19 31 66 51 60 25 37 40 17 56 54 11 22 68 73 87 27 43 59 71 47 12 50 49 52 84 41 7 57 70 13 61 28 6 26 8 15 72 42 65 39 35 18 33 74 77 76 67 69 46 21 58 34 23 
 112: 90 75 201 99 215 107 128 176 179 135 77 122 164 105 83 101 161 73 89 115 134 198 217 86 137 190 108 184 141 104 118 93 191 153 116 210 178 192 194 144 189 187 188 195 157 136 204 147 113 181 103 139 193 150 172 133 199 156 76 97 155 87 151 205 197 81 124 111 174 95 180 214 120 145 74 114 152 102 100 165 177 96 142 202 159 149 169 129 143 112 209 162 91 183 85 109 148 160 173 146 196 121 203 182 119 140 127 168 117 132 200 82 
 117: 168 199 152 93 197 135 144 162 122 222 124 149 161 202 194 159 83 94 185 108 131 75 114 143 183 204 203 90 80 99 76 97 195 130 212 210 79 140 117 156 208 157 142 191 193 91 111 134 170 102 148 164 160 153 150 125 209 104 198 78 132 190 100 86 169 89 187 106 158 184 165 163 112 105 128 166 136 155 119 88 118 172 217 113 205 181 120 180 126 116 141 188 192 95 147 201 87 103 200 73 133 81 179 173 174 215 182 177 178 137 84 123 98 167 77 176 196 
 139: 214 209 156 130 129 147 143 202 175 88 153 86 141 122 186 197 184 138 106 205 142 121 169 96 203 189 172 94 171 150 183 136 135 166 198 148 77 108 188 195 125 119 102 81 176 126 204 98 76 182 162 196 120 114 103 149 145 124 199 87 185 180 139 164 79 152 95 167 192 84 97 73 116 154 161 179 112 217 155 132 187 163 83 200 105 208 168 85 212 151 93 174 158 92 140 128 178 104 127 177 89 146 110 144 115 113 100 137 111 74 215 80 222 101 99 91 117 157 181 160 193 82 134 75 191 173 201 170 165 190 194 133 210 118 131 159 109 213 90 
 122: 114 151 101 77 134 96 105 140 210 80 175 90 146 94 76 168 144 214 92 139 164 111 97 172 194 154 149 158 153 126 179 115 183 93 160 180 198 100 204 110 99 167 107 95 170 129 190 197 205 155 143 152 169 116 212 122 106 203 113 138 157 156 102 178 104 78 163 186 185 161 176 128 83 98 137 136 201 187 87 150 184 181 199 133 88 73 191 74 141 108 165 121 215 123 209 84 192 196 120 202 112 208 132 117 217 174 135 189 200 166 188 162 86 119 182 222 103 145 173 125 89 142 
 122: 179 110 200 106 165 188 183 88 199 121 141 93 143 108 208 105 81 92 136 158 84 97 76 214 118 125 119 205 197 160 201 212 102 192 78 127 150 161 80 142 189 148 138 147 157 120 109 115 124 154 217 176 107 132 100 164 180 203 94 187 222 133 193 131 191 91 155 113 156 190 145 198 134 111 175 99 82 184 140 146 159 185 122 123 215 174 173 178 144 89 172 195 98 209 169 79 166 152 151 153 177 128 210 73 114 77 74 126 129 86 194 167 182 103 104 181 204 202 83 96 186 101 
 123: 75 190 104 99 159 169 155 204 202 103 193 197 165 153 208 175 209 150 158 107 98 186 118 212 108 174 124 93 84 76 143 92 127 106 172 74 144 113 83 89 114 170 189 188 131 161 100 166 191 214 215 112 95 203 180 129 115 137 149 163 105 128 134 111 145 133 222 78 136 94 194 147 80 96 102 201 195 182 146 205 199 120 167 179 132 196 183 126 101 135 142 171 187 123 184 116 217 138 192 97 79 117 110 177 176 198 162 140 213 109 164 81 86 141 73 119 148 151 156 90 185 91 173 
 107: 182 184 198 150 152 163 100 103 170 122 88 131 186 203 130 193 169 84 175 89 168 98 110 180 73 99 133 188 153 74 121 124 90 139 102 192 127 75 183 97 77 94 91 126 93 204 157 83 149 119 116 138 96 177 140 86 109 134 201 123 111 145 82 85 212 81 120 135 197 208 104 128 187 108 137 155 76 87 176 132 217 222 215 173 105 80 199 205 146 196 114 151 118 160 158 179 78 209 79 106 195 129 136 189 178 125 174 
 133: 81 108 102 163 156 116 100 144 197 96 104 195 171 168 126 87 222 213 82 179 95 184 192 145 91 122 141 107 217 166 121 128 80 94 109 205 150 137 174 89 134 117 130 151 86 99 113 119 136 199 147 129 101 149 111 159 93 98 178 79 193 165 158 185 176 123 214 152 187 106 143 183 200 83 215 75 92 139 131 161 103 74 173 198 88 169 164 124 212 190 175 140 203 142 84 135 162 172 210 181 97 77 148 189 209 201 160 73 188 125 120 114 196 78 167 76 191 105 186 132 138 133 170 85 204 155 182 146 177 112 154 90 118 
 110: 130 152 167 161 86 93 80 177 195 178 132 74 88 172 139 81 117 129 157 183 201 76 111 105 110 186 87 78 156 142 137 191 77 202 204 210 112 214 122 176 113 121 154 193 131 164 185 101 150 104 187 175 92 109 173 155 98 215 118 153 116 128 166 143 213 94 84 90 168 162 158 115 222 75 89 144 103 141 134 114 133 126 107 95 194 170 148 123 125 182 106 91 200 146 180 160 209 124 192 165 208 127 83 85 145 159 169 96 79 197 
 119: 117 119 186 163 210 187 173 83 208 107 90 81 179 121 77 80 160 129 151 205 103 99 181 96 89 153 126 91 183 213 102 101 136 178 86 193 197 113 154 106 175 194 138 169 177 132 92 109 152 215 180 165 122 217 222 195 209 198 114 97 174 131 166 184 143 148 75 164 158 76 111 144 139 128 168 108 74 156 73 84 140 124 98 100 201 167 162 196 104 188 176 88 214 120 146 82 190 110 118 112 191 147 79 85 87 134 202 192 150 157 115 204 155 185 78 212 203 161 142 
 115: 175 208 127 177 128 210 181 97 96 123 154 80 153 111 136 169 129 137 168 113 138 116 173 155 212 170 74 94 145 165 99 191 83 124 162 174 107 118 189 180 142 160 98 222 196 186 82 89 120 117 179 139 209 88 178 103 109 203 133 158 79 100 93 119 217 159 91 130 92 143 140 195 172 157 76 215 192 176 198 200 115 147 108 214 75 114 163 151 86 77 81 101 213 78 134 161 135 182 106 141 146 188 132 193 112 152 110 205 148 201 156 166 149 84 121 
 110: 115 182 130 95 222 77 138 102 143 107 84 155 148 135 146 181 192 123 137 199 180 165 92 101 151 194 131 212 136 90 163 128 172 175 104 98 93 106 178 117 109 186 76 171 82 153 96 88 188 110 200 168 119 208 154 189 114 185 86 170 166 126 116 161 142 209 111 122 157 81 118 139 113 152 97 121 140 159 177 125 147 179 217 205 201 87 160 112 195 169 162 78 85 215 191 193 124 80 74 94 203 79 144 156 187 198 173 174 99 129 
 132: 153 194 154 144 189 176 108 133 120 161 115 157 208 92 170 97 85 105 177 143 145 222 130 106 102 156 116 79 86 163 217 125 198 119 214 183 205 93 123 83 136 213 215 187 74 196 165 112 192 179 124 114 200 169 126 190 203 173 146 151 73 87 142 201 184 99 104 89 129 84 195 175 127 155 134 140 132 121 149 172 185 81 174 197 90 202 199 180 186 101 103 110 178 191 150 210 167 78 75 209 160 159 204 181 82 193 171 166 128 158 107 113 152 147 111 88 94 139 76 148 100 118 162 80 98 188 77 91 131 182 95 122 
 113: 135 127 164 204 129 131 104 212 150 208 186 143 201 97 148 162 126 168 118 111 128 198 110 156 178 191 113 200 139 130 190 171 112 175 196 205 161 136 80 94 160 210 121 215 88 203 149 95 82 75 101 78 133 86 158 116 145 123 146 177 138 197 222 187 125 141 140 108 99 106 172 90 84 195 184 119 124 85 102 147 182 98 144 134 155 153 81 120 180 209 142 174 176 179 188 192 193 105 157 109 89 77 132 137 194 79 183 213 93 152 181 214 92 
 107: 205 162 193 104 167 119 152 83 142 157 153 155 80 139 127 194 82 126 129 210 204 115 150 73 109 106 123 175 77 215 195 111 147 124 87 101 183 75 163 78 190 222 158 141 79 99 113 134 122 181 196 92 154 96 213 164 95 140 81 98 166 91 102 137 187 170 161 160 121 172 143 105 110 217 203 144 84 120 173 200 178 133 151 186 169 185 125 209 107 145 146 132 179 135 138 212 108 136 85 208 177 118 100 88 128 97 191 
 108: 147 117 190 139 185 102 111 209 109 203 101 92 115 129 120 173 160 78 108 90 79 189 197 176 158 205 159 188 94 144 187 208 204 77 80 100 119 194 213 170 97 217 128 133 106 130 136 95 125 138 195 105 167 183 157 134 137 179 210 87 196 81 165 151 74 186 222 193 180 154 202 177 214 127 110 93 107 126 181 84 184 99 132 123 198 182 75 131 201 76 96 112 145 149 113 122 88 114 89 175 73 199 164 191 143 141 174 124 
 117: 190 180 99 104 134 73 170 74 169 175 199 147 212 192 88 105 83 150 184 100 106 133 202 208 120 108 166 149 177 179 203 196 182 156 200 131 174 204 78 109 77 210 76 154 144 93 89 80 135 90 148 157 126 176 117 185 188 82 141 183 121 173 214 164 124 140 129 92 167 187 103 115 132 145 159 201 194 146 162 205 152 143 119 79 107 137 195 127 112 118 94 217 84 181 97 87 198 95 96 171 197 186 213 158 191 160 116 193 153 86 209 222 136 123 172 161 101 
 132: 101 73 172 90 123 85 138 175 169 86 74 160 114 191 212 137 201 131 168 129 163 79 154 174 76 150 113 108 107 134 105 89 181 205 157 111 146 119 104 217 151 196 127 202 120 94 117 200 173 195 97 98 132 93 100 210 130 135 178 87 96 99 189 198 152 194 179 122 153 197 82 112 102 193 133 142 192 140 208 158 147 161 176 128 185 103 203 143 183 171 125 187 170 184 166 177 78 186 180 106 92 204 116 148 115 159 109 182 164 83 155 141 144 88 209 139 126 84 190 118 214 110 121 145 215 80 222 124 81 149 156 75 
 123: 184 113 114 126 138 152 141 119 212 217 123 85 161 145 176 129 178 175 183 150 98 199 134 156 208 74 76 170 139 128 198 91 117 109 149 188 130 190 116 192 204 201 127 214 209 104 166 171 187 194 75 89 180 78 125 200 122 195 102 196 94 118 92 143 103 215 82 140 157 84 160 148 181 210 115 83 132 189 147 79 99 101 173 95 87 136 164 153 121 193 182 159 167 202 90 124 133 179 111 146 100 162 177 106 97 88 191 185 151 112 77 222 155 168 169 186 81 142 144 73 80 158 203 
 127: 128 109 143 151 172 103 160 201 125 144 188 98 82 79 141 214 186 208 113 106 142 155 170 195 94 101 120 75 177 138 87 204 198 215 148 123 168 126 222 100 166 93 130 162 102 122 163 115 194 95 107 121 152 140 73 156 137 83 153 154 212 132 192 185 179 190 77 159 124 96 76 112 105 197 88 99 117 205 131 97 127 158 146 178 92 193 217 182 209 110 136 108 145 90 135 213 187 84 167 173 189 202 86 114 196 149 171 91 199 85 183 181 191 210 111 184 150 116 134 104 119 175 118 200 203 81 161 
 141: 152 148 99 123 136 95 85 199 82 159 184 97 162 166 80 141 171 204 128 177 195 103 116 183 192 121 133 118 105 165 149 87 188 155 84 92 74 187 119 81 185 78 142 140 83 144 178 179 213 202 147 222 157 101 197 164 88 109 130 91 186 77 156 170 201 150 93 180 167 110 107 135 160 189 127 96 106 100 75 168 79 173 214 190 176 161 196 134 108 191 120 172 212 124 193 200 86 174 129 182 145 209 115 117 138 143 90 175 73 198 132 104 126 217 137 98 112 122 125 113 131 210 139 153 215 194 203 94 151 205 181 154 146 102 169 114 208 158 111 163 89 
 113: 112 84 184 217 166 182 189 131 158 94 154 114 116 172 162 80 104 200 214 193 141 142 197 120 87 127 186 76 202 97 188 130 95 201 138 192 135 165 199 163 150 215 81 109 126 73 93 136 203 157 149 140 208 147 174 178 170 167 125 198 118 153 79 177 107 108 164 180 139 183 111 191 99 159 102 156 175 155 82 128 152 179 222 117 134 209 195 103 91 160 129 92 190 171 187 90 113 194 137 204 106 146 133 213 145 74 185 83 151 119 210 123 212 
 136: 83 135 162 148 95 126 161 186 154 101 90 125 178 155 176 146 174 179 131 149 200 118 79 112 138 183 123 213 210 120 142 113 157 202 124 214 147 158 114 110 88 165 212 217 98 86 173 194 180 151 136 177 82 160 77 139 171 169 73 188 102 196 137 190 170 121 184 144 191 215 116 163 115 182 199 92 159 189 152 74 132 195 105 143 89 222 181 100 104 78 201 122 108 197 192 97 168 109 145 166 187 75 119 208 91 205 203 130 103 141 204 111 209 133 172 198 107 96 117 87 175 140 80 193 76 129 127 167 156 128 153 85 106 134 94 84 
 118: 130 184 190 196 102 100 176 111 107 80 81 119 201 118 154 94 109 127 152 99 133 144 209 195 159 92 83 108 205 174 182 164 167 139 163 88 192 105 77 170 145 204 179 153 97 149 112 103 73 222 132 178 193 156 131 160 82 189 75 120 124 78 123 74 110 143 180 85 158 173 217 151 171 115 117 194 134 172 157 95 138 212 114 136 141 148 93 188 191 177 169 142 126 116 214 199 113 147 135 175 146 84 140 87 125 150 91 89 101 213 208 90 106 185 198 165 168 186 
 117: 87 174 181 139 104 201 85 127 150 109 178 82 126 198 148 152 98 217 194 132 108 147 93 204 96 135 116 173 172 143 115 168 167 110 186 118 79 123 100 177 113 138 105 158 209 78 133 205 92 154 73 215 101 95 121 114 103 83 128 125 160 153 212 145 142 192 180 159 149 156 86 202 190 208 84 102 75 81 163 188 165 175 90 200 119 144 112 213 140 80 157 111 170 77 137 122 94 171 191 187 89 76 189 117 136 197 199 146 203 151 134 130 129 124 74 166 185 
 140: 134 81 143 138 108 178 145 168 161 107 177 129 197 217 80 202 193 175 118 179 170 174 84 212 213 83 116 126 184 209 155 163 106 215 201 109 89 110 158 92 171 93 203 130 131 75 97 132 208 146 150 157 200 112 199 117 123 77 164 82 122 137 86 76 176 114 144 190 173 196 205 192 149 96 142 105 147 162 90 194 152 78 210 99 172 182 111 139 91 195 101 124 125 141 113 159 136 135 140 185 154 104 166 181 94 102 119 121 88 74 214 79 165 186 198 160 204 120 156 151 128 95 189 222 167 73 127 133 169 85 153 87 191 188 100 180 148 187 115 183 
 132: 179 119 132 182 113 143 94 110 222 185 91 201 102 101 89 184 80 195 77 112 158 187 127 148 115 133 161 166 202 128 73 76 74 95 90 78 162 85 92 105 96 137 140 183 164 125 177 155 126 194 146 138 120 212 173 131 198 165 214 171 93 106 180 116 169 97 154 150 190 144 181 203 174 188 98 81 193 152 82 178 197 200 83 75 121 114 170 176 147 159 189 160 108 215 217 156 129 117 163 192 118 210 111 139 167 175 199 134 123 104 99 145 208 84 191 100 142 79 107 135 124 149 168 196 205 103 88 153 87 122 209 213 
 108: 77 205 130 192 80 199 136 102 186 128 86 127 181 188 132 94 174 156 101 131 195 146 142 173 197 167 75 108 122 73 124 144 125 168 215 98 170 107 123 158 100 161 198 84 176 177 141 114 91 193 166 185 105 99 103 202 120 137 172 154 88 189 204 217 148 208 126 93 178 129 183 209 163 196 210 109 179 83 222 139 155 117 175 152 104 164 85 111 151 134 96 143 87 121 149 157 150 90 187 74 145 212 214 213 180 135 133 97 
 109: 145 180 124 105 144 155 177 162 78 99 212 112 168 175 151 167 135 142 116 194 131 121 96 77 188 76 184 139 88 209 122 101 108 173 169 187 198 190 95 146 104 132 94 164 217 195 204 80 202 126 189 107 159 154 125 127 82 138 111 213 182 98 84 203 200 110 89 165 120 74 158 97 147 179 148 214 149 153 90 152 186 118 137 129 208 156 178 183 171 100 193 192 181 191 197 140 143 136 166 201 150 141 163 83 161 185 93 210 172 
 108: 132 193 166 195 108 203 172 80 135 165 155 83 104 79 190 133 159 187 107 148 150 213 84 114 152 185 194 146 136 212 214 199 119 120 138 188 186 147 179 142 98 87 191 160 105 175 143 76 97 88 121 157 134 181 204 153 90 149 197 196 141 73 122 156 96 182 163 200 183 74 177 75 127 162 78 85 151 164 202 125 137 111 208 92 81 167 144 118 77 129 101 145 110 89 205 128 168 169 93 116 222 99 173 176 161 126 158 131 
 136: 197 96 222 165 172 205 171 217 214 187 163 143 189 127 92 86 104 200 97 89 85 164 105 81 157 194 182 209 159 199 88 129 190 204 108 184 79 115 76 151 150 99 145 168 133 179 126 80 147 117 146 188 136 180 91 110 215 156 181 176 169 154 213 111 161 137 191 173 196 82 177 178 90 106 208 120 130 160 74 122 193 198 210 152 142 212 109 185 132 166 128 134 149 170 116 103 174 139 138 84 148 75 203 153 186 73 124 114 113 100 102 83 93 101 183 192 118 141 112 140 94 121 95 98 87 167 158 135 175 119 144 202 162 123 77 125 
 108: 77 146 74 178 152 176 199 91 103 78 213 81 96 130 95 111 205 212 139 161 106 162 195 179 113 208 149 203 138 134 192 168 166 163 132 104 99 202 201 112 109 135 193 140 131 183 175 82 153 167 189 164 210 105 148 200 209 84 121 129 191 119 118 154 120 145 217 89 94 128 102 88 180 160 80 190 75 144 172 182 137 147 177 159 126 197 90 158 155 184 124 142 181 79 108 125 156 222 97 98 123 115 215 133 141 85 214 83 
 141: 205 125 144 124 100 106 192 190 79 132 204 161 103 98 166 75 135 180 128 82 121 175 158 209 115 154 130 214 137 111 222 157 215 186 127 156 152 217 108 86 203 196 134 114 164 213 172 105 129 197 212 97 131 107 74 119 142 165 95 102 136 174 159 188 145 83 187 202 183 168 149 101 122 194 182 126 195 181 90 150 155 169 163 84 92 96 116 120 162 200 140 123 147 109 133 173 193 138 210 153 184 85 171 198 112 191 170 208 99 141 139 151 117 88 201 143 77 89 94 81 104 146 87 113 176 167 91 199 189 93 73 80 185 178 78 179 118 110 177 160 148 
 138: 138 118 80 210 209 97 122 153 102 201 74 162 146 113 134 182 198 169 129 141 89 174 181 104 157 139 88 147 120 194 202 170 187 109 127 79 151 103 144 222 168 177 131 73 200 86 156 143 99 82 96 81 180 179 185 85 78 126 163 87 164 98 106 190 110 213 133 183 197 76 152 108 217 191 137 130 171 145 203 214 92 128 93 208 199 193 111 192 165 161 105 186 175 154 212 204 155 116 160 125 107 178 135 100 159 184 136 95 112 196 101 94 166 124 173 205 83 149 158 84 176 142 189 167 77 119 172 75 91 117 140 195 123 121 114 188 215 115 
 129: 97 173 136 182 115 134 169 210 159 135 143 109 190 100 179 88 163 83 82 98 215 79 133 129 187 127 85 130 91 168 199 222 196 217 180 177 122 155 145 212 80 165 162 200 93 166 102 90 170 78 141 77 184 81 157 160 203 209 126 106 86 140 138 131 119 116 137 139 108 94 197 150 171 103 149 198 185 204 101 191 175 123 181 194 124 152 202 76 201 192 73 87 153 113 148 178 114 156 111 128 151 214 158 154 147 167 112 117 125 146 120 121 110 208 193 84 104 205 188 107 186 142 161 164 105 174 132 213 183 
 113: 110 129 161 117 106 84 137 152 96 146 116 154 133 119 114 165 168 201 171 185 87 75 90 142 73 172 187 143 199 131 81 102 204 159 190 151 126 153 123 130 198 169 89 128 78 83 103 222 167 92 97 122 134 202 91 170 115 148 100 74 176 182 208 177 215 156 118 157 205 181 150 183 186 144 164 109 193 104 113 173 189 140 124 217 112 108 138 86 88 158 192 127 105 135 145 80 188 166 94 163 99 180 79 174 178 196 212 121 125 76 82 213 93 
 124: 201 200 140 126 192 120 121 186 74 123 107 189 213 129 88 111 170 109 208 116 90 76 122 161 191 204 81 138 160 188 98 177 209 202 164 171 165 105 196 104 183 83 214 150 210 217 190 118 130 172 79 125 212 142 198 145 152 113 86 174 95 162 143 114 154 146 117 144 155 166 148 139 112 187 115 158 101 178 163 78 215 96 99 92 136 131 149 173 175 89 134 85 77 132 176 197 156 141 93 159 97 203 182 84 194 100 169 103 153 127 185 157 181 110 168 124 91 102 87 147 195 205 106 73 
 121: 143 131 103 166 179 152 170 212 113 85 127 142 84 180 141 110 209 192 134 101 112 159 164 132 95 140 73 195 86 78 119 92 81 106 104 89 165 94 107 162 214 124 77 118 157 190 200 93 208 74 130 90 99 167 133 215 121 122 79 188 114 196 139 155 182 213 184 174 144 88 168 147 115 138 91 204 172 150 160 123 186 158 181 191 125 178 129 175 217 145 80 97 161 137 205 120 222 116 185 87 135 194 171 193 105 189 173 102 156 183 201 128 75 197 187 149 76 96 148 126 108 
 126: 90 167 145 168 118 158 193 75 187 144 137 88 89 163 131 92 112 217 102 173 140 205 122 108 197 114 169 121 126 93 127 74 87 154 182 143 124 129 155 94 209 115 177 120 202 141 133 116 86 179 98 170 184 188 136 85 171 113 73 156 174 151 162 84 107 161 178 79 119 105 198 185 195 189 181 153 212 147 166 104 132 101 200 213 146 194 157 191 83 142 165 77 80 196 215 135 128 175 111 81 97 214 148 78 134 159 106 201 164 208 123 76 160 149 125 103 203 210 117 180 150 100 186 139 222 152 
 141: 214 164 91 79 126 76 185 193 158 163 88 152 139 115 129 112 209 146 78 128 184 155 101 151 89 205 188 113 75 167 204 122 108 107 138 137 175 217 127 111 198 203 176 132 80 77 212 187 125 150 103 109 165 179 123 135 130 73 97 171 131 117 192 136 166 159 162 181 102 87 86 202 213 120 178 94 168 177 201 140 172 133 85 222 84 169 114 148 106 153 82 93 110 104 215 83 183 99 154 174 118 134 200 180 92 147 74 189 160 182 98 190 199 90 210 197 186 142 145 156 173 144 105 100 141 116 191 196 81 149 95 157 96 119 194 208 170 121 161 124 143 
 132: 203 145 209 108 146 109 169 173 205 214 153 165 172 140 125 128 197 114 215 149 126 180 120 123 96 171 75 154 90 156 110 84 143 185 190 81 73 150 102 132 103 167 104 136 160 183 118 181 94 192 158 157 97 163 99 133 175 222 134 189 83 202 101 80 129 88 124 135 107 112 186 95 170 210 204 144 194 168 174 178 152 200 155 148 217 166 198 98 184 77 93 113 196 115 116 119 191 182 122 142 100 141 147 176 106 187 137 78 117 164 105 111 201 195 159 199 179 139 188 76 92 127 87 131 193 177 86 130 162 208 161 74 
 115: 166 159 122 179 89 107 128 196 168 133 178 125 73 215 109 78 110 153 108 148 115 143 189 135 104 92 163 94 101 199 74 204 151 167 202 173 160 185 82 114 138 169 141 183 129 140 150 124 176 120 149 87 85 198 203 105 111 76 156 192 208 139 191 172 106 81 113 96 147 161 100 117 77 212 84 97 210 136 134 184 130 118 152 165 127 119 86 126 217 170 213 103 79 137 164 131 80 171 142 174 177 121 157 188 209 181 146 195 83 116 175 182 102 123 197 
 111: 81 162 80 131 213 168 175 129 130 115 196 143 137 200 191 189 201 173 101 142 109 204 113 104 126 161 121 97 111 96 91 148 155 123 75 210 217 178 110 171 152 94 82 79 106 100 157 107 105 194 116 205 77 176 156 160 141 209 128 181 164 154 214 122 202 114 103 166 167 118 188 84 159 144 132 222 102 112 87 146 183 149 78 163 133 172 182 93 92 98 187 197 150 127 136 186 119 140 73 215 151 169 108 177 147 90 134 165 89 203 153 
 133: 158 119 146 196 110 169 139 209 194 155 82 83 126 170 147 177 107 132 192 73 92 91 125 136 94 193 106 104 172 89 99 165 190 86 74 111 115 167 185 96 184 112 129 87 130 195 166 120 100 88 140 123 181 189 131 133 81 156 182 85 163 179 76 198 138 79 186 101 160 114 109 171 152 164 145 214 205 75 80 105 144 108 197 191 175 127 201 116 200 121 176 93 215 173 199 212 98 128 178 77 203 134 204 122 222 151 95 187 188 208 118 153 103 149 135 168 162 213 141 161 84 97 102 210 142 148 150 159 113 143 124 180 90 
 108: 143 82 194 103 99 161 106 85 171 153 138 140 118 107 160 186 86 109 212 98 84 145 94 77 129 183 170 180 110 205 204 112 114 193 122 125 75 78 74 126 214 142 222 81 148 179 187 137 101 165 199 209 121 192 97 79 162 144 154 100 210 215 155 168 120 113 166 108 91 127 139 111 164 93 119 169 141 196 163 208 203 132 92 150 135 197 178 123 158 172 151 195 191 188 181 131 83 202 124 89 159 96 133 105 76 174 190 177 
 111: 217 194 191 195 127 111 154 196 210 90 73 201 175 155 134 181 140 103 75 74 84 143 158 168 203 107 214 99 213 117 170 145 192 122 92 171 83 152 162 78 200 169 164 222 128 136 161 187 131 86 150 160 205 120 80 215 197 139 89 95 183 189 173 93 153 148 98 126 172 177 125 174 157 167 116 202 118 147 102 146 178 76 141 97 185 114 94 165 186 124 101 91 106 166 109 182 156 149 81 110 190 180 204 133 104 105 135 138 163 179 184 
 116: 208 132 123 79 193 210 195 200 136 192 130 116 83 88 95 194 84 199 92 135 166 159 85 87 145 81 134 96 74 151 101 209 180 153 179 124 171 182 119 217 120 93 196 181 215 177 109 214 202 97 154 139 91 158 86 118 222 164 146 125 142 165 122 75 175 172 169 188 167 103 94 121 73 113 78 76 183 112 205 157 149 98 203 104 90 137 129 144 186 89 160 108 141 173 128 163 114 178 168 174 155 185 148 161 107 190 184 147 102 82 110 201 156 198 162 77 
 108: 85 208 101 104 222 190 196 197 79 166 200 78 195 123 193 126 164 144 151 136 130 201 169 143 81 77 83 138 112 111 89 120 96 181 187 217 155 115 74 212 141 167 93 214 127 140 137 157 176 210 178 185 147 100 142 122 99 175 82 168 158 153 179 80 203 84 98 114 165 204 160 116 186 105 113 159 154 146 189 171 90 92 76 172 95 192 139 209 107 199 119 94 162 102 117 152 170 121 149 177 135 129 106 213 86 124 148 75 
 128: 195 140 106 89 180 73 198 189 148 117 141 173 132 85 83 187 118 84 171 157 191 174 160 103 169 115 74 128 130 185 194 102 197 146 210 97 98 204 168 75 113 201 184 193 190 77 167 87 178 90 199 125 142 214 129 91 127 166 196 137 209 126 76 165 78 175 110 119 122 143 99 96 153 213 200 182 170 108 154 105 133 149 111 134 92 93 150 88 107 164 121 104 82 80 159 114 86 215 151 112 81 138 158 179 161 145 131 116 101 123 139 152 94 172 135 163 100 212 203 109 181 120 192 79 144 95 147 176 
 121: 134 200 104 160 124 199 81 106 123 135 178 205 157 127 77 169 164 110 144 196 217 118 88 103 183 143 146 201 140 197 136 222 99 129 141 153 147 182 79 172 186 171 92 133 83 142 151 125 109 95 76 161 173 101 131 121 168 202 130 128 190 155 94 75 159 82 93 115 102 158 138 149 215 208 100 90 117 107 119 132 210 179 170 91 165 189 111 177 166 181 162 180 139 86 112 163 204 214 137 154 176 185 108 122 145 174 152 156 114 191 78 80 175 193 187 113 98 192 198 85 195 
 113: 148 101 90 128 157 150 210 162 202 205 222 83 97 191 107 104 126 116 87 171 161 183 212 133 78 85 195 159 189 99 154 127 214 165 100 138 121 179 184 163 75 180 129 199 208 193 188 130 182 111 94 185 73 96 168 145 166 79 147 86 215 187 80 91 190 217 172 181 93 209 106 149 89 74 123 122 120 131 203 103 88 194 132 136 151 156 81 117 137 153 201 170 115 164 102 176 113 197 140 167 143 112 77 119 152 158 92 169 204 125 84 142 98 
 142: 115 169 189 150 210 257 179 197 109 191 243 113 142 97 163 145 139 165 103 196 254 195 104 157 187 223 182 240 94 180 125 218 148 168 96 177 228 231 126 204 101 146 242 206 184 232 171 158 147 141 143 235 170 178 131 175 233 217 155 128 173 212 183 132 102 167 236 208 114 245 161 133 224 162 144 229 135 216 111 121 122 186 154 185 156 116 192 219 151 166 207 198 220 181 138 140 100 225 108 160 137 172 105 199 214 123 193 190 152 129 124 153 239 203 98 99 110 227 120 106 95 127 149 200 188 134 238 213 117 230 164 202 174 159 226 107 205 194 244 209 118 176 
 132: 211 219 233 185 226 148 127 106 115 117 150 208 199 184 173 204 224 162 244 206 195 155 146 164 95 228 135 198 240 221 232 203 209 168 140 98 110 205 131 200 215 132 125 238 144 145 176 201 194 139 159 236 130 177 230 103 152 114 245 120 160 222 212 137 166 118 142 223 180 257 163 197 156 167 218 153 213 107 172 143 138 192 175 189 239 220 242 225 105 100 108 104 149 154 217 157 193 178 109 158 171 165 151 141 116 183 96 214 202 254 99 231 113 101 134 207 147 128 229 186 187 161 136 129 123 170 190 210 188 97 121 191 
 136: 173 221 107 229 212 160 166 177 207 216 134 196 228 201 208 152 118 230 122 170 105 244 218 149 151 163 220 111 184 141 257 133 193 219 143 192 238 210 176 130 214 124 157 120 155 239 185 206 254 171 213 205 96 147 112 232 231 222 114 100 183 195 106 158 197 164 98 156 135 202 227 145 200 215 137 136 194 139 102 125 223 161 225 123 128 165 113 182 203 117 138 144 180 191 172 245 236 209 142 150 127 188 162 226 103 240 186 132 179 131 199 154 190 148 235 233 95 101 168 187 129 175 204 104 119 94 121 146 115 109 217 167 97 169 181 243 
 124: 113 133 123 239 128 119 212 157 192 105 102 122 99 193 177 141 139 176 110 213 257 135 118 130 205 225 233 214 129 117 200 164 222 209 183 155 238 204 236 197 158 170 153 188 152 181 144 211 127 206 186 190 210 111 147 230 243 169 254 175 174 140 161 115 178 143 125 179 165 146 104 201 207 198 182 163 168 171 142 150 199 154 229 245 121 159 136 240 132 208 100 106 124 228 162 138 217 112 227 94 98 148 223 97 202 187 220 126 151 95 215 189 160 149 173 114 216 156 167 145 101 134 195 180 
 138: 116 146 225 154 115 149 222 194 144 232 153 214 188 169 179 155 226 100 125 210 192 104 106 103 158 108 243 212 198 112 203 162 182 223 238 156 163 177 240 136 123 139 95 126 200 185 141 142 133 152 140 166 236 191 176 99 190 165 157 173 145 231 124 132 197 193 178 189 221 105 148 147 207 233 167 119 138 130 239 171 215 102 118 228 164 209 242 110 128 186 175 120 199 127 213 180 196 135 121 216 227 109 117 122 111 184 206 151 168 257 220 245 113 114 195 137 224 187 201 219 204 202 94 129 170 205 217 107 230 159 244 208 131 160 143 134 172 211 
 117: 129 170 222 199 137 151 192 207 178 158 165 243 132 122 202 136 109 185 156 162 125 219 224 200 186 119 97 166 203 139 181 195 215 187 225 206 152 117 146 112 214 94 164 210 182 217 99 101 157 141 213 235 221 216 232 201 111 154 191 140 160 230 173 218 172 189 107 155 126 142 196 194 103 113 153 257 229 96 110 238 227 242 177 209 245 188 228 114 239 143 220 212 240 138 120 133 211 171 197 145 124 180 183 100 95 135 147 115 174 254 159 233 149 184 208 236 244 
 114: 116 159 156 172 103 206 230 223 197 137 136 198 239 128 170 109 202 158 108 182 124 139 97 106 212 214 173 215 244 143 130 216 245 101 236 152 235 122 200 151 232 225 254 113 167 147 207 120 219 144 169 94 133 205 102 231 125 121 174 188 118 208 203 100 191 221 179 238 226 213 145 181 193 184 99 162 111 165 142 190 148 222 192 135 157 186 211 134 240 131 132 176 189 166 229 242 155 218 112 171 178 243 110 149 95 175 220 196 160 201 195 199 185 177 
 137: 228 217 127 196 135 191 103 179 133 138 124 150 254 147 220 166 232 136 242 201 97 98 189 173 211 233 186 193 118 219 114 142 162 122 226 111 132 216 141 134 244 115 212 113 159 109 125 230 101 245 169 172 164 163 192 140 145 231 176 199 100 205 107 203 110 144 151 208 148 129 218 158 178 168 160 215 243 190 105 200 156 112 257 130 210 143 94 117 213 207 195 126 104 121 131 153 161 194 149 238 152 120 229 204 123 214 180 184 116 155 157 188 165 206 239 167 222 174 175 198 227 106 185 187 181 223 171 137 154 108 182 139 183 225 235 119 236 
 139: 131 138 137 162 179 219 235 243 145 193 227 116 199 146 134 229 125 196 127 105 242 108 101 132 103 190 106 225 170 236 163 113 191 203 205 232 164 95 210 136 151 141 189 226 129 195 201 177 166 230 159 222 240 198 114 152 221 185 122 176 143 197 121 148 161 119 156 215 257 130 139 238 245 206 154 110 124 192 172 207 244 173 204 98 182 202 218 212 117 102 211 94 216 168 107 97 171 112 155 254 217 174 126 100 115 188 140 157 135 160 184 175 147 118 165 180 214 144 153 96 169 233 104 231 158 133 228 208 178 239 181 149 109 150 99 187 167 123 120 
 140: 225 114 135 116 206 257 211 146 177 195 100 196 107 120 209 125 164 153 245 218 129 139 137 119 186 113 95 181 117 96 132 148 108 205 193 161 150 223 243 151 149 236 145 182 157 213 159 194 210 123 97 214 110 124 188 192 244 163 176 201 174 235 191 154 134 189 197 140 200 141 208 199 184 217 98 229 190 144 142 106 136 203 227 215 99 101 242 102 118 122 185 171 109 126 207 112 220 162 152 231 128 187 133 165 160 198 173 226 202 94 168 228 111 178 166 155 254 233 224 127 147 240 131 104 170 130 121 175 230 180 239 115 143 212 221 238 172 204 216 158 
 142: 229 220 108 221 97 116 184 132 102 158 106 215 124 193 202 143 173 115 151 225 168 152 165 217 218 134 222 155 160 181 233 257 195 112 201 99 216 156 235 198 131 176 213 178 111 150 190 203 182 169 138 157 170 242 224 117 121 95 171 166 227 147 127 125 103 175 243 210 118 119 146 205 101 137 113 129 192 199 186 208 123 223 211 145 194 120 162 96 122 187 136 140 200 126 191 154 164 189 159 226 105 209 107 114 133 161 179 130 142 231 163 98 232 110 144 128 244 230 212 214 135 104 197 94 139 245 167 228 177 109 239 219 180 183 174 206 238 196 185 153 148 204 
 130: 208 122 154 170 175 163 108 107 210 212 169 128 229 174 132 138 120 106 198 127 147 117 103 97 137 192 226 113 118 98 161 191 115 231 219 109 149 150 124 146 159 168 197 101 166 243 201 152 99 233 96 254 144 141 160 148 145 206 190 239 181 211 195 136 187 218 165 185 244 242 188 114 172 157 224 125 173 130 140 135 227 199 186 220 205 171 111 228 155 235 200 167 110 180 240 202 183 236 238 105 178 102 213 214 158 94 257 131 116 222 245 151 134 142 129 203 126 176 184 121 196 100 194 215 164 207 95 139 189 179 
 136: 227 198 200 176 185 180 154 128 195 108 171 161 142 144 153 202 100 143 197 232 213 165 189 229 238 204 103 242 194 224 186 210 150 231 121 188 118 181 98 193 216 207 102 162 254 104 147 209 158 245 214 201 215 123 94 203 156 116 205 132 196 122 152 133 131 166 174 109 177 149 244 96 159 208 175 178 172 230 169 101 184 225 170 192 199 148 160 218 135 119 124 164 183 157 211 111 114 130 257 236 140 97 129 182 190 221 235 217 222 126 137 228 226 141 191 179 155 168 95 167 117 120 219 112 138 110 107 139 127 113 151 173 99 212 233 134 
 131: 176 99 182 127 159 239 196 139 210 202 158 164 163 197 126 214 161 103 187 162 230 225 167 141 199 118 113 192 165 201 243 209 98 254 186 183 116 198 134 120 244 185 148 128 125 94 142 171 111 97 137 173 218 172 229 220 175 180 121 104 119 221 240 174 204 245 144 96 152 216 226 188 130 217 117 133 193 143 184 135 145 203 114 213 228 208 215 154 170 157 150 110 153 102 166 140 179 195 156 233 147 207 108 189 95 224 146 222 227 194 115 112 257 235 219 151 122 212 178 106 168 100 109 107 123 200 129 231 132 211 124 
 136: 211 145 108 149 235 174 138 121 153 100 196 178 118 163 95 165 180 160 144 233 218 94 225 181 135 120 157 99 162 242 199 129 188 114 133 194 148 198 223 205 240 220 132 236 137 109 128 136 195 173 155 152 244 169 190 239 185 203 189 200 204 177 130 131 106 191 105 179 154 176 182 167 122 215 139 207 143 164 202 224 119 210 201 110 158 212 172 175 197 142 209 104 216 134 112 140 226 171 107 117 192 222 147 238 229 96 98 127 243 214 184 231 150 103 115 217 187 161 123 221 170 227 111 186 206 113 257 116 97 183 156 232 102 208 124 168 
 146: 157 231 113 133 183 218 109 121 226 156 173 193 203 120 96 143 186 191 168 100 138 192 217 206 215 230 223 155 102 182 229 236 97 205 112 196 239 146 104 197 167 212 161 145 165 174 126 106 207 140 179 117 220 123 224 225 169 158 202 151 144 227 216 122 171 149 209 118 147 214 114 184 154 198 243 141 211 130 129 244 221 176 200 134 228 152 107 187 245 162 153 127 94 175 98 210 160 119 208 199 235 103 101 148 135 180 242 185 232 189 95 116 204 181 142 124 188 132 238 201 108 163 166 194 240 172 195 110 164 137 254 190 128 159 257 213 136 139 99 178 219 170 125 115 111 177 
 149: 243 135 152 257 236 147 146 199 118 172 132 106 222 196 117 175 144 212 223 163 110 233 179 100 191 128 211 95 220 121 171 143 114 182 244 98 162 119 206 167 198 170 156 131 161 215 150 160 213 187 205 230 169 235 120 177 227 142 94 210 226 112 115 168 145 154 189 180 104 107 214 149 238 178 219 203 133 239 96 176 184 218 124 148 224 153 204 195 137 194 157 99 139 228 181 207 200 188 217 242 127 173 130 185 103 193 155 101 197 202 208 159 201 216 158 129 140 151 240 105 141 108 192 126 245 183 165 190 225 134 229 113 111 209 116 136 166 123 221 186 164 97 232 231 102 122 109 125 254 
 143: 206 240 218 161 116 160 182 185 226 151 221 198 148 105 174 239 166 135 183 108 212 159 104 149 176 129 170 138 192 137 117 245 231 125 238 124 94 201 195 223 217 96 254 133 95 119 188 243 184 196 235 143 156 106 191 157 186 109 180 199 147 130 162 140 103 136 204 193 208 181 158 207 155 154 228 102 100 197 177 210 171 216 179 219 142 145 215 244 190 222 229 118 163 242 127 134 257 200 194 141 139 123 110 175 225 146 232 173 203 165 115 230 214 98 99 111 220 128 213 126 97 169 112 164 187 120 211 172 202 224 132 168 227 150 152 236 107 101 205 209 167 131 144 
 125: 172 111 201 169 100 221 213 96 217 116 129 109 208 128 102 98 187 168 121 190 99 228 126 167 124 164 141 118 176 239 158 144 94 175 195 125 161 215 138 180 182 209 218 179 148 207 160 191 188 183 174 194 106 232 163 244 107 143 204 147 243 245 173 113 205 203 120 171 133 242 210 189 222 226 227 115 223 211 135 150 112 225 103 240 220 110 197 142 231 229 137 181 114 104 200 184 151 136 117 156 132 97 206 257 235 230 192 153 236 238 140 105 127 162 130 216 178 134 199 146 219 214 198 186 196 
 131: 238 245 136 127 204 179 219 153 224 186 216 94 158 176 144 230 152 195 220 99 203 120 244 189 162 196 126 191 116 240 160 193 239 188 174 156 199 202 228 223 150 227 207 151 110 122 148 141 183 170 233 109 137 209 231 139 181 157 142 123 117 187 201 206 138 106 211 155 171 200 161 154 131 210 104 168 229 129 192 178 213 133 115 140 257 107 172 159 254 111 147 167 96 124 236 121 143 225 128 182 114 101 102 118 232 184 215 149 112 95 218 145 165 100 97 134 194 103 197 198 190 163 169 177 242 226 243 125 212 221 173 
 148: 113 104 150 148 135 112 98 206 101 108 133 166 147 181 163 204 168 228 125 129 210 216 207 175 245 159 177 225 130 161 174 117 162 103 205 196 217 203 221 123 132 189 94 145 212 224 100 96 208 131 156 242 167 97 119 109 136 226 182 141 184 233 160 142 185 200 193 95 164 244 118 171 137 154 121 139 120 152 209 236 187 197 178 215 235 105 99 173 165 179 190 157 240 143 199 134 155 122 191 114 218 195 158 239 192 214 211 107 202 238 126 220 127 254 243 102 176 153 222 144 194 227 229 128 111 231 116 140 138 230 172 257 188 151 183 146 219 198 110 223 169 170 124 186 149 115 201 213 
 141: 227 207 97 232 211 132 239 184 98 179 151 187 243 127 191 229 178 170 236 117 201 114 105 172 107 138 162 94 220 213 177 228 111 140 233 136 108 218 100 214 186 226 174 245 185 95 206 183 109 192 123 208 219 181 129 130 212 161 120 254 135 231 147 204 196 235 144 113 110 240 225 154 118 145 164 101 169 182 244 171 150 99 189 202 155 168 139 230 173 112 167 199 134 121 222 146 165 159 119 188 210 163 104 197 115 195 193 242 122 124 103 133 224 126 257 141 221 223 194 153 198 156 142 217 238 200 160 190 116 102 148 125 137 149 215 216 180 143 175 158 205 
 150: 175 242 182 127 161 137 209 228 169 166 236 117 120 167 205 136 232 188 163 178 224 216 94 245 144 116 157 129 230 132 213 140 217 160 207 156 109 139 227 185 138 233 210 149 222 193 180 221 200 239 155 110 172 214 97 96 145 101 165 95 111 220 115 196 211 240 135 215 219 153 108 159 231 164 189 133 174 162 107 124 141 257 208 202 99 197 142 100 238 173 218 190 187 223 199 112 225 194 114 102 128 150 183 203 198 206 235 146 226 177 254 192 104 171 152 103 147 243 122 179 126 123 130 125 119 184 204 170 113 201 212 98 106 229 191 186 134 105 176 168 143 181 121 244 131 195 158 148 118 151 
 129: 170 182 222 217 144 145 233 163 97 236 141 136 108 132 201 107 125 188 105 160 227 167 240 223 189 112 133 140 178 155 172 216 185 229 187 235 200 151 169 103 232 205 242 113 106 212 192 118 179 173 164 209 131 162 148 94 197 139 211 116 218 109 190 134 194 210 243 174 137 123 244 254 186 193 102 122 219 245 120 220 147 207 152 226 99 104 195 165 203 127 128 96 126 146 214 121 159 154 117 142 156 181 149 221 202 257 224 111 228 110 119 150 130 175 184 153 95 124 230 180 183 166 177 204 98 168 161 238 143 
 136: 168 220 106 150 232 213 162 196 214 96 111 203 129 170 233 149 236 157 176 239 133 103 99 105 127 224 167 229 164 242 155 189 207 145 124 206 217 193 228 161 171 198 216 139 117 115 159 212 97 156 108 126 223 180 130 172 95 146 165 225 119 197 175 147 238 240 184 215 219 121 190 166 142 94 125 202 152 160 178 257 151 186 163 148 131 245 195 226 138 143 144 182 188 114 185 169 179 104 210 136 128 235 194 102 204 120 181 109 158 254 154 231 137 101 113 191 135 98 123 208 134 201 205 110 187 141 200 211 192 118 132 209 173 243 199 116 
 129: 109 143 119 211 197 104 129 214 137 202 257 219 134 240 220 161 146 235 122 224 232 114 186 149 184 168 115 231 96 120 183 215 157 111 244 163 191 139 167 101 124 223 177 100 148 166 117 169 207 230 116 210 209 147 152 94 142 198 213 158 132 131 225 189 107 135 216 188 221 182 254 162 153 154 150 194 123 195 102 126 187 151 164 144 181 160 170 175 97 238 105 110 201 196 179 140 159 203 172 205 103 206 128 125 121 176 227 95 228 243 185 204 217 192 193 242 200 138 180 113 98 173 155 141 208 118 199 130 156 
 138: 117 206 144 191 199 168 161 115 123 227 165 145 167 120 139 135 242 114 131 146 211 233 220 182 160 157 109 113 129 243 210 190 153 245 202 177 179 254 132 136 238 147 106 215 195 121 236 230 102 159 192 107 164 203 231 244 156 219 95 201 101 175 173 143 213 158 149 111 197 152 189 218 208 116 142 240 185 134 180 217 154 235 223 204 224 162 100 171 225 181 97 239 183 166 108 222 105 155 118 137 193 128 96 150 187 99 200 172 209 169 122 207 119 226 125 198 130 141 151 98 221 229 174 212 140 127 104 196 205 188 94 176 133 138 257 186 103 214 
 115: 94 144 128 196 173 171 161 214 147 182 163 95 154 221 222 236 120 106 233 135 136 116 210 198 97 150 204 209 140 112 228 109 139 224 213 254 257 138 220 189 134 194 216 96 105 207 167 231 158 201 240 205 177 127 126 187 156 226 178 199 152 151 103 180 169 235 99 142 117 239 243 230 225 141 186 217 183 110 232 108 188 159 143 145 206 125 179 212 219 118 184 123 104 115 114 244 157 223 119 174 149 111 195 155 146 124 165 203 208 121 170 101 197 245 166 
 125: 235 183 131 190 143 200 177 139 196 110 161 134 182 193 99 142 214 210 212 204 191 211 176 181 175 124 123 105 221 104 233 117 159 149 173 206 103 107 156 140 138 146 232 116 218 98 189 164 227 254 166 130 242 172 236 118 228 137 192 158 94 135 231 97 184 226 209 147 244 225 229 238 150 119 100 155 186 120 95 230 145 198 243 199 224 141 239 213 245 178 121 167 160 208 112 168 169 185 187 217 108 220 126 179 148 170 197 127 195 174 163 188 106 215 151 216 223 201 171 240 165 194 128 129 96 
 127: 195 148 173 111 97 140 186 202 194 174 127 215 144 181 130 110 124 131 166 114 161 207 182 134 159 178 183 184 157 221 116 135 217 115 220 213 150 149 196 143 239 212 117 168 257 107 113 102 188 187 189 99 96 198 169 103 192 227 164 225 245 177 175 224 170 151 156 191 228 210 236 98 104 123 218 240 254 165 152 138 219 122 229 197 185 128 153 230 160 94 167 95 100 223 190 179 226 137 238 180 101 162 172 176 118 211 206 142 136 232 208 158 233 121 200 112 109 146 145 139 216 201 209 203 126 129 231 
 118: 141 188 106 175 124 134 239 203 180 123 201 109 165 151 107 185 166 164 146 213 169 157 228 254 196 210 216 126 236 114 95 223 221 153 137 235 224 233 139 147 199 133 242 193 191 148 108 103 176 119 205 218 101 100 161 227 192 230 171 102 209 183 214 154 243 145 232 238 190 240 110 104 170 121 206 99 200 120 118 155 115 131 168 125 127 111 211 207 138 112 217 231 116 144 215 220 245 167 212 184 186 156 195 135 244 229 98 197 181 225 182 150 222 194 113 142 163 143 
 127: 188 154 148 102 230 136 182 115 227 180 107 140 126 149 254 112 160 190 173 109 159 219 175 135 108 158 146 231 244 117 166 101 156 94 161 150 144 114 229 223 236 204 184 145 137 224 98 100 201 127 185 197 104 211 139 218 124 222 132 111 110 235 232 97 131 216 125 133 214 245 120 176 178 179 105 200 220 233 177 226 119 143 157 122 162 192 129 225 147 138 189 116 207 168 141 240 212 103 167 155 228 128 183 221 198 170 152 194 99 186 169 121 242 195 243 210 205 134 217 239 142 171 215 209 196 193 153 
 137: 196 199 99 205 221 192 103 224 162 112 107 156 185 135 227 121 219 203 218 123 187 177 147 141 194 140 113 189 139 176 94 148 131 181 146 238 198 206 142 175 111 101 165 149 173 138 158 102 133 118 231 244 110 125 168 236 151 226 222 128 120 98 170 200 212 254 124 122 114 144 166 207 190 257 136 230 130 228 209 233 157 225 152 242 217 197 195 180 232 161 193 174 160 220 163 150 223 191 202 100 204 229 167 154 117 97 211 132 214 183 172 143 145 239 169 213 210 134 105 129 164 95 208 245 96 108 155 186 178 159 201 243 106 188 240 137 127 
 123: 186 117 230 120 121 132 153 180 127 126 236 165 111 115 151 161 123 194 181 113 227 205 233 211 196 138 220 208 173 108 97 195 182 144 145 215 131 98 94 188 129 202 169 189 228 106 99 201 216 125 140 166 174 141 137 226 136 245 190 187 224 219 254 192 203 243 257 185 112 229 217 101 172 154 197 118 184 164 176 114 244 128 238 200 139 162 134 110 198 109 235 147 163 160 149 170 157 107 103 167 159 116 240 150 242 130 231 222 204 122 183 199 175 105 95 213 142 225 96 218 232 152 146 
 138: 159 146 226 149 228 129 143 224 174 141 107 130 202 120 177 184 257 128 176 242 100 98 205 142 172 148 190 169 144 155 124 123 210 137 220 236 140 188 214 218 147 167 161 103 181 106 131 193 118 153 195 185 170 105 134 119 183 235 179 125 117 108 225 240 198 245 168 212 216 254 238 112 111 114 219 227 229 101 126 135 230 162 211 192 239 110 232 189 115 97 94 200 213 157 133 165 166 138 151 113 196 215 197 244 132 104 207 164 121 206 158 171 145 99 203 156 173 231 127 180 96 223 191 160 209 178 154 243 199 109 122 136 116 163 204 139 208 233 
 136: 162 226 179 163 195 224 160 131 108 156 117 152 173 197 180 107 161 243 115 132 188 147 122 166 177 164 236 96 203 121 244 217 211 206 174 134 155 183 245 215 207 120 189 111 208 125 239 212 199 219 148 142 185 229 127 136 242 97 153 114 143 192 158 144 129 167 209 210 99 138 128 228 112 200 196 123 227 139 103 240 168 133 198 98 205 225 238 194 232 201 171 113 257 95 254 150 119 186 165 137 110 170 204 223 157 216 105 149 214 130 106 213 187 176 102 190 202 231 101 172 230 184 141 159 233 193 182 94 135 181 100 116 220 221 104 178 
 137: 130 155 186 129 218 161 98 205 153 126 240 204 97 207 139 149 188 121 122 173 223 189 119 222 198 140 203 172 165 101 112 147 96 245 191 120 196 100 226 150 170 174 215 128 177 109 110 127 193 199 176 208 144 159 135 209 166 175 201 216 227 162 123 212 108 156 163 236 224 225 94 124 145 221 157 105 220 113 217 254 138 179 116 187 164 202 238 185 210 136 235 95 141 243 152 133 230 103 242 229 219 190 115 117 211 168 137 213 228 102 154 151 148 194 183 192 180 239 195 184 131 118 182 160 107 146 257 197 134 106 158 114 99 104 125 233 178 
 137: 209 165 207 159 122 157 112 233 118 101 206 119 202 102 99 238 180 156 103 153 212 154 96 183 128 178 138 243 137 168 205 111 179 170 244 257 94 188 160 228 193 149 226 182 163 105 95 144 223 162 185 171 161 200 120 115 224 136 216 167 218 130 203 211 222 184 173 190 129 113 148 141 192 189 131 208 125 254 232 194 197 145 230 177 220 164 121 132 235 134 166 174 127 126 109 245 221 147 191 110 198 231 229 151 236 215 142 133 140 108 158 175 146 100 116 123 242 217 225 240 124 114 139 210 213 169 172 239 181 186 155 152 150 106 199 214 219 
 149: 244 214 123 144 187 146 121 105 156 207 257 119 192 109 100 227 240 94 161 193 120 173 197 191 97 104 153 160 136 145 176 132 155 201 190 228 116 239 198 127 220 180 221 243 195 235 183 130 182 151 223 229 189 174 171 170 122 213 98 254 230 124 200 184 149 115 141 157 99 203 95 150 134 152 158 169 166 186 179 162 211 224 137 177 107 101 199 202 181 154 111 148 164 172 159 245 219 185 238 188 205 139 126 103 142 112 165 117 225 196 178 140 204 231 206 217 236 113 138 106 216 96 212 218 175 163 110 242 131 167 215 128 222 226 209 129 118 210 114 135 133 108 143 233 102 208 232 147 125 
 117: 104 97 94 213 167 164 197 232 138 196 135 243 217 240 206 257 130 230 148 168 159 203 204 229 209 169 239 144 115 211 195 228 111 170 227 178 236 129 124 143 137 119 122 127 134 172 100 152 221 109 163 165 219 215 136 120 244 123 202 118 126 173 185 95 184 103 226 150 110 198 156 193 160 98 210 235 225 205 105 186 222 190 187 146 154 131 162 238 113 161 145 174 153 212 218 116 147 151 125 254 188 214 179 149 224 141 121 207 106 142 200 157 139 181 171 108 175 
 151: 95 111 157 138 219 184 191 215 151 130 161 173 142 228 149 158 172 175 105 119 195 146 188 101 112 217 242 154 97 210 116 150 227 96 200 240 174 165 177 118 139 220 127 166 167 176 155 140 128 190 123 182 170 225 243 125 122 129 114 226 115 224 201 186 163 164 147 179 145 222 236 141 214 94 106 245 134 107 238 223 202 239 196 233 102 148 197 208 203 136 194 168 212 244 254 135 211 153 183 198 213 205 152 117 216 99 104 206 113 189 109 207 131 124 159 221 209 162 257 144 100 133 178 235 160 180 230 126 171 193 187 199 218 231 108 121 185 229 120 110 192 232 169 137 204 156 98 143 181 132 103 
 143: 150 220 225 218 243 175 111 244 181 127 95 164 231 103 215 179 161 213 133 134 219 108 126 230 142 102 209 153 240 141 137 130 99 227 178 192 199 212 238 177 211 163 101 233 214 185 191 135 183 159 226 156 236 228 148 190 128 204 166 182 104 113 146 94 187 118 171 168 140 189 210 229 138 125 167 106 116 239 221 165 100 186 223 121 232 162 110 152 114 149 201 139 112 245 120 98 205 155 254 235 173 200 160 145 158 180 154 117 97 195 119 107 224 242 198 174 222 217 206 194 208 207 129 105 122 216 143 196 144 184 124 202 203 151 172 115 157 96 109 193 147 123 170 
 138: 111 188 164 155 142 207 184 132 105 180 176 165 199 121 149 173 106 128 153 122 113 210 177 110 134 139 244 94 224 126 222 151 166 163 196 138 183 221 232 211 108 112 204 217 208 123 127 238 228 101 200 170 168 135 150 167 136 178 213 147 239 116 161 152 254 148 205 219 104 154 243 186 212 226 209 107 197 229 137 187 97 218 203 198 131 141 201 156 172 174 160 118 231 140 157 192 195 143 179 235 236 144 189 120 109 193 145 162 130 99 194 230 146 119 159 190 245 181 158 169 202 242 215 96 129 124 102 98 240 125 220 133 191 206 227 223 214 233 
 118: 102 218 204 133 215 168 186 197 182 196 172 173 94 128 194 213 163 200 148 209 104 198 132 244 184 171 177 114 149 109 223 202 166 95 192 239 193 98 134 99 185 155 169 116 225 126 203 176 138 111 123 236 226 146 103 160 229 127 153 254 238 139 113 110 242 159 112 230 183 210 232 174 154 161 130 145 119 137 220 217 151 212 245 125 131 222 233 117 105 207 231 129 235 199 124 227 195 178 187 120 142 257 189 205 96 167 121 107 150 156 175 143 158 165 100 147 214 164 
 146: 131 99 228 179 177 210 146 217 165 98 222 227 142 102 170 158 211 114 138 109 186 187 168 174 94 126 192 150 214 115 201 97 163 229 123 110 164 257 172 103 96 149 161 196 182 162 180 157 219 207 134 245 107 238 137 95 185 173 209 169 206 155 125 106 167 116 122 193 119 108 195 184 111 221 218 225 242 112 171 176 220 124 235 181 159 189 243 135 208 175 254 113 188 152 118 160 224 194 143 236 197 232 140 136 191 204 178 183 153 223 129 133 147 154 231 212 130 230 203 215 244 100 213 139 132 120 117 121 202 104 233 190 141 105 200 239 144 156 199 205 198 226 148 240 128 151 
 136: 179 139 239 108 194 102 201 99 130 233 228 227 217 209 196 154 245 170 144 157 120 254 215 230 101 110 158 141 98 121 181 177 164 199 153 222 166 95 125 189 212 188 140 185 115 197 126 213 152 223 133 226 104 160 122 132 136 111 186 116 165 161 236 176 242 159 224 238 124 244 221 103 193 100 205 184 240 119 207 131 232 117 135 142 138 211 134 148 156 97 200 175 94 229 220 123 109 231 150 257 235 195 128 96 216 243 162 210 187 107 204 169 155 172 174 203 202 198 163 143 147 114 173 149 168 206 127 225 146 106 178 192 180 129 112 208 
 115: 98 139 159 103 221 127 228 183 129 138 192 212 225 189 226 235 254 240 169 118 215 227 134 131 123 208 206 157 170 132 104 244 125 231 164 160 202 196 97 233 176 106 108 230 142 105 205 172 239 216 135 194 148 100 224 161 180 198 213 217 197 203 141 179 245 200 112 187 218 156 137 182 116 114 111 163 178 238 184 126 257 175 101 136 128 140 120 177 232 168 190 133 124 185 181 222 165 152 149 158 211 150 96 186 171 146 147 95 115 209 195 210 174 154 153 
 131: 200 166 115 231 199 185 96 189 137 156 145 122 210 240 99 148 147 244 98 149 214 176 215 107 236 133 238 151 163 94 175 218 220 120 232 135 164 113 119 228 206 141 140 174 160 177 123 208 219 186 95 229 224 195 138 109 173 257 159 155 127 226 169 207 106 114 157 242 152 105 205 134 101 187 223 128 227 111 209 110 117 103 146 201 112 216 211 254 217 153 125 183 213 102 180 150 233 143 132 97 191 222 221 158 196 194 168 197 131 245 212 225 171 190 165 203 161 193 126 116 230 178 167 162 198 184 188 118 124 172 235 
 133: 113 220 208 135 226 143 102 176 120 211 199 163 196 158 170 185 151 105 94 171 184 210 173 245 186 109 242 112 222 236 239 139 216 152 119 193 160 213 154 108 140 126 214 128 205 215 96 180 124 115 223 209 167 136 228 172 101 192 198 201 164 194 202 233 149 227 121 257 206 204 107 221 162 175 187 103 123 166 137 100 138 98 203 134 147 146 178 254 106 95 189 116 131 218 110 195 169 117 224 130 157 133 150 148 159 219 132 111 225 145 99 238 181 244 155 114 217 207 188 197 122 104 129 144 142 240 153 161 191 232 97 200 229 
 127: 205 229 219 136 197 192 151 127 215 162 113 171 155 159 216 224 116 208 178 213 244 99 217 95 235 164 238 195 123 109 133 168 147 167 218 198 161 112 181 242 214 124 120 141 103 97 149 106 220 108 128 188 189 134 121 153 144 176 212 186 110 131 226 166 239 221 210 228 122 199 158 204 245 190 193 130 200 206 119 165 185 223 118 184 182 163 104 140 125 227 156 191 207 225 145 137 243 180 203 135 177 169 231 154 100 105 194 222 236 126 152 138 233 94 132 230 114 174 98 150 209 254 202 187 160 101 143 
 139: 158 124 215 206 183 142 138 212 176 127 164 144 146 211 217 106 219 230 162 100 153 107 209 120 197 101 208 201 220 240 189 105 166 181 177 97 186 150 190 216 238 136 229 129 239 192 126 156 245 202 184 102 257 149 203 168 226 111 221 145 210 198 96 147 123 140 114 179 193 119 224 95 228 134 191 225 128 174 130 98 204 151 187 143 194 99 113 218 160 227 180 207 117 133 236 231 233 116 163 244 242 188 214 170 222 213 171 185 110 154 235 199 148 178 103 94 152 121 175 254 155 137 195 132 196 104 157 173 122 223 131 200 118 167 165 159 172 169 135 
 116: 236 264 278 265 257 273 258 234 339 313 307 326 269 332 355 261 277 303 281 331 314 240 293 340 292 310 296 305 285 297 266 244 342 300 334 267 289 306 287 327 345 347 316 330 284 237 263 321 354 253 329 333 262 235 270 304 315 337 283 242 341 309 301 317 239 238 350 311 252 320 241 250 288 290 259 249 268 248 260 349 282 312 298 279 319 246 245 336 271 322 254 274 343 299 325 280 328 272 335 256 294 302 323 251 291 247 286 295 338 243 348 324 255 318 346 275 
 101: 251 298 294 275 247 325 243 258 308 344 272 268 241 334 259 290 316 302 313 284 263 304 354 309 327 273 319 311 355 256 244 253 280 271 336 288 252 240 234 326 342 338 303 322 274 328 254 330 310 237 270 285 262 245 306 278 320 318 293 246 307 296 257 289 266 350 337 281 348 277 347 331 242 301 343 261 305 300 314 269 333 287 351 329 235 339 292 341 249 239 276 299 260 346 264 297 279 291 267 340 321 
 93: 336 242 324 247 259 266 308 341 297 318 339 327 312 328 342 348 236 276 306 319 280 315 263 300 320 302 286 250 283 261 258 240 254 330 317 316 267 246 288 272 309 285 304 270 314 239 268 338 355 290 305 287 346 265 311 298 292 274 321 296 350 257 255 269 307 310 323 349 354 260 333 248 293 291 289 332 244 264 326 243 237 278 347 273 284 238 295 281 301 334 331 329 337 
 114: 257 349 306 255 337 291 240 320 301 292 313 265 256 238 343 345 266 246 341 294 325 309 322 303 270 326 333 299 235 249 307 293 316 332 327 261 351 305 252 263 269 248 288 336 311 284 317 346 280 304 308 259 302 318 355 287 321 290 245 262 247 329 298 350 260 273 277 236 348 330 354 239 274 272 342 268 296 250 328 324 312 271 340 300 234 339 286 297 281 310 276 315 254 279 285 242 334 295 244 323 344 331 251 258 278 319 282 237 347 335 338 243 253 283 
 105: 351 271 295 264 293 327 274 287 234 308 309 305 306 279 252 246 322 333 238 315 273 256 284 245 263 314 355 265 266 337 311 313 257 320 236 310 242 268 290 350 338 291 326 241 278 323 292 235 346 344 303 282 341 318 299 328 300 324 348 330 349 277 272 289 275 247 336 283 342 239 354 267 339 302 343 250 321 244 331 297 262 258 304 319 340 288 334 259 270 296 345 255 280 261 285 240 347 312 298 249 260 329 335 332 254 
 92: 251 282 284 315 238 287 270 320 313 266 264 255 239 252 234 294 318 355 336 334 257 245 326 344 333 325 297 314 259 342 273 307 340 331 291 272 292 285 276 247 338 323 310 288 265 236 328 324 280 286 321 293 241 327 243 278 299 296 304 298 341 248 308 267 316 242 337 317 281 235 330 254 271 283 329 309 346 295 312 335 240 275 348 305 322 300 319 274 301 244 332 277 
 94: 281 278 277 317 294 244 350 234 267 252 296 329 295 285 257 263 261 276 236 337 344 249 253 269 354 345 243 245 304 330 318 322 237 311 300 315 290 338 288 273 333 239 309 279 346 266 241 262 332 314 336 326 341 282 265 298 274 340 297 235 259 303 293 324 327 258 328 289 334 302 280 238 348 351 331 248 270 323 305 240 312 283 308 286 347 254 284 320 271 313 251 247 307 321 
 103: 275 247 329 265 354 316 248 333 320 251 260 322 236 319 239 294 346 312 306 337 272 267 340 253 351 297 313 311 336 256 350 286 237 262 295 347 301 257 283 266 303 302 299 279 289 250 345 328 271 292 298 235 330 327 282 290 342 254 263 280 278 339 309 274 341 244 261 343 288 258 276 242 338 304 315 273 264 259 308 277 234 269 241 307 335 355 323 325 331 314 321 240 332 293 268 270 238 310 243 344 334 246 281 
 113: 294 239 329 299 257 248 346 317 295 258 307 302 347 300 340 253 282 314 281 349 259 351 270 252 322 255 338 297 305 261 301 276 319 266 251 304 287 244 243 246 293 241 306 285 237 337 280 240 268 283 330 321 263 264 260 334 326 303 335 279 350 318 312 354 288 328 245 267 309 274 327 277 289 313 323 311 344 242 234 298 286 308 342 249 291 355 316 250 324 269 235 262 310 236 272 343 333 284 325 348 273 320 345 256 336 290 265 278 271 332 275 247 339 
 90: 298 303 263 320 334 348 238 291 336 309 328 349 312 259 295 329 311 274 323 248 332 345 292 319 346 306 264 321 318 244 316 322 265 287 324 288 310 237 253 315 283 354 268 350 343 339 293 241 317 344 261 280 235 282 271 340 270 342 333 285 314 269 252 337 294 250 255 256 276 286 341 297 300 277 307 236 299 284 338 267 260 266 242 246 331 327 305 239 313 289 
 104: 245 265 241 274 315 327 243 308 317 332 269 264 309 249 326 255 301 338 289 285 280 272 324 262 238 311 282 350 251 348 345 297 312 305 259 296 320 266 284 316 268 277 260 328 307 314 302 263 261 321 337 244 322 254 330 335 306 349 235 283 279 253 248 344 298 250 304 313 333 242 300 292 240 342 286 354 323 355 346 299 239 339 267 257 331 325 234 351 291 246 336 278 293 340 247 347 310 271 256 341 294 281 295 288 
 92: 288 315 337 262 268 325 234 336 312 314 302 316 335 351 305 301 295 243 264 270 318 255 276 308 275 254 320 274 319 287 257 285 334 248 236 354 324 345 349 348 330 355 279 333 346 300 310 329 246 244 272 258 350 261 247 252 269 326 290 259 277 328 256 321 240 239 289 296 313 284 245 235 294 311 241 344 293 292 317 327 267 299 237 280 323 339 309 332 342 238 343 297 
 116: 278 234 313 275 337 344 328 268 271 264 297 242 259 294 338 323 274 246 345 350 256 306 319 326 238 330 342 262 270 248 308 269 295 283 325 346 250 236 276 339 351 258 317 273 287 279 249 321 315 303 310 305 355 332 245 260 343 348 334 280 304 327 340 324 284 320 286 247 322 296 354 285 237 299 309 244 289 288 253 281 307 329 335 261 263 293 349 291 277 311 265 282 298 300 252 314 331 239 292 251 333 243 336 272 235 312 255 290 240 347 267 241 266 257 318 302 
 97: 271 290 269 270 257 235 266 355 343 298 306 275 313 291 283 338 341 246 238 301 250 344 299 249 264 323 277 321 334 265 351 303 245 251 280 327 295 293 261 315 253 260 340 279 305 273 312 274 296 248 331 259 349 345 326 282 234 317 255 242 236 272 337 339 239 310 348 347 294 252 287 289 286 322 350 318 346 297 319 336 335 256 288 304 284 278 237 314 262 311 316 333 302 243 308 263 254 
 104: 266 304 284 280 288 273 279 276 309 317 346 236 255 287 269 271 282 251 312 285 338 274 283 303 278 267 314 262 341 238 239 292 270 344 322 308 301 350 342 263 245 335 258 264 328 277 237 244 300 315 268 316 254 240 235 343 339 257 299 326 349 234 295 281 260 293 321 319 336 296 249 252 330 243 290 294 313 310 275 250 337 241 272 297 333 351 327 340 332 298 289 259 247 329 246 291 256 318 354 261 347 355 345 307 
 109: 291 278 323 349 309 297 313 250 317 258 329 298 347 318 271 240 237 236 254 251 312 355 314 241 244 253 266 243 331 272 311 336 279 287 299 288 301 322 342 238 320 348 325 321 252 255 351 269 345 286 319 354 344 300 249 310 296 260 257 340 350 242 265 285 256 330 247 306 293 326 248 303 338 281 333 235 307 337 284 246 274 295 275 316 315 277 283 280 245 263 262 292 346 267 305 332 324 308 290 270 341 261 334 327 234 264 339 343 304 
 112: 257 337 276 290 292 338 342 326 343 285 236 252 330 258 266 267 295 312 291 333 248 311 269 307 282 251 304 339 238 235 348 278 322 321 336 277 250 272 284 239 289 279 351 281 313 262 247 324 286 263 271 249 308 264 332 270 320 349 298 350 315 355 256 280 265 237 293 325 317 245 254 259 299 314 246 327 329 323 306 302 328 294 354 283 345 261 297 275 341 253 346 335 300 268 287 243 301 241 318 316 305 242 288 274 319 344 244 260 296 255 234 309 
 102: 305 286 351 328 246 247 249 236 346 323 240 327 341 257 322 239 255 245 262 260 293 273 237 290 326 265 274 275 350 307 324 347 291 300 258 354 238 332 282 340 345 310 316 250 267 283 343 234 261 318 325 284 295 281 279 294 285 331 348 303 308 235 304 338 280 336 315 269 297 259 256 334 321 292 299 263 266 244 254 270 242 252 296 312 313 317 277 288 301 268 298 243 264 276 335 287 278 248 271 251 309 253 
 110: 348 264 306 294 271 311 247 346 355 298 237 276 310 332 242 255 317 285 342 278 282 345 251 244 354 289 280 287 293 324 326 300 265 321 307 331 253 328 235 252 333 272 305 248 234 338 303 312 243 274 318 239 299 241 340 341 267 313 245 320 258 236 277 281 316 286 314 268 288 260 284 262 249 290 337 240 347 329 261 339 349 334 343 330 295 273 263 325 315 254 250 269 319 309 275 297 259 270 238 296 344 335 292 322 279 266 301 304 308 323 
 120: 254 337 263 296 349 326 305 284 240 336 323 283 286 325 355 262 274 244 247 272 345 300 246 347 250 294 309 285 348 299 282 331 248 266 253 340 343 269 277 298 260 319 276 265 338 327 238 252 267 242 310 342 287 255 241 289 245 259 304 258 341 308 290 237 311 346 291 256 251 303 317 270 335 315 324 295 302 264 261 334 321 307 268 351 288 332 239 281 316 322 328 278 236 329 279 271 257 280 275 330 301 243 273 333 313 297 318 292 235 354 344 314 306 350 339 234 312 293 320 249 
 102: 264 347 311 254 294 302 251 278 280 241 270 340 268 289 348 292 255 327 342 265 239 338 238 301 259 256 248 296 334 305 260 261 307 303 246 306 277 335 240 310 276 322 243 326 284 339 252 315 319 247 317 341 325 288 323 285 318 354 269 271 236 235 332 308 331 275 324 304 262 344 250 274 249 321 287 299 350 282 272 266 267 309 355 273 245 313 297 314 286 349 281 343 257 244 316 283 237 300 337 320 279 242 
 92: 338 329 283 334 280 260 307 331 344 321 261 324 303 245 298 317 318 323 236 308 269 254 350 272 304 274 286 346 278 349 336 294 351 288 293 290 345 241 239 235 306 309 296 258 248 313 341 267 348 271 312 319 250 339 247 240 330 337 315 263 242 243 333 273 285 343 354 305 320 276 311 300 292 299 328 326 259 257 325 342 268 295 270 266 265 289 282 237 264 262 249 332 
 104: 310 341 290 253 254 328 272 350 244 338 280 304 351 284 241 292 335 305 355 237 257 313 259 258 346 349 340 243 321 323 339 274 234 246 281 306 327 264 255 295 294 282 302 268 348 318 236 251 287 293 270 297 277 261 266 265 334 347 332 285 240 267 298 354 239 308 279 276 286 300 262 345 322 307 324 331 342 275 314 333 326 252 273 301 278 248 247 291 250 263 299 242 271 296 311 330 320 336 319 303 337 325 269 312 
 103: 349 266 310 273 260 323 300 303 342 335 285 236 254 325 251 336 252 297 244 343 286 253 312 307 330 275 264 241 287 344 318 282 293 247 246 292 242 261 263 298 354 259 294 306 238 284 321 278 258 257 308 234 301 331 320 237 302 337 334 271 311 265 277 340 315 280 291 235 355 243 305 327 288 316 322 309 338 270 329 348 345 319 317 332 279 281 296 250 339 350 313 248 269 314 324 256 267 351 328 255 326 346 299 
 108: 247 303 286 332 309 344 301 274 341 327 251 264 272 346 258 342 283 276 302 240 331 328 244 338 236 306 278 260 299 252 333 262 319 345 261 322 321 277 243 347 270 266 280 348 311 343 315 290 263 268 257 271 259 289 300 253 318 305 335 337 237 288 293 255 265 254 292 324 320 349 241 279 234 313 235 291 281 282 285 351 250 350 325 355 314 248 310 269 287 284 334 273 297 239 339 246 298 307 330 308 326 294 295 242 316 323 336 275 
 99: 328 277 266 288 304 348 315 260 303 291 308 319 245 316 309 282 313 312 324 235 336 279 341 289 300 246 243 242 296 234 238 270 314 261 272 280 290 307 342 317 340 354 318 344 299 265 278 351 346 257 241 287 249 345 244 275 305 322 301 240 251 267 236 350 330 293 329 298 269 258 276 349 259 331 332 302 325 297 334 320 343 292 355 339 333 310 311 254 347 284 321 253 268 263 326 255 248 323 286 
 98: 315 313 301 339 266 260 259 355 291 292 299 326 335 321 280 262 325 268 289 254 312 276 242 283 277 341 330 344 271 332 303 322 251 270 334 343 354 305 244 324 237 236 296 243 290 273 281 285 318 350 249 314 286 240 347 297 235 279 345 328 338 258 342 238 308 293 346 284 255 239 294 319 306 323 311 309 307 253 329 340 257 234 269 245 265 282 317 263 304 327 252 351 250 256 349 275 247 241 
 104: 242 270 283 330 354 287 289 339 344 342 295 313 277 343 324 279 326 266 314 293 275 267 261 251 249 321 282 309 346 292 337 253 355 329 248 305 304 345 240 325 271 333 290 300 263 311 327 322 262 236 294 301 341 334 241 243 280 244 254 351 308 245 335 291 316 256 306 255 250 298 265 238 299 303 320 350 273 259 268 274 297 349 315 302 310 328 284 296 239 278 338 323 317 246 276 288 264 336 307 252 319 272 286 257 
 114: 279 291 344 239 320 307 310 312 354 289 301 276 248 238 256 332 327 266 290 253 350 331 292 323 325 247 328 319 340 285 306 305 335 315 295 317 269 347 262 234 287 333 244 265 308 342 281 260 314 259 249 326 282 274 243 296 252 324 242 345 236 297 275 241 277 272 336 294 284 273 334 330 341 251 321 311 338 309 303 240 263 304 237 258 348 351 268 329 313 346 302 300 349 288 280 298 235 322 343 278 270 261 257 250 337 283 316 255 293 246 254 267 355 318 
 119: 296 278 247 235 344 334 234 279 340 337 300 313 275 255 262 271 328 257 276 260 329 354 316 241 335 303 284 299 325 267 249 237 297 290 348 251 349 287 305 308 252 240 291 286 350 317 312 243 304 236 319 347 292 323 327 259 314 330 309 273 256 242 342 253 332 288 268 306 320 277 302 346 355 345 263 326 341 298 264 331 283 269 244 310 246 282 295 261 265 322 301 250 274 321 343 280 254 238 333 318 315 338 266 339 248 285 258 307 351 239 289 270 245 324 311 336 294 272 293 
 99: 285 324 318 244 309 265 269 313 293 338 310 316 354 276 287 273 289 322 328 274 317 257 267 350 280 320 237 349 291 270 283 300 312 306 334 278 304 341 290 268 311 307 261 253 277 301 326 351 325 246 335 281 348 236 337 255 339 266 327 250 342 245 262 251 282 292 330 243 234 346 333 336 258 303 297 260 264 340 247 344 240 239 242 329 238 271 345 315 295 323 263 259 331 308 305 343 298 249 286 
 97: 252 355 334 297 235 237 258 316 351 310 317 335 299 311 287 348 282 347 313 329 275 256 338 269 349 314 270 325 267 250 298 295 262 285 241 259 277 255 337 318 308 333 324 247 239 354 302 253 315 261 265 289 286 236 294 327 309 274 343 350 263 321 307 283 271 279 276 266 342 330 346 260 322 345 268 278 336 328 273 281 331 296 284 292 243 341 305 242 304 238 280 288 290 344 272 301 244 
 104: 331 295 248 327 242 245 342 343 330 324 257 354 311 255 320 337 355 247 276 305 340 346 350 254 253 283 347 275 303 267 322 239 313 273 237 268 251 262 325 334 291 310 281 274 317 302 348 284 259 290 309 240 335 341 236 234 315 271 279 299 249 258 344 244 260 329 256 277 319 304 243 296 288 293 270 289 349 307 312 298 235 282 326 308 286 318 300 272 261 266 287 328 321 314 292 351 316 336 264 323 241 338 280 297 
 113: 254 246 263 343 302 293 303 260 274 276 323 240 245 341 310 235 306 324 252 266 290 247 280 256 348 315 355 314 253 321 269 239 351 258 278 330 304 285 241 262 251 268 282 346 279 333 331 335 336 238 337 309 350 300 311 248 329 301 294 292 299 271 257 249 339 318 326 298 349 305 297 332 283 313 325 308 287 328 291 243 319 334 250 264 347 316 354 284 344 338 261 242 236 273 322 288 295 340 265 275 307 327 272 317 296 244 320 342 289 281 237 267 270 
 96: 247 335 284 321 258 241 317 256 255 297 292 273 234 250 325 305 276 266 239 288 249 260 286 328 341 319 283 274 267 314 306 238 333 270 263 310 282 289 354 332 285 313 294 300 251 315 302 254 268 281 280 252 342 262 293 278 237 334 316 235 336 277 318 257 331 345 312 326 322 287 347 265 240 271 243 296 309 349 269 307 308 245 351 246 242 339 272 340 346 304 279 348 350 301 343 327 
 109: 282 284 348 265 350 331 297 340 312 338 317 335 259 268 239 288 235 311 343 244 306 303 276 254 281 342 309 299 295 274 325 354 255 285 333 273 278 257 292 316 294 328 252 263 302 243 339 337 286 320 329 245 234 251 237 344 346 279 319 305 246 260 271 289 287 341 270 241 242 326 261 300 315 258 240 280 351 253 264 321 334 301 355 323 290 262 291 250 307 275 310 332 349 249 296 336 304 324 277 269 272 266 293 322 345 236 256 308 327 
 120: 316 255 329 344 263 322 335 345 264 296 305 298 240 338 349 266 354 342 269 309 343 260 238 265 236 288 239 243 330 307 286 293 292 242 284 324 301 340 271 331 258 332 246 325 277 339 285 268 315 300 251 348 254 318 337 267 313 355 334 350 351 287 323 281 319 291 295 326 346 328 314 280 262 299 333 347 270 272 235 278 274 317 250 247 256 257 248 249 289 275 276 336 244 283 237 327 245 312 297 303 252 259 261 294 306 279 308 321 310 273 234 320 253 302 290 241 341 304 282 311 
 93: 285 263 318 338 237 239 331 289 291 349 287 344 307 248 257 290 334 293 316 279 330 269 299 302 323 295 309 335 324 261 284 306 274 271 245 250 322 312 354 333 313 281 242 240 280 276 301 247 305 255 321 266 272 296 340 329 304 278 275 286 343 332 235 317 350 264 336 251 262 249 270 315 260 355 325 256 303 314 310 347 292 258 339 346 345 282 320 254 283 337 342 297 328 
 119: 269 244 270 346 307 326 349 236 297 272 300 328 341 336 251 302 271 247 347 311 296 283 252 259 298 239 245 266 275 287 322 279 320 255 304 344 243 293 274 332 290 351 278 321 286 242 318 331 262 325 305 333 281 288 235 329 280 260 289 340 250 295 327 338 324 263 261 294 355 257 308 323 284 267 334 282 246 238 354 234 248 342 285 339 315 291 317 316 256 343 330 240 312 313 301 337 314 310 254 273 306 350 292 276 249 303 319 253 265 299 241 258 348 264 345 237 335 309 277 
 107: 271 310 306 335 304 312 341 292 272 297 234 244 334 263 240 254 315 267 355 268 307 332 278 282 275 288 342 299 245 349 320 314 347 279 338 337 291 280 274 253 235 243 327 336 293 261 294 303 354 296 330 251 266 326 313 287 249 323 265 308 247 283 257 300 237 317 331 318 301 333 325 309 324 348 298 255 351 277 290 340 311 350 276 246 256 262 284 238 259 343 316 241 329 264 295 270 260 269 252 281 289 242 319 236 339 322 239 
 110: 348 296 304 335 261 317 264 334 262 278 308 346 290 295 311 265 287 320 280 248 339 319 247 309 238 350 326 237 281 312 331 354 347 306 285 316 284 305 249 329 294 345 282 328 259 288 245 270 271 255 250 355 310 252 239 277 340 337 303 272 301 253 244 341 293 322 243 235 344 234 336 325 256 236 268 263 286 275 266 324 246 292 279 300 242 241 332 299 313 269 298 338 267 273 258 283 327 333 240 321 314 343 289 276 297 349 260 251 315 342 
 97: 298 360 311 282 351 371 319 374 272 355 349 336 346 373 331 287 324 304 341 279 330 347 339 329 292 309 334 271 278 348 273 345 357 322 264 328 277 316 366 321 344 302 296 276 299 300 368 289 280 320 333 340 364 284 317 354 343 338 301 369 367 308 267 350 307 315 286 325 363 361 291 270 313 342 303 297 362 268 372 295 293 310 283 323 356 327 285 275 281 352 274 332 370 306 305 294 335 
 101: 310 367 328 333 302 265 329 325 351 313 295 363 270 285 352 284 364 350 306 300 291 332 369 307 370 297 296 268 362 288 303 343 353 327 315 344 341 323 358 309 355 293 331 298 336 275 290 372 279 330 311 356 373 347 368 289 277 286 301 339 287 308 299 280 324 366 274 318 304 316 346 272 317 322 371 326 354 340 282 292 365 335 359 320 266 283 321 319 294 361 334 278 349 345 281 267 337 314 305 273 374 
 84: 365 355 348 316 303 301 320 277 279 314 264 328 305 284 271 335 280 326 267 293 287 372 330 319 266 285 347 338 364 278 366 360 283 275 286 295 309 274 321 337 367 292 353 304 311 289 306 333 334 374 354 265 359 312 272 315 300 270 318 323 273 307 290 325 370 291 327 317 345 310 308 332 298 329 281 368 288 339 346 363 336 296 356 269 
 111: 364 363 267 298 321 290 341 280 347 324 275 306 278 285 316 314 292 293 339 270 281 336 300 308 294 319 286 274 349 345 302 330 317 313 312 296 367 289 291 348 346 333 304 320 318 371 325 282 327 352 370 277 283 372 334 373 299 315 350 323 305 354 268 340 284 311 338 271 326 332 301 356 310 359 361 272 365 287 342 307 303 374 297 355 362 353 265 279 331 358 368 369 357 351 273 337 366 322 329 295 309 288 266 276 264 360 343 344 335 269 328 
 110: 368 359 370 317 351 343 344 291 287 340 265 331 349 315 318 270 336 273 357 275 345 367 310 307 346 303 300 325 320 328 278 352 366 341 364 347 293 296 297 290 342 286 277 271 372 266 330 283 327 298 267 302 326 285 272 311 281 289 269 354 332 282 335 353 350 324 308 301 309 338 363 329 313 356 304 362 284 294 348 268 319 292 337 321 373 371 276 334 360 314 333 361 274 306 280 264 322 374 323 279 288 358 369 316 295 339 365 305 312 355 
 99: 297 361 335 305 372 290 300 265 366 356 309 315 274 313 364 367 295 310 350 328 294 318 348 370 354 346 324 287 342 316 357 344 341 338 360 331 307 302 267 320 296 284 278 368 277 319 311 299 271 352 358 291 317 269 365 339 276 308 373 333 306 272 304 325 327 337 301 281 326 264 345 270 282 283 347 280 349 374 329 369 285 363 303 266 293 289 322 312 355 288 268 330 334 340 321 275 371 353 298 
 105: 347 316 374 320 270 339 288 318 329 365 330 369 273 295 364 360 265 292 368 328 317 286 367 371 350 303 349 284 294 321 342 345 335 304 351 333 281 336 290 267 301 277 266 337 293 373 354 298 326 283 278 291 308 338 353 327 311 297 323 325 352 307 287 271 324 348 362 315 357 282 310 268 370 332 305 312 361 359 343 302 341 299 344 309 269 340 274 279 334 280 300 276 355 319 275 306 346 363 331 314 285 366 313 272 289 
 97: 311 356 279 276 361 345 317 294 270 304 268 337 359 330 312 338 288 333 365 271 307 340 339 363 372 321 264 373 352 301 267 290 353 313 281 349 295 292 350 354 283 362 351 322 296 325 341 331 310 284 274 277 291 369 297 320 265 344 323 289 334 366 374 348 303 286 328 285 300 273 305 355 358 326 319 278 335 272 275 342 327 266 302 332 371 282 308 357 324 287 370 367 346 318 299 343 316 
 85: 304 353 346 308 290 370 271 310 306 367 293 278 349 339 355 322 335 274 297 343 344 298 357 296 365 286 311 359 280 277 369 330 264 291 336 294 284 327 321 305 325 268 372 287 316 341 373 328 329 347 312 360 289 315 352 324 363 267 279 281 273 362 331 338 320 301 282 374 295 323 314 337 350 354 299 368 319 300 302 292 371 265 361 275 364 
 98: 336 315 298 370 297 328 350 299 309 304 364 346 318 313 356 323 280 371 340 317 281 337 307 338 348 363 292 314 332 302 271 326 341 270 305 365 330 339 367 269 266 283 285 294 296 291 319 268 267 308 334 349 301 284 361 273 329 322 279 358 275 362 360 354 312 265 290 300 369 303 347 310 277 333 368 359 352 320 274 366 289 325 287 342 272 344 288 278 324 327 345 372 331 295 353 276 351 311 
 86: 277 336 298 290 364 331 316 311 297 330 332 320 356 315 278 354 282 291 365 304 339 284 349 314 295 266 309 307 279 329 294 280 269 268 347 288 301 303 363 350 343 319 322 374 270 370 300 318 340 308 367 306 346 345 341 317 272 323 333 276 328 324 267 358 338 342 287 360 327 285 312 296 292 299 369 289 368 281 344 313 321 293 348 286 334 366 
 110: 338 290 309 369 336 349 364 343 331 332 276 329 264 370 299 278 305 315 301 335 306 319 302 348 318 373 304 296 279 352 356 320 365 321 366 293 283 339 314 328 340 289 265 277 323 266 292 280 368 282 312 355 286 268 337 298 351 317 267 295 354 273 269 372 303 347 344 363 324 307 284 371 274 287 360 345 325 311 361 358 341 327 342 346 330 359 272 350 322 308 313 334 288 271 362 374 310 285 357 353 291 333 300 270 367 316 297 326 275 294 
 87: 340 270 306 346 358 310 296 298 326 343 299 363 308 321 272 303 311 266 287 350 302 305 345 294 283 335 333 359 307 300 313 342 322 370 349 344 336 330 348 297 291 292 312 268 331 366 267 325 332 265 271 309 317 277 355 314 367 373 360 323 284 362 264 320 290 354 353 327 293 328 319 282 365 281 279 341 339 369 334 368 269 286 338 371 356 374 278 
 92: 332 309 264 276 370 267 353 310 316 278 281 373 335 337 326 330 351 298 357 272 368 341 280 329 352 288 365 268 302 350 359 290 345 300 340 315 364 355 361 372 328 269 277 348 324 313 362 295 303 286 292 339 321 294 336 371 320 358 369 307 311 338 334 273 287 344 322 346 265 374 317 304 291 293 333 297 318 323 275 347 327 325 354 349 284 285 271 312 282 306 366 279 
 110: 283 332 286 373 270 292 295 372 265 273 311 285 371 296 356 368 334 304 287 351 339 294 341 355 358 333 342 302 271 359 329 272 298 314 321 366 306 328 346 319 343 360 347 320 274 340 291 301 322 318 279 308 327 312 309 344 369 305 353 352 290 367 267 338 350 323 348 361 335 330 370 365 363 337 324 288 268 300 307 284 316 293 310 264 278 362 326 315 364 345 331 349 276 275 282 266 297 269 281 280 374 313 325 354 277 303 336 289 357 317 
 106: 350 281 295 292 288 306 269 280 366 365 322 345 371 302 267 293 284 336 308 353 310 301 339 343 300 273 305 369 270 328 317 321 352 324 285 349 362 266 348 356 373 351 287 268 312 279 309 326 325 337 315 360 359 283 303 290 272 311 358 370 314 364 346 340 338 271 265 323 319 274 297 296 354 331 332 291 275 368 357 355 294 363 278 327 316 320 318 264 374 289 286 334 335 282 342 276 344 367 298 304 347 277 329 299 307 330 
 88: 341 302 366 278 294 318 299 280 306 364 368 352 289 362 369 291 317 370 292 265 350 340 335 328 319 281 273 314 358 356 305 275 351 271 339 326 324 286 304 349 297 284 348 357 360 347 372 337 276 315 296 359 321 325 333 363 288 282 290 353 293 277 309 332 311 307 316 361 266 310 346 298 295 287 269 323 373 327 303 365 308 283 270 345 320 312 330 272 
 103: 283 358 285 272 353 264 319 349 274 357 348 359 313 368 299 266 307 373 296 343 331 339 321 351 354 297 370 374 336 318 270 273 367 326 311 287 350 308 293 320 324 303 334 306 362 269 282 279 314 328 290 355 366 346 275 340 335 295 337 325 271 344 317 291 281 316 280 356 333 302 289 312 298 277 342 294 332 329 365 371 284 369 338 363 372 301 278 360 315 364 286 361 292 352 330 265 305 345 276 267 323 310 322 
 100: 352 360 266 308 276 367 349 313 281 362 311 330 314 267 356 345 344 265 354 307 304 327 336 271 294 369 302 286 301 348 351 347 323 280 303 269 274 322 333 342 353 340 371 338 279 372 332 283 309 361 295 334 335 289 324 312 273 264 299 337 343 293 275 310 287 285 373 284 339 272 288 341 319 290 355 315 296 365 297 270 374 357 364 329 316 358 320 277 317 291 370 326 318 363 268 305 298 278 321 331 
 96: 374 358 282 373 290 366 267 318 276 360 343 326 340 337 270 293 297 353 303 268 298 302 279 288 274 348 331 355 325 310 341 338 367 277 323 299 322 321 294 356 324 271 273 368 344 370 295 361 265 336 328 345 314 371 308 333 304 319 285 317 283 272 284 316 275 359 311 269 296 301 342 369 350 332 365 327 312 330 362 291 307 315 313 286 363 300 346 292 266 264 354 357 352 281 335 287 
 98: 342 316 364 340 333 369 310 277 321 266 332 294 357 280 279 298 349 311 291 272 343 331 362 303 365 351 324 307 371 327 275 281 267 353 282 293 335 315 296 372 273 308 319 338 297 287 356 271 288 363 374 274 334 269 323 270 373 367 354 326 345 285 314 341 344 283 347 358 317 300 306 320 268 348 346 330 355 368 359 309 370 302 304 292 329 337 336 290 328 339 276 322 295 299 284 264 305 313 
 86: 271 312 371 302 368 353 266 356 347 294 279 309 344 264 338 295 281 270 343 274 283 346 297 306 365 351 304 366 373 329 359 284 334 317 273 352 325 342 291 296 316 269 330 289 275 363 372 280 310 308 324 288 364 267 282 340 272 348 276 369 322 318 336 293 320 328 335 326 277 299 287 286 268 278 354 345 321 298 362 300 341 339 314 332 311 337 
 94: 273 297 324 370 369 363 265 374 342 268 353 284 349 314 365 293 346 345 264 283 290 327 307 298 289 361 313 271 316 356 291 335 350 296 347 285 269 358 292 274 344 286 321 332 272 328 371 330 299 278 306 309 368 303 341 362 280 351 301 281 329 302 275 295 373 319 308 305 276 333 315 270 310 339 364 359 277 323 320 311 334 304 354 352 266 366 357 287 318 348 337 288 340 326 
 92: 308 300 359 352 316 294 330 337 365 336 372 349 298 366 353 273 303 276 367 343 283 306 345 289 270 265 311 355 318 292 369 350 279 364 268 370 281 329 325 275 368 331 302 339 319 310 291 362 354 284 295 341 290 324 297 280 272 313 317 314 334 322 278 320 315 358 304 373 326 344 296 351 374 347 309 371 340 274 332 333 269 288 267 299 357 346 342 335 328 285 271 305 
 97: 321 324 341 271 312 330 362 336 304 331 344 323 338 348 318 301 296 270 325 354 303 302 292 269 272 335 295 307 369 351 264 277 365 340 305 309 299 268 290 334 345 327 294 367 319 337 314 311 329 333 285 274 347 370 357 291 339 300 265 313 346 275 342 278 288 328 322 371 368 343 298 317 266 306 326 283 308 374 267 366 364 361 363 289 279 358 276 282 320 372 297 359 284 293 273 281 373 
 101: 278 295 335 341 325 372 336 354 347 265 321 337 346 340 351 280 294 285 287 317 356 296 327 364 273 289 304 361 298 291 272 326 314 331 311 316 277 319 267 308 322 352 330 266 284 371 313 362 365 342 271 359 309 349 297 324 339 355 318 332 310 306 320 268 369 288 293 282 374 360 269 312 305 300 275 353 370 302 276 367 368 358 315 334 363 373 274 328 348 329 344 357 292 283 366 286 270 350 338 290 301 
 84: 294 274 289 264 312 330 291 360 313 323 358 340 324 332 342 305 370 344 266 296 354 352 292 336 326 348 320 328 364 331 298 265 287 338 325 310 319 371 374 276 355 322 334 356 273 337 365 275 311 349 270 299 362 285 269 346 361 308 315 268 279 281 282 347 301 302 367 293 267 341 369 306 357 316 350 314 321 271 333 297 373 304 309 368 
 101: 355 288 274 330 357 275 369 311 313 316 372 268 315 314 295 335 304 287 344 284 361 309 271 325 346 374 337 305 368 359 266 296 370 280 312 340 303 363 293 272 302 322 299 276 329 341 333 286 323 324 345 300 331 279 321 306 297 308 273 319 348 285 320 336 269 339 351 326 292 347 278 290 367 356 310 270 358 342 298 373 307 328 277 334 282 301 281 267 283 294 350 371 338 360 291 353 366 264 317 365 289 
 96: 302 343 361 330 277 354 335 270 321 311 314 275 269 350 317 306 326 358 291 313 369 366 301 297 360 339 345 336 332 310 298 272 295 355 289 371 268 284 346 324 300 273 362 265 305 274 356 276 315 340 329 288 287 344 342 308 264 278 373 309 322 351 367 280 282 286 370 348 290 271 365 352 281 327 318 338 359 331 349 299 328 353 325 294 364 316 285 283 323 337 333 320 347 266 312 368 
 97: 300 307 349 363 310 331 321 334 352 335 323 291 346 271 328 356 274 306 275 297 347 348 281 272 343 266 303 309 285 322 315 345 372 301 268 325 330 314 308 302 354 339 277 289 317 341 362 318 329 332 319 273 333 298 269 336 344 312 299 264 324 292 265 340 282 358 290 371 368 278 294 359 267 304 357 296 287 365 283 270 311 337 361 313 295 293 326 351 316 353 355 305 279 320 374 373 366 
 96: 348 285 363 371 281 372 270 352 320 351 326 324 297 278 323 318 293 283 287 327 316 299 358 319 289 341 311 266 282 264 294 305 325 279 290 356 360 265 335 350 366 304 340 333 364 291 284 343 346 359 332 370 272 295 361 312 273 280 303 344 336 353 315 357 322 310 306 339 298 368 317 337 345 296 329 321 331 292 313 347 373 274 269 349 275 288 301 268 362 308 354 365 367 330 374 369 
 102: 337 368 329 360 304 291 313 336 296 266 354 306 289 324 366 275 310 316 332 367 359 308 370 346 326 351 344 300 283 347 331 276 335 269 290 320 267 298 293 315 352 271 299 334 301 325 307 358 311 295 338 317 365 369 318 277 341 330 356 274 355 270 342 371 374 362 314 319 323 357 303 312 278 345 272 288 349 373 297 328 361 281 280 285 327 279 282 364 363 353 309 305 350 294 265 339 322 321 343 333 264 340 
 86: 362 291 278 301 373 357 279 280 309 356 342 348 374 360 368 334 315 312 337 325 351 359 324 265 302 333 363 327 277 344 331 289 349 314 268 292 323 294 370 286 318 326 321 297 341 353 264 361 336 288 365 303 364 281 307 306 266 293 299 271 296 345 317 366 343 287 295 358 316 272 339 267 330 273 275 369 335 350 322 282 354 372 284 300 298 313 
 111: 265 312 309 272 332 346 371 318 314 374 317 275 365 295 301 367 266 270 281 280 300 333 297 360 338 291 342 348 361 286 328 285 302 293 311 271 358 292 344 353 319 364 316 370 372 276 313 337 326 352 327 368 329 303 340 269 273 274 349 351 343 321 307 325 334 294 282 335 283 304 299 373 296 279 305 331 362 308 284 322 287 355 341 366 347 290 345 354 324 306 320 267 336 278 277 264 369 330 339 298 363 357 356 315 323 310 350 359 289 288 268 
 109: 283 287 286 368 339 273 346 302 282 348 344 329 322 310 284 274 295 332 333 342 361 264 340 314 313 328 353 366 351 364 335 341 330 317 331 355 363 338 356 318 370 327 316 277 290 266 350 326 285 312 272 279 294 291 374 288 324 349 308 271 315 336 337 306 358 309 305 278 298 357 323 293 373 289 354 269 365 280 352 304 371 307 300 267 297 320 276 345 281 296 311 362 343 334 270 275 321 319 372 360 292 265 301 347 299 369 268 367 359 
 106: 361 334 329 351 366 268 371 295 360 322 286 330 370 297 365 358 319 327 300 372 369 274 313 309 307 367 320 346 337 332 275 305 287 364 316 265 363 343 269 293 284 352 276 344 368 303 292 345 273 311 331 266 281 324 357 291 270 282 374 356 336 333 272 340 335 347 359 271 283 310 350 328 267 314 264 312 338 342 288 279 285 373 339 308 290 302 318 294 315 353 296 277 289 341 306 280 348 321 298 278 325 354 326 355 301 349 
 101: 299 367 279 346 282 271 272 373 310 332 342 361 290 294 334 370 344 365 363 317 320 302 298 281 355 289 314 318 273 325 296 351 300 297 278 328 343 268 267 266 322 293 307 311 339 286 277 330 345 341 359 295 372 329 269 362 333 352 360 280 312 287 357 316 285 321 358 313 301 350 275 264 292 353 366 276 336 324 337 283 368 369 364 356 319 274 284 349 374 288 354 315 347 306 335 331 309 348 305 270 327 
 107: 286 355 363 312 368 330 369 336 267 302 296 329 280 333 307 291 345 270 289 361 293 271 268 318 344 337 308 292 284 276 362 365 301 290 266 346 349 358 340 320 300 326 331 327 304 283 264 350 341 343 347 294 287 309 322 298 374 359 306 367 372 282 319 310 364 288 279 338 339 353 314 265 354 281 356 366 348 274 325 357 303 334 269 324 321 275 342 360 273 295 297 311 278 352 371 315 317 323 272 332 316 351 373 370 277 285 305 
 98: 297 289 295 301 272 350 309 329 276 335 312 319 374 315 334 354 304 323 325 356 268 341 307 331 372 285 368 292 322 369 353 314 270 348 310 366 357 358 284 290 311 306 332 339 344 355 338 308 278 336 371 317 328 267 326 349 273 299 367 346 303 363 293 324 345 342 313 365 351 362 364 333 360 282 281 305 340 266 302 277 327 287 343 370 330 298 352 271 288 286 347 264 291 279 337 321 265 361 
 95: 329 326 308 340 372 367 277 270 273 265 290 373 287 369 301 310 339 325 330 309 327 361 316 264 337 318 271 292 300 284 338 321 343 341 314 370 304 365 289 331 363 293 345 275 349 269 279 360 280 323 352 276 319 368 348 274 320 354 315 342 306 282 374 299 346 312 351 297 272 285 296 291 302 311 288 334 335 266 344 281 328 359 355 295 358 333 286 324 313 322 307 364 317 278 350 
 93: 349 315 292 302 265 281 314 274 317 324 355 272 328 267 372 283 289 368 321 335 298 285 326 293 275 282 327 294 264 356 291 332 278 300 360 347 306 363 343 329 330 366 271 280 308 273 348 288 341 358 286 309 276 297 287 336 367 359 371 313 268 320 295 277 310 322 357 342 374 312 334 266 340 344 352 316 284 346 350 301 338 303 290 304 353 311 351 370 296 369 269 307 318 
