# Data generated from a SDPTSP-E instance solved in two phases
# nbTasks=95, nbWorkers=72
# Random number generator seed = 0
Type = 1
Jobs = 95
 368 425
 370 480
 376 433
 376 436
 381 463
 390 478
 450 538
 465 554
 489 521
 498 601
 510 601
 519 586
 520 582
 531 583
 532 571
 560 673
 567 666
 574 644
 579 664
 579 671
 602 713
 670 746
 670 751
 676 731
 681 753
 685 803
 687 742
 700 800
 700 810
 704 814
 711 769
 718 835
 755 840
 757 812
 776 837
 785 831
 791 827
 815 859
 845 915
 847 943
 860 952
 873 905
 884 949
 948 1049
 979 1023
 988 1004
 990 1022
 1027 1095
 1048 1120
 1065 1102
 1077 1142
 1095 1168
 1127 1166
 1129 1247
 1136 1249
 1140 1215
 1149 1198
 1183 1205
 1186 1235
 1189 1232
 1196 1271
 1220 1237
 1241 1341
 1256 1321
 1263 1315
 1277 1330
 1277 1390
 1318 1416
 1325 1423
 1327 1443
 1329 1392
 1346 1405
 1360 1457
 1394 1437
 1395 1458
 1397 1473
 1438 1484
 1439 1469
 1453 1485
 1544 1620
 1556 1646
 1566 1676
 1570 1689
 1577 1682
 1640 1704
 1641 1686
 1660 1725
 1680 1790
 1684 1740
 1721 1827
 1727 1793
 1732 1796
 1735 1792
 1736 1836
 1824 1883
Qualifications = 72
 36: 18 1 2 27 11 28 20 25 19 6 32 3 22 15 16 29 26 30 14 23 35 34 24 12 21 36 13 8 0 7 4 5 31 33 10 9 
 36: 14 20 8 13 36 25 31 26 21 10 24 3 28 5 19 1 0 7 16 29 22 32 27 18 33 12 34 17 23 30 35 9 15 6 4 11 
 30: 32 26 34 20 1 2 31 33 11 8 23 27 19 6 14 16 15 25 30 28 36 4 13 7 12 3 35 18 9 0 
 32: 6 19 21 30 12 10 9 22 20 13 8 3 36 17 0 11 25 1 32 26 27 34 18 29 16 23 2 35 4 5 15 14 
 30: 19 15 4 25 33 29 18 2 13 31 6 14 27 17 22 11 1 0 28 5 30 35 3 34 24 36 32 10 26 12 
 31: 28 35 23 33 29 13 2 25 26 10 5 36 8 20 32 18 1 30 3 15 24 16 31 14 9 17 6 19 27 34 0 
 31: 16 24 2 8 10 12 6 33 22 26 21 23 28 19 14 9 32 31 27 17 18 0 34 11 35 1 5 20 15 29 7 
 30: 36 18 23 11 17 31 30 25 33 15 35 14 7 8 27 1 32 22 0 13 26 24 12 21 19 16 6 3 10 9 
 37: 12 2 35 10 15 20 13 34 31 27 23 24 14 8 26 3 16 5 29 30 25 4 18 36 0 32 28 19 17 9 6 33 21 22 1 11 7 
 37: 32 34 17 36 7 22 3 13 24 12 19 35 15 31 6 11 23 4 18 1 28 0 10 9 21 25 26 27 8 30 33 14 20 29 16 5 2 
 28: 15 18 10 11 24 12 17 13 34 21 2 36 6 31 27 16 29 5 28 26 9 3 4 0 25 23 7 32 
 34: 34 17 27 2 7 30 3 16 1 20 22 11 13 8 35 25 0 32 31 24 36 15 14 9 18 5 21 12 26 10 29 23 33 19 
 35: 0 5 1 17 30 10 32 27 24 25 35 33 4 18 7 15 21 6 8 26 13 16 29 34 22 36 20 19 28 11 31 12 9 3 2 
 37: 8 17 5 19 0 35 22 24 28 36 26 32 25 4 29 1 9 14 11 3 20 15 7 30 13 31 2 21 12 16 23 10 18 27 34 6 33 
 30: 35 3 33 31 24 7 15 25 9 5 4 29 13 8 19 14 32 16 17 0 11 22 21 23 36 28 6 10 30 2 
 33: 42 33 32 36 15 10 18 31 27 9 16 30 40 39 24 28 22 19 35 41 17 25 21 13 11 14 37 38 12 23 26 29 20 
 30: 39 15 26 30 25 14 20 42 24 38 27 36 9 11 22 17 35 18 37 40 32 8 31 12 10 29 19 13 28 33 
 29: 17 24 15 36 9 40 39 32 41 31 25 34 8 33 35 13 29 26 19 12 22 14 23 21 27 28 38 10 20 
 28: 10 20 31 38 40 18 13 15 30 26 11 27 19 12 24 8 23 39 25 33 35 36 32 42 34 41 21 28 
 27: 21 29 38 9 37 32 18 14 39 15 40 31 24 12 10 11 16 33 20 34 22 28 26 13 25 23 42 
 28: 29 21 9 37 38 32 34 24 39 10 40 12 19 25 42 11 15 28 36 35 14 26 18 17 13 30 20 41 
 32: 31 21 14 16 34 20 19 18 37 24 41 30 13 17 10 32 12 15 29 35 27 36 28 9 25 11 23 26 38 39 40 22 
 30: 13 36 8 24 28 40 15 23 37 29 30 33 38 18 26 32 25 12 20 34 17 14 27 42 35 21 19 41 39 16 
 29: 14 31 33 8 35 40 20 23 9 13 25 37 24 11 32 30 21 27 26 29 15 38 39 17 41 19 42 28 34 
 31: 30 11 38 27 26 8 17 34 42 10 22 40 18 13 37 20 24 28 39 12 19 36 29 15 16 23 25 33 14 32 31 
 33: 26 24 36 15 42 17 18 29 34 40 38 32 28 27 8 30 31 19 21 25 9 23 33 11 35 14 10 39 13 22 12 16 37 
 27: 22 30 35 29 32 9 36 20 31 41 26 28 24 21 37 8 40 16 17 39 13 38 42 34 18 11 19 
 31: 10 26 36 19 28 34 30 31 21 25 22 27 18 42 20 14 16 9 11 17 37 8 32 12 15 29 38 23 40 33 41 
 27: 15 29 36 40 8 12 33 28 10 13 38 16 31 20 34 26 42 23 11 30 41 22 39 24 25 19 35 
 32: 21 20 9 30 22 24 31 42 12 15 25 35 28 14 38 29 16 41 34 23 11 8 13 40 39 33 32 36 27 37 18 17 
 21: 44 53 57 60 55 58 50 54 51 41 64 56 49 42 48 61 39 45 59 43 52 
 21: 45 51 44 64 60 43 53 47 57 55 39 38 58 56 59 42 49 48 46 40 52 
 19: 41 50 45 38 53 43 47 39 56 60 58 61 54 64 40 52 48 55 46 
 23: 53 51 44 45 55 61 50 38 43 52 42 59 58 40 48 41 46 54 47 49 57 39 64 
 19: 41 64 55 60 61 38 56 54 51 48 39 46 43 58 44 45 47 59 42 
 25: 59 52 48 50 49 44 46 57 54 64 51 41 39 47 55 53 43 61 56 38 45 60 58 40 42 
 21: 55 51 46 59 50 48 47 41 38 57 43 45 64 49 53 54 56 58 52 44 39 
 24: 58 39 38 51 54 60 57 61 44 64 46 53 52 42 55 47 48 56 41 59 50 45 40 49 
 19: 58 55 52 43 41 44 47 64 40 42 53 48 51 50 39 38 54 46 60 
 22: 41 59 49 51 48 40 38 64 56 60 47 43 42 44 45 55 61 39 46 57 50 58 
 23: 60 54 38 44 53 43 56 52 57 47 45 41 64 51 39 48 46 58 42 50 55 59 61 
 27: 62 51 50 71 70 54 66 57 53 45 63 44 68 73 64 61 59 60 48 65 47 56 55 58 52 46 49 
 26: 44 59 66 54 60 57 50 56 70 46 65 52 45 53 71 63 64 68 62 48 49 47 51 61 67 73 
 27: 54 57 51 56 59 62 63 52 46 66 58 71 55 47 70 50 48 67 65 60 64 68 61 45 73 49 53 
 25: 48 64 68 65 58 46 49 54 55 45 53 52 50 59 57 63 61 60 73 51 56 71 67 70 62 
 28: 55 68 58 46 66 73 53 70 65 51 61 56 50 57 48 49 60 64 63 47 62 52 67 45 59 54 44 71 
 27: 55 44 62 54 65 66 52 71 51 63 59 73 56 68 67 47 58 50 57 48 46 61 49 60 53 64 70 
 27: 50 70 46 44 67 54 61 65 45 55 51 53 47 57 48 73 71 56 63 66 62 59 49 58 52 68 60 
 27: 52 58 68 73 48 65 47 60 45 63 54 49 53 59 62 70 71 51 46 66 64 61 56 57 44 55 50 
 24: 58 66 61 71 45 48 56 60 67 46 68 57 54 55 59 53 70 51 62 65 64 73 63 44 
 22: 45 55 71 61 58 48 57 53 47 60 65 51 52 67 44 68 63 49 70 46 62 59 
 21: 55 56 47 51 52 59 44 63 65 53 64 49 58 67 73 70 45 54 48 66 46 
 24: 69 77 70 76 71 91 78 82 86 80 75 72 81 68 90 83 92 87 88 74 73 84 79 85 
 24: 92 82 78 74 81 77 72 91 75 80 85 83 71 79 86 87 73 84 68 70 90 76 69 88 
 22: 77 76 92 90 91 70 78 71 72 79 74 75 85 88 80 81 87 68 82 84 73 69 
 22: 68 90 81 83 91 88 71 82 69 92 79 78 84 75 76 87 72 73 86 80 85 77 
 23: 72 69 84 91 78 83 82 85 77 73 75 79 87 68 90 86 92 71 70 74 88 80 81 
 21: 88 90 92 77 85 82 75 72 91 76 87 79 83 69 70 68 81 86 84 74 71 
 22: 91 83 72 69 74 82 81 80 92 77 86 71 84 73 85 90 78 70 76 68 87 75 
 19: 90 86 91 80 82 74 71 70 75 92 84 76 87 88 73 85 68 77 78 
 24: 88 83 74 70 92 79 77 84 69 78 80 87 85 86 91 71 90 76 73 72 68 75 81 82 
 19: 69 88 75 90 91 68 71 83 79 87 74 77 82 70 76 81 84 92 73 
 13: 87 80 89 83 82 79 78 85 90 86 91 94 88 
 16: 93 88 89 83 94 91 81 86 85 87 84 90 82 92 79 78 
 17: 88 93 91 94 89 78 85 80 84 87 92 86 82 79 81 83 90 
 17: 87 81 84 91 79 85 94 89 90 86 80 88 78 82 92 83 93 
 14: 87 92 85 79 90 88 84 89 93 82 78 80 91 83 
 17: 79 87 83 90 86 91 80 92 88 89 82 78 81 94 93 85 84 
 15: 88 93 91 78 84 92 79 80 82 87 85 86 89 90 83 
 13: 79 89 88 83 80 93 85 81 87 86 92 84 94 
 17: 84 92 79 86 91 81 87 89 85 93 90 94 78 80 88 83 82 
 13: 78 79 85 81 87 91 88 93 84 89 90 86 83 
