# Data generated from a SDPTSP-E instance solved in two phases
# nbTasks=217, nbWorkers=164
# Random number generator seed = 0
Type = 1
Jobs = 217
 369 481
 383 501
 394 447
 415 513
 417 529
 474 572
 480 594
 491 586
 499 580
 505 575
 510 572
 514 601
 526 586
 544 623
 547 639
 553 652
 553 671
 560 601
 574 665
 601 677
 635 718
 638 740
 642 686
 643 682
 655 731
 657 708
 663 728
 666 681
 680 748
 684 713
 691 711
 695 732
 702 763
 712 783
 720 802
 720 833
 736 807
 737 814
 782 872
 783 809
 797 895
 805 906
 843 918
 845 895
 884 944
 918 985
 927 970
 964 1074
 975 1083
 982 1083
 995 1101
 999 1098
 999 1112
 1004 1062
 1010 1103
 1015 1130
 1021 1093
 1047 1093
 1049 1091
 1049 1139
 1049 1163
 1060 1080
 1063 1106
 1084 1183
 1095 1213
 1096 1206
 1101 1214
 1103 1178
 1107 1141
 1107 1194
 1111 1142
 1112 1202
 1115 1172
 1119 1201
 1121 1233
 1129 1242
 1147 1181
 1150 1219
 1155 1244
 1157 1212
 1159 1257
 1159 1278
 1161 1208
 1161 1280
 1168 1243
 1169 1221
 1176 1215
 1183 1280
 1190 1246
 1196 1269
 1199 1318
 1200 1232
 1203 1314
 1213 1238
 1213 1328
 1214 1313
 1219 1271
 1224 1304
 1231 1317
 1233 1276
 1233 1316
 1235 1313
 1241 1349
 1242 1283
 1255 1305
 1257 1291
 1268 1381
 1278 1384
 1289 1374
 1300 1336
 1312 1428
 1316 1415
 1323 1417
 1327 1437
 1343 1400
 1349 1411
 1353 1423
 1356 1466
 1369 1481
 1377 1412
 1387 1441
 1390 1417
 1392 1437
 1428 1460
 1435 1480
 1435 1514
 1435 1537
 1435 1546
 1442 1561
 1446 1474
 1448 1550
 1460 1548
 1463 1578
 1481 1592
 1484 1582
 1490 1509
 1495 1563
 1498 1551
 1500 1591
 1507 1558
 1507 1626
 1508 1619
 1513 1566
 1516 1591
 1521 1636
 1523 1635
 1533 1563
 1534 1585
 1543 1606
 1544 1584
 1544 1661
 1545 1602
 1545 1658
 1550 1645
 1554 1603
 1557 1607
 1561 1665
 1562 1636
 1572 1665
 1581 1687
 1582 1631
 1583 1614
 1584 1684
 1587 1658
 1588 1702
 1593 1670
 1596 1678
 1606 1720
 1607 1720
 1616 1728
 1622 1700
 1625 1686
 1626 1744
 1627 1728
 1630 1744
 1643 1721
 1644 1734
 1645 1758
 1651 1695
 1652 1707
 1659 1720
 1666 1692
 1667 1782
 1668 1772
 1673 1743
 1678 1752
 1679 1738
 1679 1764
 1682 1777
 1686 1788
 1688 1780
 1689 1773
 1691 1798
 1698 1788
 1701 1771
 1701 1774
 1701 1820
 1703 1822
 1710 1778
 1720 1836
 1722 1762
 1745 1785
 1750 1798
 1751 1784
 1752 1805
 1759 1850
 1761 1875
 1770 1795
 1781 1839
 1781 1858
 1785 1881
 1792 1839
 1798 1914
 1801 1898
 1803 1912
 1824 1918
 1855 1915
Qualifications = 164
 30: 19 15 30 14 22 29 33 39 11 34 25 10 13 4 37 35 9 8 17 16 18 1 2 36 23 0 3 21 6 28 
 38: 30 2 11 39 13 8 29 7 23 37 10 9 15 24 20 27 21 12 3 18 32 19 26 31 35 36 33 16 14 22 4 6 25 34 28 0 5 1 
 34: 31 33 32 14 13 27 21 15 2 7 5 25 23 11 12 18 28 3 4 36 39 35 0 19 6 9 20 37 24 8 30 26 17 1 
 37: 13 16 32 2 29 11 33 26 8 5 31 17 36 10 7 9 1 15 28 35 24 27 22 21 25 30 14 6 19 12 0 37 20 23 4 18 3 
 37: 35 3 30 14 7 28 5 13 27 10 17 2 34 26 21 22 19 6 25 20 29 11 12 33 39 8 15 18 0 9 4 37 36 1 31 32 23 
 33: 29 8 16 18 5 9 31 19 12 26 33 22 7 21 3 27 15 14 2 1 20 36 6 11 10 4 17 39 37 30 28 25 23 
 35: 28 24 33 18 23 10 25 2 9 11 0 3 29 39 21 15 5 35 37 14 16 7 17 32 30 12 6 26 1 4 36 34 8 22 20 
 36: 26 17 2 35 5 6 9 28 8 21 3 24 13 1 23 14 34 39 31 19 32 16 22 36 27 25 20 33 37 18 15 7 10 11 4 0 
 38: 10 23 17 31 2 30 8 19 15 36 28 3 0 24 18 1 21 16 26 9 37 33 35 6 12 34 7 13 25 14 5 39 32 22 20 27 29 4 
 32: 21 6 0 12 19 8 2 4 20 39 28 36 32 1 14 11 27 18 37 10 26 29 31 3 7 9 24 35 17 5 13 30 
 34: 17 35 24 14 16 33 4 19 20 18 3 28 27 22 0 6 11 2 26 25 12 21 8 37 13 10 34 31 7 1 9 29 32 39 
 33: 15 0 10 3 20 6 4 16 9 12 5 35 8 13 28 2 7 11 24 29 25 21 36 39 31 22 37 1 14 18 34 26 27 
 39: 8 17 1 5 36 30 33 14 18 22 12 25 15 31 29 27 9 23 21 35 6 0 39 32 28 26 11 4 37 7 20 10 24 3 13 16 19 34 2 
 39: 1 33 6 39 25 8 13 4 12 21 27 26 20 37 32 2 14 30 3 18 31 15 28 9 29 22 24 19 36 23 11 0 34 35 5 7 17 10 16 
 37: 14 7 34 4 23 12 3 0 27 29 20 33 18 30 9 36 1 31 25 32 22 10 21 6 19 39 17 5 35 24 13 8 2 11 16 15 37 
 34: 6 37 27 19 18 29 2 4 17 3 20 28 24 12 33 7 16 32 21 22 9 35 30 8 0 39 1 5 31 10 11 15 25 36 
 36: 19 13 24 25 30 32 16 15 17 6 33 14 4 7 12 10 23 29 31 22 18 3 28 1 21 34 2 8 37 26 11 5 35 39 20 36 
 37: 21 6 13 16 33 34 14 7 17 28 35 11 23 43 26 18 20 44 15 30 42 25 27 31 38 40 22 24 19 8 39 9 32 36 37 29 10 
 33: 38 21 22 34 17 30 42 29 14 20 18 19 9 28 10 26 39 6 40 12 44 35 43 24 15 23 11 27 16 25 13 41 37 
 32: 34 35 42 43 38 20 41 24 40 15 28 18 36 44 10 12 37 9 22 7 27 14 17 32 31 16 19 6 8 26 13 39 
 38: 17 24 25 38 10 30 13 36 22 34 32 6 27 39 12 40 43 31 33 42 14 15 44 8 41 7 23 20 21 28 26 37 11 9 29 35 16 18 
 33: 21 12 32 42 24 37 25 19 33 40 27 23 9 8 20 35 6 30 7 26 11 31 17 18 10 14 36 38 39 29 44 16 13 
 30: 42 26 36 39 33 38 16 13 30 19 25 11 14 17 7 12 24 32 31 15 8 37 43 27 41 34 40 6 28 9 
 39: 26 35 37 39 11 18 27 30 28 44 7 34 41 38 42 32 22 36 10 43 17 21 23 6 15 25 16 31 12 24 19 9 29 20 14 33 40 13 8 
 39: 38 35 22 11 24 29 28 43 9 27 30 21 42 14 19 26 39 12 33 15 16 34 17 31 18 8 37 13 7 41 32 10 36 23 20 6 44 25 40 
 39: 18 39 20 6 16 32 36 31 28 26 29 21 24 12 41 42 23 43 17 19 40 30 9 14 10 13 38 44 37 34 33 22 7 8 25 27 11 35 15 
 35: 8 18 22 21 31 10 19 7 36 26 17 29 16 13 44 37 9 38 14 30 12 32 27 40 34 35 42 25 43 33 6 11 20 23 39 
 30: 16 8 25 24 41 44 19 33 39 9 37 20 15 38 31 35 43 17 32 36 27 13 26 34 28 10 30 40 14 42 
 36: 24 39 9 6 43 13 38 21 7 41 31 42 15 40 29 27 35 22 30 32 16 8 18 23 25 12 11 33 28 20 34 14 17 37 44 26 
 34: 33 31 6 23 16 25 22 34 24 9 43 15 20 21 39 35 41 40 10 18 14 28 8 26 42 13 19 11 17 30 27 38 12 36 
 37: 27 8 44 25 29 42 28 32 41 13 35 14 31 39 18 6 36 23 33 16 22 11 37 24 19 21 15 30 7 38 34 10 17 40 43 26 20 
 39: 28 21 29 12 7 44 19 38 36 31 34 23 17 35 27 25 40 22 39 16 30 13 18 33 15 43 14 32 26 41 10 24 42 8 37 6 20 11 9 
 37: 40 9 43 38 17 26 31 14 23 24 15 20 16 18 39 21 30 33 10 32 11 37 42 44 29 13 28 19 25 27 36 41 35 8 34 12 7 
 33: 15 24 7 42 11 36 28 18 14 9 25 32 41 23 31 13 38 21 19 37 43 17 22 20 26 12 39 35 33 30 27 10 44 
 48: 55 59 91 84 98 88 100 93 50 58 87 48 101 78 60 69 53 63 57 44 49 68 51 46 52 65 64 47 75 96 104 85 43 81 70 74 56 66 42 97 73 105 80 72 61 103 92 45 
 52: 80 70 42 85 61 101 54 84 87 43 77 81 47 52 83 91 59 93 69 63 72 89 99 105 100 66 65 82 49 79 92 51 90 64 68 86 56 48 50 55 57 53 60 71 96 44 45 46 104 98 88 75 
 60: 50 96 44 80 77 104 46 63 73 56 47 45 43 69 68 51 61 86 87 92 78 82 95 60 72 79 84 48 88 100 70 103 71 65 66 76 49 59 97 85 75 74 58 89 42 52 98 99 57 105 90 91 83 55 54 101 93 53 81 67 
 61: 63 91 82 71 95 93 58 100 59 92 87 76 80 70 96 51 72 55 90 44 69 62 52 67 65 104 77 99 61 75 83 86 68 79 66 57 42 88 98 81 60 85 54 45 97 101 84 74 48 46 105 49 56 103 53 47 43 50 64 78 73 
 55: 76 65 86 87 83 66 42 46 77 57 49 48 59 60 70 85 62 63 95 43 52 84 80 78 56 54 82 50 96 55 99 98 64 88 58 79 81 72 105 68 103 44 90 101 93 97 92 89 91 71 73 74 67 104 51 
 52: 73 47 97 80 48 57 49 89 90 46 69 55 100 71 72 59 98 82 56 58 50 70 66 74 64 53 78 45 85 103 54 62 95 91 44 93 61 83 68 104 77 105 63 52 86 65 101 84 51 43 60 96 
 49: 51 77 46 86 103 58 69 105 66 56 53 97 57 81 85 101 96 98 87 52 100 65 55 76 91 44 49 45 89 75 43 50 54 72 42 70 79 88 47 68 62 60 74 93 90 83 59 71 84 
 57: 68 52 89 77 83 71 53 105 67 87 92 60 63 73 65 74 55 56 81 72 100 62 101 104 80 54 103 64 51 58 79 96 98 78 46 59 57 66 47 44 93 85 91 97 84 88 69 75 50 86 99 76 43 90 49 48 82 
 47: 104 77 71 96 73 91 54 62 101 74 44 46 51 53 50 48 85 98 95 47 43 81 59 42 82 57 49 55 70 64 103 89 67 93 52 87 65 60 72 68 56 84 90 61 97 69 79 
 48: 91 101 51 75 97 96 65 63 90 44 61 52 78 74 93 47 60 98 87 89 68 86 81 79 100 54 70 83 105 55 95 77 48 92 82 59 73 58 67 103 69 99 57 66 71 50 85 84 
 51: 95 93 79 57 97 99 87 61 55 64 66 62 52 47 68 81 85 58 83 51 69 44 59 72 76 86 82 98 48 96 63 78 49 56 46 65 73 101 90 53 60 104 71 67 43 92 80 77 91 75 89 
 52: 85 70 97 71 44 68 79 52 56 83 72 73 65 62 42 78 48 104 59 82 51 74 92 95 55 86 63 58 98 46 90 101 69 84 99 50 64 88 81 75 66 80 53 54 60 76 96 93 87 67 57 61 
 61: 105 72 77 66 62 69 81 55 96 91 79 76 82 54 83 65 48 45 84 47 100 73 61 70 101 59 43 57 64 95 53 68 97 63 80 103 60 93 46 104 52 44 71 87 42 92 56 88 75 74 49 90 89 50 67 86 78 98 51 85 58 
 59: 81 100 55 75 98 45 43 70 67 74 91 83 88 85 73 92 53 48 86 71 93 42 84 65 90 104 82 58 101 64 49 79 44 57 46 69 78 87 60 89 62 103 105 54 96 95 59 47 61 63 99 76 68 72 66 77 51 52 56 
 47: 104 59 66 88 64 60 65 45 87 76 90 86 55 52 100 77 49 63 95 80 57 62 69 44 42 61 54 103 98 51 99 92 89 71 67 46 97 101 79 58 78 48 72 43 93 56 81 
 47: 89 76 67 83 87 68 78 97 58 44 73 45 77 65 91 74 53 103 104 48 81 70 63 88 49 64 90 71 42 59 54 92 50 55 99 98 105 93 66 51 80 47 82 96 61 95 100 
 53: 69 101 53 97 63 77 100 68 87 48 73 93 60 85 78 43 51 47 92 90 80 70 64 65 49 76 42 75 105 45 46 61 66 95 98 57 58 71 54 59 82 81 56 72 104 55 91 50 88 103 44 99 96 
 52: 98 82 49 69 89 63 73 91 60 88 50 45 68 78 43 59 87 51 48 54 90 77 66 62 64 47 42 99 52 79 71 58 100 92 70 95 56 74 84 101 67 53 55 76 75 97 57 104 81 80 103 105 
 56: 70 55 56 45 68 83 80 86 97 46 57 54 79 66 77 72 101 59 96 95 103 51 85 93 53 69 63 74 91 78 50 105 81 44 47 67 62 88 64 49 61 42 100 82 58 65 84 99 60 76 73 92 52 98 48 75 
 51: 58 86 73 78 72 49 100 87 93 53 99 48 69 80 42 81 52 54 70 79 50 104 89 44 46 96 64 82 84 97 62 68 56 66 55 75 90 83 95 91 101 60 92 67 57 63 88 61 76 98 74 
 51: 46 88 86 54 42 73 96 67 99 98 105 75 72 61 89 70 57 95 87 97 77 103 83 71 63 66 100 58 85 49 59 76 64 60 48 93 44 55 79 43 51 50 84 62 56 82 81 52 53 45 91 
 53: 69 56 77 91 90 60 85 86 64 92 96 45 100 54 71 42 58 53 46 78 81 97 50 98 82 87 80 74 48 66 104 76 95 47 51 89 84 72 88 43 52 83 70 75 103 49 63 99 62 105 57 65 61 
 58: 84 92 77 60 98 99 100 51 74 59 43 54 104 44 66 75 93 48 73 53 82 47 62 101 96 69 49 71 67 79 64 91 55 78 65 83 90 42 81 57 58 70 61 85 97 87 76 86 80 95 56 52 89 63 72 45 46 105 
 56: 87 105 42 72 80 45 92 78 89 68 100 75 77 98 84 79 104 61 65 55 93 56 101 53 58 81 66 49 85 59 73 54 50 48 96 95 52 76 57 91 63 83 43 51 62 90 82 86 44 47 71 97 46 99 74 60 
 50: 101 82 56 93 66 74 79 84 90 88 99 97 61 71 45 92 47 78 103 53 52 44 58 42 48 83 43 63 59 100 54 49 55 86 51 89 73 65 69 75 85 77 76 67 87 80 91 72 104 81 
 58: 92 75 65 88 103 63 95 61 87 79 100 48 77 47 97 78 80 50 90 68 43 89 71 42 91 99 52 56 45 82 104 57 83 101 98 81 70 86 105 55 49 64 93 51 74 62 58 66 54 67 76 96 72 53 44 69 73 84 
 50: 68 74 77 95 96 90 57 56 71 46 54 86 45 50 66 65 43 61 62 59 47 69 89 70 64 49 63 100 82 76 85 103 52 99 101 60 104 53 79 55 78 48 75 67 91 83 58 81 51 72 
 59: 80 63 68 67 103 70 75 50 92 74 69 86 42 99 44 58 82 84 48 60 91 49 52 88 61 98 78 54 77 55 100 46 72 79 87 101 104 71 90 81 95 56 45 53 89 76 73 66 62 85 59 47 93 57 97 51 105 43 65 
 52: 92 74 55 52 90 60 73 46 53 91 69 93 101 67 80 59 86 100 97 56 44 48 70 104 65 43 63 81 64 99 78 87 105 50 98 51 77 58 75 68 49 42 95 79 66 83 85 45 61 88 103 71 
 67: 113 81 54 74 100 73 52 122 78 112 72 103 57 75 110 68 80 49 90 94 107 96 51 66 116 95 86 59 121 69 92 102 87 104 62 83 98 71 105 48 119 63 91 50 84 85 64 76 65 47 60 55 97 93 70 88 111 58 101 114 79 67 99 109 82 106 56 
 65: 80 82 101 63 119 59 77 66 58 72 122 107 76 102 95 108 65 57 86 104 62 91 87 55 96 99 105 114 48 116 121 83 106 89 70 71 56 98 113 54 61 90 92 68 84 103 53 67 94 64 73 85 100 111 74 69 109 115 88 78 75 110 97 47 60 
 58: 87 104 80 73 52 82 119 64 115 60 61 53 57 113 108 101 74 86 75 103 93 68 83 109 96 112 70 102 99 77 63 98 111 105 107 114 84 106 121 58 69 65 90 79 81 66 50 89 72 97 59 94 88 67 71 78 122 95 
 61: 53 121 62 80 86 71 50 113 108 47 55 75 49 48 89 76 64 68 73 90 81 110 116 101 111 95 63 82 93 103 115 87 65 106 94 51 70 78 122 59 109 57 52 107 100 104 96 79 58 112 66 74 61 83 67 84 56 91 88 105 102 
 73: 89 104 67 52 54 59 86 55 91 74 114 106 51 57 79 72 101 107 65 97 48 115 66 77 80 113 116 56 49 98 99 122 81 87 85 93 96 75 71 105 92 103 82 110 109 50 63 119 78 73 70 111 60 100 94 53 112 90 69 83 58 95 61 76 68 102 84 64 47 108 121 62 88 
 57: 73 84 79 116 74 64 100 114 93 80 90 122 48 49 76 85 75 94 65 102 119 70 53 78 47 81 95 110 108 106 87 91 99 105 67 109 111 50 82 55 121 72 52 92 71 57 68 89 58 66 101 98 88 96 113 107 69 
 56: 67 87 108 105 88 89 68 109 95 47 81 86 48 91 122 102 71 54 98 84 111 52 104 50 115 59 79 65 100 78 83 56 69 82 53 103 94 76 110 66 106 112 74 101 61 116 97 90 58 49 55 72 114 80 51 62 
 61: 58 87 74 108 104 60 107 50 121 110 68 89 116 80 66 53 102 54 57 72 51 52 109 103 115 91 82 81 93 90 55 59 47 94 48 62 69 95 113 83 119 79 111 86 85 78 56 76 105 100 49 75 97 106 77 122 101 88 61 63 67 
 68: 77 87 95 89 116 99 70 58 111 103 59 105 86 71 80 82 66 65 122 94 113 76 51 119 109 90 55 85 100 62 64 84 67 61 60 63 52 49 88 48 112 108 74 106 102 75 96 78 81 121 83 98 104 68 53 110 114 73 69 107 57 72 97 79 47 93 56 91 
 63: 64 113 119 104 66 91 53 54 92 65 47 85 71 114 82 93 51 76 99 63 61 60 83 94 50 59 110 58 78 103 109 97 101 73 115 74 67 80 121 95 55 111 68 72 69 56 98 88 84 48 89 86 57 79 108 62 107 49 122 70 102 96 90 
 63: 102 55 104 121 97 112 72 106 70 49 69 61 64 95 83 57 52 60 103 76 58 114 99 110 75 59 67 85 89 68 93 94 56 74 73 71 48 84 50 92 119 81 53 66 90 77 98 105 107 108 122 116 115 113 86 91 87 78 54 82 65 62 88 
 72: 88 106 94 54 99 65 64 58 110 48 113 69 80 104 77 108 111 92 82 87 84 62 55 61 76 91 53 50 102 56 93 112 107 86 70 100 90 78 63 97 85 51 122 57 49 79 83 101 89 66 47 59 74 98 71 114 105 68 119 115 95 103 75 52 72 67 60 121 96 116 73 81 
 67: 86 111 110 105 85 49 53 90 68 55 100 74 88 65 82 56 76 60 71 84 83 70 67 112 58 103 107 95 93 80 104 81 61 63 62 57 51 50 114 59 47 69 92 102 52 121 77 73 108 122 101 54 87 99 89 96 75 72 78 115 119 109 97 48 94 113 91 
 67: 87 68 97 60 110 121 93 50 92 105 101 100 57 71 86 72 73 119 56 85 78 111 61 64 109 69 51 106 88 48 98 75 70 55 58 59 81 108 112 96 63 74 80 76 102 107 103 114 90 79 65 62 82 77 104 115 47 84 66 94 53 113 89 116 49 67 122 
 73: 70 122 91 110 106 84 67 72 99 61 69 58 92 102 107 116 87 74 73 114 81 96 60 111 90 94 113 76 56 112 66 63 98 115 71 83 97 95 103 62 65 85 59 80 82 105 108 47 89 52 78 53 77 49 109 54 48 93 51 55 119 57 86 50 64 100 104 79 75 88 101 68 121 
 73: 94 48 115 51 76 71 105 62 65 47 89 69 96 80 109 107 87 86 92 68 67 53 84 73 66 49 85 78 104 61 74 106 102 100 95 52 93 60 82 57 83 114 58 91 98 88 77 103 111 122 56 64 112 97 63 75 55 116 70 99 110 59 79 54 72 121 50 108 113 101 119 90 81 
 56: 51 98 72 78 100 119 66 107 62 105 114 47 116 71 79 92 122 50 89 81 99 97 75 77 54 115 55 74 121 80 52 93 94 108 103 95 58 57 90 84 60 109 53 82 101 61 83 85 69 64 112 86 63 49 56 48 
 61: 88 94 74 64 107 73 106 99 53 69 84 122 121 101 78 70 104 72 96 67 52 59 102 115 82 113 48 111 114 60 55 56 98 80 65 77 54 116 71 76 108 109 47 91 85 92 81 68 86 79 57 75 119 97 100 49 87 58 89 112 93 
 55: 93 59 57 76 54 90 63 74 49 92 60 80 52 111 94 53 83 107 101 58 119 65 103 109 106 95 78 99 105 98 51 47 79 71 87 67 81 64 97 77 66 55 91 86 73 68 104 56 84 122 110 121 50 48 82 
 55: 54 107 87 61 111 81 85 82 79 83 74 76 86 113 60 119 80 103 47 122 101 112 65 72 109 98 77 91 95 106 92 99 68 64 53 90 58 116 49 66 97 94 84 78 114 62 55 102 69 89 108 67 51 88 71 
 59: 102 104 64 60 103 67 79 115 113 121 82 87 71 69 73 47 58 70 110 105 99 119 51 68 111 83 96 116 81 57 85 80 84 90 53 66 86 72 89 54 92 75 97 49 114 52 78 61 76 122 112 107 108 50 88 100 65 55 63 
 61: 51 49 91 115 98 108 122 113 48 86 83 69 73 68 97 94 61 121 80 53 119 89 104 93 82 78 57 63 95 90 55 92 62 105 102 60 99 96 100 52 71 65 77 70 112 81 58 103 88 76 66 47 87 50 67 106 116 101 107 75 54 
 64: 108 73 58 47 100 81 93 113 94 87 61 99 115 109 86 64 111 50 68 77 83 79 85 91 101 65 121 82 96 75 76 122 78 119 90 54 107 69 116 63 102 52 103 59 112 66 62 110 114 88 105 49 53 67 57 106 55 70 89 60 80 84 95 56 
 58: 50 80 67 108 109 87 79 83 110 105 85 102 56 116 58 107 60 97 49 96 52 66 93 111 64 59 114 89 98 82 92 81 91 106 119 113 115 101 51 77 54 76 78 88 95 63 84 104 86 53 122 61 73 99 71 68 100 65 
 70: 50 63 105 108 73 62 96 121 94 83 89 59 114 106 110 90 109 98 76 65 100 115 103 55 107 67 104 80 64 116 58 75 70 77 119 87 97 99 84 71 112 81 88 93 92 61 56 95 122 47 54 113 91 102 74 85 86 48 101 82 60 69 111 66 52 68 49 57 51 53 
 56: 121 47 91 83 89 48 64 67 119 82 70 75 87 111 61 81 54 76 55 79 106 88 92 74 105 112 99 97 104 84 77 98 115 57 114 59 62 66 69 110 95 60 72 49 58 96 122 94 73 71 86 101 109 102 103 85 
 73: 84 75 99 105 97 122 57 119 115 79 100 66 109 73 49 89 82 77 91 62 92 55 64 102 51 107 52 47 111 74 48 56 68 86 114 53 104 67 87 88 98 65 50 81 59 76 112 96 90 80 113 54 95 71 121 93 69 108 106 101 83 78 60 103 110 63 58 70 72 61 116 85 94 
 73: 82 56 107 109 87 89 53 103 75 60 84 105 108 92 95 119 77 110 80 57 96 68 76 73 50 81 63 99 112 116 97 55 101 51 47 115 86 72 48 61 66 114 93 113 90 74 91 67 88 121 100 104 83 111 98 70 62 78 49 52 71 65 122 102 58 54 94 79 106 85 64 69 59 
 60: 101 76 71 80 73 108 121 61 67 58 53 114 89 64 72 57 54 68 84 48 75 66 116 79 105 110 98 94 122 55 52 63 92 119 78 99 113 69 51 77 96 62 70 47 49 95 112 100 60 107 102 106 93 90 85 97 111 86 88 81 
 77: 116 152 187 163 153 134 123 162 145 117 124 182 139 183 170 193 148 172 159 180 141 160 165 171 113 132 173 166 156 155 130 157 136 164 128 112 126 207 201 178 119 200 191 146 125 186 149 142 115 194 127 144 198 181 185 188 189 192 120 169 158 150 118 190 179 168 174 177 143 161 129 176 137 151 140 203 195 
 81: 144 128 120 180 188 149 118 143 159 145 148 126 113 187 134 165 172 152 164 178 146 193 194 158 190 154 162 127 202 136 161 181 192 189 130 137 184 185 151 125 166 135 142 150 139 174 112 155 163 122 171 179 177 131 116 121 200 186 201 175 156 115 123 195 176 157 133 167 140 169 119 117 132 182 129 173 153 160 114 138 191 
 90: 177 169 154 184 143 137 185 175 174 122 176 152 178 113 202 171 123 194 183 131 187 119 156 116 181 190 125 142 127 136 145 115 112 114 179 186 173 117 159 128 134 170 135 161 200 138 146 162 132 157 193 167 191 124 133 163 165 189 151 126 172 141 188 144 129 149 195 166 168 150 160 158 120 118 147 148 180 121 203 139 201 130 140 155 207 198 164 153 182 192 
 74: 192 150 114 188 207 179 117 120 151 200 141 129 152 123 119 193 144 158 135 113 149 156 161 174 194 128 145 132 133 201 190 118 171 167 178 163 153 191 172 169 170 130 142 143 180 164 183 154 157 187 134 125 184 148 127 124 136 162 137 155 189 131 175 139 122 165 203 146 112 186 160 140 116 126 
 83: 133 114 167 166 123 138 119 182 190 169 179 112 174 159 115 170 176 136 161 137 185 156 124 188 164 157 193 181 207 168 150 144 192 175 173 187 155 121 130 165 132 125 177 154 162 122 151 127 126 198 200 171 201 203 191 163 139 149 131 147 141 128 117 135 118 202 183 184 194 153 172 143 113 195 134 140 186 145 120 129 180 152 142 
 81: 165 120 154 145 130 160 194 135 183 128 119 122 200 129 141 151 190 187 142 125 163 158 132 189 161 157 146 137 175 192 155 127 184 166 203 152 123 198 177 195 201 112 162 174 168 131 179 181 147 172 113 170 164 182 140 150 144 207 124 133 148 191 118 169 176 114 117 178 126 136 116 202 115 188 159 193 138 149 186 134 156 
 82: 185 155 169 148 153 144 201 165 180 128 134 186 200 147 170 179 189 191 157 138 198 112 121 129 162 126 140 194 166 122 181 119 168 115 167 135 188 137 145 150 124 183 176 118 139 161 177 152 173 190 146 184 159 123 141 195 203 175 182 133 171 114 156 193 187 172 113 160 116 154 117 202 163 158 174 207 178 120 164 130 132 127 
 81: 181 116 194 151 127 207 182 122 148 126 173 195 139 123 119 124 153 174 169 164 184 154 161 178 131 193 112 185 130 159 113 117 189 118 125 143 136 142 135 167 168 133 198 150 145 183 165 160 137 163 155 191 158 146 172 140 192 157 187 202 128 188 132 138 186 121 190 162 170 180 156 179 177 120 166 200 203 171 129 152 201 
 86: 198 201 127 191 151 124 161 136 125 134 121 130 178 140 152 193 120 188 132 176 207 159 143 139 164 168 185 123 131 122 169 118 162 187 184 158 145 148 150 154 195 157 117 147 155 135 203 183 166 192 112 190 137 171 186 119 189 142 129 160 180 149 177 113 144 172 200 133 128 126 173 146 141 167 114 163 182 170 174 115 194 138 202 153 165 175 
 76: 154 131 122 121 130 144 184 168 158 151 134 148 115 169 189 147 112 128 157 163 170 182 139 193 129 194 173 198 195 140 114 181 202 162 155 116 191 127 125 188 186 120 165 183 166 207 160 178 113 190 175 203 142 185 132 156 119 133 201 164 192 174 143 145 200 137 124 159 167 123 180 153 150 149 141 187 
 90: 112 164 138 185 187 193 134 179 172 113 186 161 145 140 171 189 190 160 202 191 122 174 147 136 129 137 201 117 157 170 169 133 154 118 139 188 135 126 165 153 163 116 132 183 166 156 144 142 125 127 180 131 198 176 115 181 207 141 146 195 162 148 120 114 128 194 152 184 177 143 167 119 173 151 178 182 149 159 130 192 124 158 150 175 203 121 168 200 123 155 
 89: 114 202 164 128 146 161 113 159 134 116 182 187 119 123 120 198 154 127 184 118 180 166 122 176 175 183 130 189 143 173 140 126 162 158 186 133 117 153 169 129 165 171 160 200 131 135 132 152 192 125 168 194 163 137 145 148 112 190 179 147 170 150 157 178 121 155 144 139 172 156 207 177 141 138 203 115 191 195 174 167 142 149 188 124 181 193 201 151 136 
 81: 131 128 170 187 149 179 155 177 154 112 133 184 164 200 173 183 117 167 123 150 121 190 198 157 116 156 132 138 118 174 175 194 158 115 195 163 142 124 141 160 169 192 126 151 148 147 166 207 144 119 203 129 185 146 186 143 125 135 159 136 171 161 140 176 180 130 122 191 162 137 178 153 182 172 114 181 113 168 193 134 202 
 71: 176 141 124 202 152 134 180 137 119 142 135 195 116 175 123 126 155 174 147 115 144 189 161 129 138 198 130 156 159 172 165 122 201 170 112 149 166 162 121 173 127 128 185 117 183 193 182 132 178 133 118 167 148 139 177 120 200 113 194 160 151 192 190 207 188 171 169 203 191 131 143 
 76: 163 116 121 167 173 201 137 166 115 193 162 165 136 203 150 153 160 185 130 164 138 151 123 202 195 183 188 154 156 170 176 128 171 114 126 186 168 124 207 169 191 147 141 182 194 146 178 144 179 200 180 175 131 129 122 145 143 189 118 158 181 125 140 190 198 134 112 152 148 132 135 117 174 187 155 149 
 69: 171 191 142 166 141 128 170 162 192 160 148 200 137 150 181 165 132 156 152 154 130 189 186 178 185 179 182 131 203 129 140 168 201 190 172 183 151 177 144 125 202 124 158 139 123 187 207 138 184 120 115 169 180 157 126 173 136 159 118 149 145 175 153 167 127 113 147 122 176 
 87: 123 135 113 183 155 187 152 172 145 119 190 156 178 166 198 193 120 125 147 167 185 192 131 134 207 118 159 124 164 194 151 149 195 175 129 141 112 202 143 176 148 144 180 146 203 136 150 130 163 114 168 138 137 161 186 177 122 189 153 160 171 140 181 139 133 121 117 154 116 157 182 128 169 191 115 142 188 201 162 132 179 184 200 173 165 127 158 
 80: 183 177 143 131 182 166 185 137 133 156 115 175 162 112 128 174 146 135 193 170 184 136 121 171 192 172 120 140 203 122 164 132 159 147 190 126 160 144 169 191 130 116 179 153 201 124 151 152 149 145 150 148 139 161 123 118 117 154 141 127 180 114 176 202 155 119 165 195 188 158 181 207 200 186 189 134 129 163 194 138 
 81: 161 178 151 125 207 171 150 112 183 162 126 179 117 146 172 114 142 164 131 174 193 144 133 153 121 182 159 180 203 147 169 123 115 166 201 158 139 135 155 141 187 127 177 140 189 128 184 181 136 192 122 185 157 145 160 154 170 186 119 167 195 194 134 202 190 176 138 124 120 188 175 168 200 163 198 149 137 113 191 132 152 
 72: 137 119 198 141 118 200 146 130 135 194 115 148 168 161 202 162 129 176 192 134 112 142 136 188 144 131 172 127 123 126 164 189 191 139 186 195 180 121 138 174 157 145 203 179 120 185 128 125 140 182 132 124 158 147 175 207 184 122 201 143 152 170 187 151 167 181 159 153 169 149 171 154 
 86: 138 168 149 118 113 137 127 180 203 155 151 179 174 115 143 157 167 190 160 128 144 171 153 117 123 176 156 200 154 182 193 129 125 122 170 201 124 181 126 150 175 184 158 119 192 147 120 198 178 195 194 130 185 164 131 132 169 148 183 140 187 188 159 136 165 134 173 162 141 116 135 152 133 166 163 207 189 191 146 114 121 139 177 112 161 172 
 79: 149 145 146 143 181 112 187 148 170 136 190 137 200 121 135 161 158 185 147 133 128 127 194 134 140 157 131 179 122 176 177 195 173 115 159 164 160 166 132 171 175 198 168 130 151 120 162 153 144 118 116 183 202 178 117 191 186 129 125 154 150 167 123 189 156 174 113 182 184 165 188 141 163 207 138 126 201 124 172 
 75: 126 155 165 141 117 136 202 137 116 193 120 157 113 139 128 186 179 174 163 183 172 191 167 160 134 146 198 175 133 168 138 207 162 145 195 166 150 192 154 119 147 112 149 182 188 200 142 144 156 158 130 171 180 114 140 187 122 135 115 143 131 181 129 159 189 169 170 161 185 132 125 177 123 164 153 
 90: 185 145 192 179 151 176 117 132 115 178 144 147 175 120 113 155 146 170 131 121 143 194 184 183 165 163 198 125 200 177 126 157 186 172 122 141 129 180 135 133 118 171 149 161 128 189 181 139 160 124 136 203 162 193 168 127 130 152 153 148 140 156 150 201 154 188 182 169 142 187 166 119 173 195 116 114 190 207 123 138 134 164 174 112 191 158 159 167 137 202 
 77: 179 155 158 126 195 124 141 125 202 154 188 146 117 170 121 137 180 116 152 178 119 182 128 160 127 138 201 191 112 150 140 186 122 162 177 143 164 183 203 163 135 123 156 184 115 171 149 114 120 169 142 147 133 153 207 157 185 175 136 129 168 134 172 130 165 193 145 190 148 167 139 166 132 194 118 144 192 
 79: 117 179 169 200 157 156 127 125 175 146 150 185 187 180 195 166 144 178 188 186 198 158 116 164 189 154 202 192 113 141 112 152 122 155 184 142 163 123 201 170 143 183 114 137 136 121 134 135 139 172 168 120 203 151 132 119 191 162 161 194 147 177 128 165 182 145 130 149 131 174 124 173 160 133 190 181 159 140 167 
 86: 183 130 184 146 195 178 156 143 147 189 125 191 160 151 181 169 139 172 115 133 158 122 161 162 137 165 120 126 117 114 168 170 123 200 141 118 171 142 180 124 144 138 207 187 132 185 188 149 192 163 155 176 203 164 198 152 119 167 140 166 153 193 148 182 174 201 179 135 145 116 157 175 177 194 136 173 186 121 159 113 150 128 129 127 154 131 
 88: 190 127 191 120 181 136 145 126 167 157 156 150 129 123 130 146 163 115 175 193 189 134 159 165 172 141 152 186 151 201 113 149 160 144 192 131 132 143 171 183 154 188 116 180 158 122 112 168 153 140 176 162 200 207 169 135 185 142 187 147 137 170 178 114 161 121 194 117 179 125 155 203 139 138 184 148 118 124 164 202 128 119 182 174 177 133 198 166 
 81: 118 132 131 192 112 152 161 203 182 149 147 130 174 180 187 193 181 127 165 144 154 134 175 145 186 122 202 146 194 166 195 129 184 115 125 121 117 128 191 185 176 207 164 138 137 158 153 119 113 162 163 173 198 151 136 124 167 188 183 169 155 141 177 142 133 178 150 156 120 189 157 170 160 135 159 179 139 143 168 172 171 
 77: 181 117 193 157 142 120 201 154 175 161 179 192 139 200 113 131 155 127 119 116 165 124 183 188 141 159 203 136 148 153 137 190 118 174 129 191 133 149 156 132 162 121 150 184 125 182 198 172 194 170 147 130 158 168 138 207 186 163 145 178 115 187 128 167 123 122 169 189 166 180 146 143 112 164 151 185 177 
 89: 152 198 163 151 125 170 203 190 123 166 122 133 139 138 127 194 137 156 178 201 131 112 195 158 128 165 114 189 144 173 140 191 161 130 146 149 162 171 136 177 147 116 167 115 188 124 119 168 153 113 159 207 143 184 120 200 126 121 180 150 186 202 183 193 155 154 157 181 176 185 141 164 135 142 134 175 148 118 132 145 160 187 117 192 169 182 174 179 172 
 76: 158 119 140 135 131 134 202 188 154 157 168 124 201 137 125 194 132 159 152 160 167 182 156 138 191 130 164 143 139 162 175 145 173 115 170 203 189 163 155 127 122 177 172 193 200 133 121 184 153 141 187 146 178 179 166 112 113 165 181 161 185 207 198 174 117 180 118 120 150 190 151 116 136 149 176 128 
 80: 192 193 198 135 167 173 153 157 133 187 139 178 151 203 169 189 191 163 172 142 143 176 183 138 118 200 158 182 117 207 194 184 125 137 202 171 122 136 188 156 185 140 123 132 148 129 159 149 190 179 147 116 120 152 146 174 145 168 160 161 127 164 181 141 201 154 113 186 144 155 115 119 195 165 121 128 170 124 180 114 
 89: 157 162 181 178 207 194 113 126 130 124 187 153 158 122 145 112 186 200 134 116 119 139 201 160 188 154 131 146 165 189 147 144 115 114 149 166 185 117 168 184 125 151 174 180 136 150 164 129 121 173 170 135 179 138 161 191 143 156 203 148 202 140 192 182 193 118 195 155 127 198 128 169 176 183 167 159 132 141 190 120 163 142 172 123 152 171 175 137 133 
 71: 117 192 157 170 129 203 167 201 143 179 185 172 171 115 200 187 183 207 142 156 165 180 140 159 118 164 202 193 132 144 173 119 128 178 141 177 123 174 161 137 186 189 195 181 194 168 190 152 158 138 125 154 130 182 127 198 126 169 184 145 116 162 163 153 148 191 147 151 121 176 155 
 88: 120 177 146 162 144 164 194 138 185 172 132 128 116 121 182 184 114 207 187 192 145 180 137 186 117 157 149 175 130 140 153 141 135 203 170 154 118 122 168 148 201 165 173 167 113 119 191 179 123 190 133 200 193 139 150 169 189 124 129 156 181 174 134 202 143 160 112 163 176 158 188 136 127 198 171 183 161 125 151 142 126 159 152 115 178 147 131 166 
 85: 174 208 130 163 185 214 166 150 194 178 162 169 133 213 179 192 164 140 198 184 216 215 182 195 156 155 151 142 188 203 145 136 157 154 180 144 201 199 167 141 176 189 128 143 160 183 139 170 207 187 158 200 196 134 135 168 159 177 191 171 138 186 190 205 181 161 211 209 212 165 148 146 152 173 204 149 153 197 172 131 210 129 175 132 147 
 68: 160 136 213 154 128 149 156 150 214 157 135 163 173 204 196 201 188 216 202 206 174 210 195 172 168 147 162 140 187 170 179 191 175 148 199 139 193 161 143 178 158 203 137 134 142 194 189 166 151 131 177 215 171 205 153 180 190 197 155 130 209 146 182 165 181 145 212 185 
 67: 158 152 182 210 197 157 132 196 208 173 153 155 201 170 144 215 213 156 191 205 162 178 190 171 165 160 198 129 167 211 181 146 184 133 175 143 148 193 186 185 140 194 138 176 188 203 166 128 179 187 130 142 134 151 137 209 204 199 202 206 163 216 164 147 136 214 174 
 84: 153 156 215 157 154 199 171 207 210 177 214 147 143 145 198 130 164 185 183 129 159 169 138 205 166 189 141 128 132 197 204 180 135 176 131 213 150 206 139 201 193 142 134 191 162 136 187 192 182 194 208 203 167 165 152 168 190 179 211 148 202 216 195 151 144 181 200 186 175 133 209 163 146 184 173 196 170 172 140 188 212 155 160 178 
 83: 162 201 206 212 211 198 213 191 141 148 136 146 181 189 216 194 175 185 207 135 138 171 202 180 165 147 214 190 192 167 158 199 159 153 208 196 193 183 150 170 172 197 151 129 210 152 205 131 179 157 169 182 130 177 200 137 134 144 164 173 186 168 145 195 143 156 161 203 133 139 204 215 160 187 166 140 188 178 184 132 142 209 154 
 74: 212 206 137 200 128 179 142 188 186 143 141 174 182 195 166 170 175 202 144 192 138 214 204 209 216 193 163 194 178 150 145 199 151 130 198 207 215 147 129 152 153 213 160 196 191 180 149 164 159 139 131 172 146 184 134 208 181 133 183 197 203 171 158 148 168 173 185 156 176 187 157 155 154 190 
 74: 195 167 185 146 148 177 172 178 213 211 205 201 151 198 156 133 215 149 199 138 191 171 129 155 163 166 179 159 183 165 157 161 140 182 160 188 209 193 200 180 206 173 158 145 130 214 186 196 176 204 139 210 197 169 192 142 189 135 168 132 152 190 154 174 181 153 194 203 170 143 164 136 208 144 
 88: 204 144 205 181 177 156 163 153 208 174 152 129 164 165 143 128 154 200 201 189 135 198 145 185 190 211 182 149 161 160 178 141 192 151 193 137 155 194 167 173 179 168 170 140 215 176 169 139 196 171 158 166 150 212 138 133 187 130 207 202 209 210 184 162 188 186 142 132 148 131 216 157 175 134 183 147 159 214 206 213 180 203 199 195 197 136 191 172 
 83: 151 166 148 157 175 156 214 153 135 133 205 207 162 196 183 155 146 179 159 161 184 150 165 195 210 180 172 152 185 209 204 169 190 189 213 193 202 181 203 174 129 141 177 163 149 132 194 176 131 199 187 140 173 154 216 171 188 128 164 142 215 138 212 167 136 192 134 130 143 158 178 145 211 201 191 186 197 170 198 137 147 208 160 
 85: 133 149 153 128 135 187 145 161 168 171 206 204 201 131 142 185 157 177 137 154 207 188 209 210 132 143 213 195 184 197 156 144 183 152 155 178 134 141 158 163 179 170 205 175 173 174 166 193 150 129 180 208 192 190 194 151 198 160 191 140 167 200 162 215 165 164 216 172 169 138 147 182 189 136 176 196 203 148 214 212 211 159 146 186 130 
 77: 200 215 177 173 190 169 145 159 180 206 205 186 192 156 196 211 138 172 191 136 135 185 181 201 166 143 131 151 153 188 149 209 134 175 165 161 132 197 163 189 164 178 167 184 179 204 155 203 146 128 199 129 152 170 160 162 182 158 174 207 168 157 198 141 148 202 147 216 154 142 176 193 210 171 144 139 137 
 76: 130 189 164 195 168 172 208 204 129 177 174 173 145 167 160 205 200 213 180 196 211 133 146 131 147 143 151 181 184 203 209 138 186 197 157 190 148 165 158 185 214 137 199 136 128 210 154 192 159 202 156 150 134 149 206 198 212 170 176 142 175 155 191 207 178 153 140 171 215 139 188 152 163 179 135 141 
 79: 192 194 200 167 178 212 164 168 189 132 147 191 159 208 215 207 171 140 181 197 173 129 153 138 150 166 198 146 216 130 182 202 160 190 170 163 157 137 179 210 203 136 195 161 149 174 193 172 158 209 188 201 139 165 148 204 214 143 196 177 169 180 154 205 144 199 145 131 135 186 162 187 206 175 211 155 151 133 156 
 85: 159 143 139 197 180 163 188 154 192 137 129 151 173 168 212 176 209 130 216 165 141 161 208 160 201 158 183 191 175 135 132 136 138 198 211 184 210 186 194 190 199 162 189 134 140 156 169 128 206 179 166 149 193 142 181 153 157 205 203 213 152 215 187 204 172 145 182 195 148 178 155 170 171 147 131 202 214 185 196 177 207 167 133 200 174 
 69: 194 153 201 193 197 208 187 191 128 130 180 165 167 132 211 177 168 189 162 207 216 173 131 182 214 155 157 184 134 179 169 199 164 160 206 176 192 129 133 183 213 144 178 185 139 148 212 209 163 200 150 202 215 166 156 141 151 204 188 142 205 181 154 143 138 171 161 170 175 
 70: 179 216 199 136 184 183 158 175 213 200 182 194 167 211 201 156 149 214 189 145 129 164 190 140 203 162 128 208 173 198 168 176 135 205 157 196 188 144 206 186 180 193 137 139 150 185 134 163 147 207 151 177 160 165 202 215 178 170 192 161 146 197 172 191 143 154 133 174 153 195 
 80: 145 154 160 161 181 131 128 183 185 173 177 142 213 168 203 158 179 197 164 189 172 192 175 205 184 200 149 133 141 143 152 176 140 212 194 215 129 132 188 198 155 209 134 178 138 137 150 202 174 211 199 169 196 206 182 153 146 136 151 191 180 144 148 216 162 207 130 190 147 159 214 204 193 167 208 201 156 170 157 171 
 72: 179 206 155 200 151 209 152 149 178 203 211 162 192 165 187 153 180 202 129 138 145 188 154 197 168 176 131 177 173 139 134 185 175 191 171 189 148 146 137 169 194 166 214 170 158 136 190 150 133 132 186 163 128 159 141 156 174 196 199 210 201 143 135 142 147 157 140 181 198 216 215 130 
 81: 204 187 150 165 147 191 143 152 185 175 157 216 160 129 173 174 133 154 159 208 183 146 196 190 134 215 135 156 214 197 179 201 206 145 141 176 164 172 148 151 149 195 213 188 136 128 158 203 142 199 162 186 166 178 184 200 205 153 170 210 193 182 189 211 171 140 139 130 169 137 212 177 131 181 161 207 192 163 198 138 168 
 74: 208 135 158 154 188 151 171 187 196 132 143 174 177 148 181 180 202 204 179 152 160 165 197 142 137 139 161 205 216 153 173 189 210 207 203 185 182 199 146 191 176 168 194 193 183 141 169 145 155 167 209 157 162 195 138 134 147 172 164 170 136 201 150 214 140 213 186 149 131 211 159 133 163 212 
 75: 204 131 132 185 171 179 161 177 153 160 175 165 189 193 191 156 158 138 141 178 143 154 147 136 142 164 182 169 186 144 200 130 149 168 140 163 167 190 210 187 205 152 206 139 194 145 181 199 216 166 151 197 133 162 208 215 176 202 192 203 173 211 196 174 157 134 201 188 195 212 135 128 213 155 148 
 67: 183 159 132 141 201 187 160 197 200 199 189 213 167 208 135 157 207 154 130 196 211 128 177 156 168 212 136 216 193 142 195 133 166 174 184 138 179 134 144 151 188 152 204 149 165 163 194 180 164 190 161 172 162 137 185 129 182 198 215 176 146 158 186 143 170 203 148 
 74: 131 186 185 161 193 182 153 134 137 147 215 190 209 195 129 148 213 171 136 203 132 199 206 145 176 139 216 138 173 143 192 159 208 156 162 177 163 204 141 197 207 178 211 188 135 154 212 174 179 202 169 140 166 151 165 130 157 200 194 184 210 180 164 214 205 128 187 142 183 167 133 150 198 175 
 74: 174 204 215 195 157 149 138 141 163 186 145 209 128 184 205 216 160 147 185 192 189 134 169 211 212 137 132 207 193 202 196 180 130 166 144 188 148 203 159 175 136 187 191 183 139 140 165 152 156 173 142 168 172 167 177 178 154 194 201 182 133 198 200 164 135 143 171 146 206 161 170 190 153 214 
 67: 157 195 178 193 142 205 167 150 210 160 144 128 171 134 165 208 169 159 188 166 186 161 212 162 140 206 181 209 173 139 132 192 137 177 211 149 184 133 154 196 156 214 189 148 175 172 152 143 163 216 158 197 129 190 191 203 146 201 199 136 187 213 130 198 174 204 147 
 89: 153 156 150 169 128 141 165 134 179 164 212 199 180 154 131 136 187 140 138 208 216 132 191 170 196 135 213 194 130 173 181 188 202 167 195 139 157 206 175 184 178 204 148 147 186 166 152 151 185 192 205 133 174 149 143 137 146 142 172 193 159 158 171 129 183 145 168 162 211 214 182 155 197 160 190 203 161 210 215 163 207 198 209 176 144 177 189 201 200 
 89: 146 191 132 135 175 202 140 192 198 152 181 156 200 183 208 158 155 189 129 216 184 138 137 213 141 145 195 153 178 209 165 188 203 205 185 154 171 204 130 187 161 190 157 151 206 173 167 197 159 180 164 131 211 143 163 199 207 148 160 212 134 144 169 194 133 215 179 128 186 147 149 139 214 168 196 150 170 172 182 174 136 201 210 177 193 142 176 162 166 
 71: 202 199 130 210 214 198 138 180 194 203 148 162 135 150 164 128 185 179 129 157 208 181 215 137 176 147 170 168 151 213 182 201 216 212 205 152 156 197 131 139 193 172 177 142 132 173 165 189 136 167 134 187 153 171 190 211 146 140 196 183 143 158 154 160 141 191 159 209 207 206 204 
 79: 198 130 139 133 184 137 143 154 153 188 175 213 147 203 151 134 149 206 128 145 204 210 212 207 215 170 163 140 173 159 195 167 178 169 208 200 166 148 168 202 152 155 132 177 182 165 199 187 205 162 146 142 185 181 183 141 176 129 214 164 135 209 138 156 186 150 189 194 157 144 216 160 191 131 172 174 180 211 161 
 79: 209 147 171 152 176 161 165 134 148 146 199 212 183 180 188 163 214 210 157 192 170 179 129 213 162 208 167 172 185 216 200 144 153 154 128 184 174 178 140 168 186 159 181 164 201 158 150 156 194 190 141 193 205 182 137 139 175 207 197 177 198 191 142 131 169 143 149 135 136 187 215 145 189 206 204 202 203 196 173 
 77: 133 135 153 140 216 137 215 139 149 207 184 187 161 166 158 129 170 147 209 214 201 196 160 212 177 183 141 171 128 157 134 198 200 195 206 154 203 173 211 162 152 176 165 130 164 188 205 143 213 181 167 192 175 178 144 163 210 202 155 151 197 142 172 174 185 148 194 193 150 199 145 146 189 208 138 179 191 
 82: 186 131 159 208 198 184 146 165 212 166 135 150 193 149 170 144 134 137 180 213 203 216 175 155 140 201 210 181 188 160 190 202 151 129 205 171 206 156 154 130 195 179 172 215 177 183 169 162 128 139 147 152 174 191 173 214 182 207 185 204 153 143 197 157 194 161 211 168 187 133 176 196 189 148 136 192 209 199 167 145 158 200 
 88: 208 147 139 150 195 163 200 202 155 179 140 138 184 205 156 176 128 133 209 174 160 187 148 167 201 169 171 210 159 161 162 190 154 212 181 173 177 193 144 215 204 198 213 134 203 178 197 145 165 180 216 135 194 158 143 170 199 188 130 131 196 206 152 129 151 168 189 191 137 136 186 153 146 183 185 164 141 157 166 182 207 175 192 142 172 132 149 214 
 71: 168 197 190 160 196 173 180 155 154 129 147 149 203 153 140 139 137 128 176 145 159 215 146 207 216 182 212 166 186 130 143 204 172 138 179 133 205 199 158 136 185 211 171 187 165 156 148 181 134 198 210 178 161 151 167 177 189 163 141 150 144 201 192 183 142 213 194 132 164 152 157 
 74: 176 210 147 128 164 153 213 197 137 167 196 203 185 182 215 144 201 178 169 202 166 200 146 136 186 212 149 131 206 180 191 152 132 163 209 159 168 140 133 145 192 130 190 195 158 181 135 142 171 150 148 155 154 170 187 199 198 211 138 189 162 141 204 172 161 157 143 165 207 175 216 193 188 160 
 76: 195 161 211 167 178 139 200 197 162 142 182 137 160 135 179 196 158 153 131 176 206 151 170 144 201 183 174 185 202 204 203 164 132 168 186 192 163 150 184 138 190 166 215 152 193 155 136 146 143 133 169 130 172 210 187 157 205 212 213 207 134 141 180 129 149 140 177 171 173 198 209 128 154 175 214 208 
