# Data generated from a SDPTSP-E instance solved in two phases
# nbTasks=355, nbWorkers=248
# Random number generator seed = 0
Type = 1
Jobs = 355
 372 487
 375 425
 385 480
 386 503
 390 497
 405 469
 434 535
 442 477
 448 559
 453 478
 457 482
 462 541
 468 578
 469 560
 480 598
 482 544
 484 600
 491 600
 495 552
 496 554
 497 522
 497 573
 497 610
 501 619
 507 620
 509 604
 513 598
 515 611
 520 590
 522 581
 523 609
 525 630
 539 653
 540 649
 541 652
 542 659
 546 611
 547 584
 549 629
 551 614
 553 633
 558 610
 558 621
 563 654
 571 672
 572 657
 572 684
 579 663
 581 627
 585 681
 585 691
 592 704
 594 633
 598 700
 598 716
 603 718
 604 620
 607 697
 609 719
 613 729
 615 658
 622 656
 623 716
 624 719
 626 664
 632 667
 637 682
 639 757
 641 739
 644 699
 645 728
 647 695
 647 711
 648 764
 654 770
 655 708
 655 732
 655 769
 656 766
 657 756
 665 705
 665 729
 667 777
 670 775
 671 751
 674 784
 676 779
 677 709
 680 744
 682 784
 687 774
 687 793
 687 804
 689 762
 692 756
 695 754
 695 776
 698 805
 699 809
 700 805
 702 735
 703 766
 705 817
 709 823
 716 830
 725 775
 733 838
 736 832
 737 802
 737 851
 742 800
 742 834
 749 767
 750 867
 752 781
 755 821
 755 841
 758 797
 758 844
 759 859
 767 803
 770 837
 773 838
 774 885
 780 798
 784 894
 787 813
 789 824
 789 876
 790 847
 793 839
 795 889
 801 912
 808 897
 810 849
 812 839
 816 928
 817 922
 828 890
 834 939
 836 897
 837 956
 842 898
 843 955
 849 931
 856 883
 862 945
 883 975
 892 951
 900 940
 902 956
 904 939
 908 1011
 914 1015
 915 997
 919 956
 923 957
 940 1015
 940 1059
 942 1004
 946 1059
 972 1091
 974 1067
 978 1093
 987 1061
 991 1094
 995 1095
 996 1044
 1012 1102
 1019 1096
 1021 1120
 1023 1118
 1028 1108
 1045 1140
 1047 1142
 1053 1100
 1065 1126
 1066 1171
 1067 1183
 1071 1115
 1077 1142
 1083 1153
 1085 1151
 1088 1118
 1096 1160
 1100 1116
 1115 1195
 1124 1155
 1132 1251
 1148 1260
 1150 1221
 1157 1216
 1158 1192
 1166 1270
 1168 1255
 1182 1253
 1183 1237
 1184 1282
 1186 1299
 1188 1265
 1188 1285
 1189 1235
 1201 1283
 1211 1267
 1214 1310
 1225 1289
 1226 1313
 1226 1344
 1234 1285
 1253 1302
 1255 1278
 1257 1316
 1267 1287
 1285 1350
 1296 1356
 1297 1312
 1313 1365
 1321 1427
 1322 1440
 1324 1388
 1325 1430
 1342 1431
 1345 1383
 1353 1410
 1355 1414
 1357 1433
 1362 1432
 1362 1440
 1369 1479
 1372 1489
 1373 1447
 1376 1400
 1383 1413
 1392 1482
 1398 1474
 1402 1478
 1406 1497
 1410 1463
 1413 1510
 1414 1484
 1439 1536
 1444 1535
 1447 1560
 1447 1565
 1450 1470
 1451 1491
 1452 1509
 1454 1550
 1460 1559
 1461 1551
 1462 1557
 1465 1513
 1468 1585
 1470 1529
 1473 1536
 1474 1577
 1480 1531
 1484 1559
 1485 1515
 1489 1607
 1491 1591
 1493 1531
 1494 1576
 1495 1557
 1497 1565
 1498 1529
 1498 1540
 1504 1550
 1506 1590
 1514 1581
 1515 1591
 1523 1586
 1526 1644
 1529 1566
 1530 1578
 1531 1641
 1532 1642
 1539 1655
 1540 1610
 1542 1570
 1544 1598
 1546 1595
 1548 1610
 1548 1639
 1553 1624
 1556 1674
 1558 1667
 1559 1642
 1561 1671
 1565 1607
 1565 1660
 1565 1674
 1567 1624
 1569 1598
 1569 1612
 1570 1670
 1571 1653
 1571 1684
 1573 1611
 1573 1645
 1583 1633
 1587 1702
 1593 1683
 1605 1629
 1609 1725
 1611 1678
 1611 1708
 1616 1691
 1617 1693
 1618 1666
 1624 1664
 1624 1696
 1625 1653
 1626 1720
 1637 1692
 1639 1753
 1642 1746
 1650 1749
 1652 1770
 1655 1721
 1656 1775
 1658 1770
 1660 1700
 1661 1737
 1665 1754
 1670 1773
 1677 1702
 1678 1721
 1678 1757
 1682 1784
 1687 1794
 1694 1799
 1695 1767
 1703 1794
 1705 1797
 1718 1748
 1718 1765
 1727 1797
 1728 1791
 1743 1845
 1748 1804
 1755 1856
 1768 1819
 1783 1845
 1788 1828
 1791 1903
 1795 1903
 1796 1872
 1812 1873
 1821 1850
 1825 1919
 1828 1914
 1856 1911
 1858 1904
 1864 1918
Qualifications = 248
 111: 74 100 135 38 18 127 44 48 96 5 24 117 81 16 1 82 90 36 23 56 72 22 99 25 21 33 13 7 64 102 94 79 15 97 122 89 11 26 130 30 43 80 124 0 29 69 120 84 63 71 53 67 51 41 121 50 105 103 95 110 106 9 35 76 8 115 58 28 65 19 45 47 68 108 32 4 12 17 107 92 2 70 86 59 52 3 54 39 112 31 49 14 126 114 75 40 78 6 91 62 60 77 46 27 10 57 85 55 37 98 104 
 110: 39 31 10 120 70 107 88 38 45 59 17 80 40 77 24 79 90 15 35 105 130 56 68 52 110 85 121 42 99 63 108 103 22 101 1 20 46 73 19 25 14 94 50 127 36 98 67 100 69 115 58 102 71 13 82 96 74 78 122 32 76 55 26 21 27 2 51 124 18 60 65 54 28 49 62 48 135 75 83 9 86 33 57 11 114 8 89 84 41 16 81 93 95 104 6 37 23 97 7 72 117 4 91 111 12 30 43 87 112 53 
 112: 104 124 4 39 105 51 8 86 25 46 33 130 91 107 19 28 7 60 20 50 54 77 17 88 42 108 92 103 100 26 24 115 98 120 15 62 87 80 122 21 69 99 3 34 72 49 38 112 61 65 79 47 56 12 106 29 93 73 63 52 78 16 44 14 0 30 68 40 110 5 96 75 64 9 83 70 81 37 6 2 82 95 102 117 74 97 23 41 35 121 135 90 55 18 57 53 66 111 11 10 76 94 127 36 32 45 59 114 22 27 67 85 
 97: 112 90 107 52 38 1 17 101 64 37 70 105 76 95 2 63 42 86 102 93 122 5 82 75 91 6 45 53 59 126 66 19 57 89 74 29 110 79 16 9 22 14 27 84 34 39 35 60 114 80 7 65 115 88 44 13 24 83 130 96 41 4 36 58 85 77 100 0 55 20 124 10 51 23 49 108 31 15 87 67 135 103 43 127 21 120 40 54 99 47 81 68 121 97 117 11 33 
 114: 114 50 33 79 2 10 23 102 88 43 44 48 87 21 52 81 124 49 45 8 37 90 15 14 35 97 75 72 38 115 36 31 130 19 135 39 127 112 55 16 25 82 3 58 34 107 66 80 60 54 46 4 59 99 76 9 121 95 101 98 51 69 106 29 26 108 65 122 94 41 84 28 40 12 18 92 32 57 42 110 117 61 1 120 47 11 64 96 30 111 100 22 91 104 86 78 93 126 6 103 68 63 83 62 20 56 85 5 17 0 71 105 74 13 
 96: 38 17 11 10 103 4 106 64 112 104 20 70 8 67 71 62 21 14 6 7 93 49 84 50 120 91 2 111 108 65 76 98 55 87 23 82 47 28 63 60 36 33 32 97 15 90 44 110 85 83 35 135 117 79 0 1 126 19 127 101 42 34 66 26 41 68 48 69 92 122 72 22 24 56 73 29 130 88 45 43 31 121 78 102 3 80 51 52 53 115 27 57 86 37 5 25 
 111: 105 106 90 58 84 29 27 7 50 31 114 112 66 120 9 2 46 117 60 108 33 6 5 52 14 80 65 43 68 26 42 91 92 36 101 94 15 41 11 23 111 67 69 100 87 115 122 24 55 54 17 98 16 130 102 8 89 93 20 4 85 127 37 103 28 62 40 38 19 44 56 0 86 47 88 82 104 45 18 79 135 30 126 64 1 75 78 83 96 97 124 107 53 76 81 71 12 110 13 63 25 48 21 3 99 70 49 61 32 73 77 
 111: 0 95 62 61 67 63 33 36 72 79 126 90 20 86 108 4 96 92 110 74 12 37 7 65 28 21 68 50 60 42 83 19 130 106 94 54 124 84 115 135 39 112 66 114 57 107 24 49 15 38 51 81 82 103 78 48 101 70 8 55 121 52 120 27 77 31 17 91 46 9 11 3 10 122 47 35 104 76 64 99 69 87 43 56 44 88 16 5 13 100 6 26 59 111 71 53 85 18 32 97 29 102 93 34 75 30 58 105 14 89 41 
 112: 41 2 106 93 11 81 74 112 60 130 64 13 86 17 101 96 10 51 36 92 57 15 56 32 84 0 114 110 59 27 49 115 120 70 45 83 124 89 122 111 20 102 78 52 42 47 75 34 73 98 31 77 71 1 35 24 12 55 66 127 121 72 105 16 104 135 26 23 18 65 38 94 44 88 19 85 68 126 43 4 100 40 39 54 82 63 30 29 9 107 7 62 108 28 33 97 67 53 95 21 90 37 5 22 69 79 103 48 87 6 3 91 
 110: 80 63 108 88 107 106 32 104 72 81 36 42 126 1 9 89 85 8 10 97 34 18 25 122 41 73 112 6 11 12 78 54 91 23 29 24 86 4 110 93 101 71 67 70 87 66 56 49 35 26 21 61 5 68 47 69 50 44 95 117 22 103 53 28 65 17 46 3 124 20 102 43 7 90 58 111 38 37 114 99 98 135 94 40 92 59 77 52 120 127 45 16 30 48 64 121 74 14 75 96 2 19 84 27 115 82 15 55 83 13 
 122: 33 77 57 121 130 62 7 46 71 69 86 27 99 96 97 19 3 16 30 40 111 87 76 24 17 63 117 120 127 26 52 90 89 107 115 32 37 47 75 48 28 84 10 65 0 93 23 88 43 29 100 41 79 110 20 54 6 56 82 98 70 83 61 38 58 25 108 80 72 2 42 8 94 9 64 13 95 4 1 36 91 22 55 53 44 135 102 34 51 49 12 21 104 14 101 39 73 11 114 15 59 45 31 103 60 112 18 35 124 74 66 50 68 92 126 106 78 67 5 85 122 105 
 93: 61 29 41 101 74 76 58 16 17 28 115 14 88 63 30 32 78 91 73 39 15 11 24 59 35 107 102 68 9 8 122 36 87 85 99 38 110 54 93 135 114 86 22 60 20 117 31 92 98 40 70 10 90 80 96 49 89 26 120 23 127 18 6 95 13 57 0 7 19 81 47 77 112 82 103 4 42 62 34 64 79 52 130 5 56 27 50 66 94 55 105 67 69 
 103: 5 83 71 108 114 39 42 22 46 115 57 94 12 59 81 47 24 6 64 10 9 61 52 60 65 20 36 135 21 95 99 2 1 66 18 92 101 0 8 30 80 107 82 25 63 19 68 90 77 76 62 45 88 15 102 96 84 79 53 14 38 93 51 103 26 37 55 126 3 17 16 11 85 28 74 56 75 40 100 70 34 27 54 117 106 29 4 78 112 104 86 7 31 89 124 44 121 23 32 105 49 122 127 
 111: 2 26 115 41 16 77 111 35 42 84 11 106 71 49 56 17 93 40 51 117 110 4 23 18 67 73 25 121 101 9 62 8 12 28 102 98 97 52 79 112 3 13 75 32 0 1 81 86 46 95 7 63 105 68 82 66 5 64 31 61 27 6 48 38 43 58 89 65 103 120 100 76 108 90 50 135 130 33 99 87 44 20 92 88 53 78 21 122 39 74 34 57 60 22 124 104 126 45 37 85 10 91 29 55 107 127 19 24 96 47 72 
 121: 3 74 36 104 20 107 89 86 35 8 97 37 88 30 76 72 10 7 103 16 15 49 6 117 17 39 51 25 11 83 63 4 9 23 77 110 79 22 21 73 47 34 127 45 106 135 85 91 48 41 95 0 50 108 2 112 61 84 120 26 56 28 55 124 67 66 64 60 105 126 59 81 87 65 115 69 29 33 114 31 40 111 42 70 78 19 58 82 98 32 68 92 12 90 122 57 96 14 13 100 101 71 38 46 27 102 62 52 43 1 121 93 54 5 44 94 99 24 75 80 130 
 121: 0 49 14 93 17 58 83 75 25 28 37 104 23 120 4 61 122 127 94 95 39 88 13 21 8 126 111 12 35 52 22 72 103 108 33 80 69 53 107 34 82 40 7 66 74 31 67 46 68 106 56 57 70 81 45 86 27 44 32 89 43 102 135 3 112 6 91 60 11 92 124 64 42 2 19 30 50 121 59 77 55 48 10 114 79 85 24 36 99 90 1 62 97 51 105 16 71 20 98 110 54 18 76 101 84 115 9 117 15 78 100 87 130 73 29 26 65 63 41 96 5 
 119: 100 120 127 36 70 72 52 126 11 46 88 78 89 56 84 102 112 58 77 21 104 1 122 60 85 69 29 10 67 117 9 8 26 42 40 57 130 59 20 44 54 124 74 79 24 105 0 4 16 22 103 107 53 7 68 6 98 65 81 93 55 75 48 32 38 13 27 121 101 5 3 19 45 82 25 50 43 73 37 87 63 86 91 47 94 114 80 96 95 62 97 92 99 90 66 41 18 83 110 14 115 61 2 15 23 111 76 64 106 31 135 17 49 39 51 34 35 12 71 
 93: 92 106 63 121 47 76 77 108 94 97 86 78 68 12 100 93 122 36 105 83 111 27 39 15 44 117 28 22 99 62 112 13 89 53 1 67 46 2 8 35 95 10 20 114 23 115 130 65 43 84 6 82 9 87 60 74 96 37 24 16 69 79 31 124 25 88 58 30 66 32 18 54 107 29 90 135 110 4 19 64 17 126 26 73 103 55 21 120 71 127 57 75 91 
 121: 45 88 74 29 100 43 72 31 7 70 28 52 104 20 47 98 99 41 14 96 71 46 53 126 127 115 13 77 24 102 12 75 8 73 17 85 120 95 21 122 11 107 121 63 65 87 101 50 83 78 23 37 130 10 79 67 135 4 124 15 112 42 48 84 68 59 54 56 108 55 82 66 76 27 26 91 0 105 62 34 49 44 22 89 90 58 39 111 106 86 5 38 57 64 80 1 18 114 81 16 94 40 6 110 2 61 103 60 32 92 36 117 69 33 51 9 35 3 25 93 30 
 110: 72 78 81 36 98 85 75 67 103 70 79 38 117 94 12 96 106 34 65 62 63 56 11 29 31 88 5 49 28 108 58 66 51 95 135 74 54 7 105 3 27 76 8 46 64 18 111 121 2 122 33 91 17 130 9 107 59 10 32 35 71 25 40 44 41 102 90 82 89 47 0 43 60 120 69 84 30 22 112 24 14 42 124 97 92 86 52 55 87 4 21 37 19 77 114 83 80 50 26 1 73 53 16 93 101 20 127 104 110 68 
 114: 93 90 63 77 59 29 95 108 110 69 35 79 60 17 130 104 3 103 32 55 13 18 49 26 76 100 27 53 4 124 19 122 86 71 6 75 48 15 80 38 68 5 8 84 37 111 99 9 96 39 12 14 115 43 112 66 41 65 22 44 58 64 54 102 40 135 50 30 114 10 120 121 21 74 0 33 56 94 89 2 88 105 57 107 127 70 42 91 28 73 82 126 46 20 51 72 97 36 87 67 61 11 92 78 7 85 31 34 1 98 101 83 106 45 
 102: 104 122 19 124 121 38 12 72 17 32 96 76 21 18 100 58 61 56 82 99 39 55 68 0 106 127 36 89 3 91 51 31 6 78 120 4 112 69 67 66 59 7 50 111 20 10 130 107 22 28 95 13 54 114 15 46 79 70 2 108 48 77 42 30 33 81 40 126 29 65 44 49 115 23 92 35 73 57 80 87 71 102 83 26 101 37 64 135 75 45 117 62 1 98 74 41 24 85 34 84 97 86 
 120: 45 3 73 117 30 28 62 23 87 43 121 94 39 122 34 124 102 14 71 40 75 37 101 38 110 95 98 35 69 65 77 55 17 24 96 112 22 20 126 66 90 0 10 79 12 25 127 32 19 27 91 11 80 1 56 44 47 130 81 59 16 48 64 97 76 92 67 50 33 135 15 60 42 26 21 86 93 9 2 106 107 7 68 63 41 108 72 61 99 111 120 74 52 58 85 5 115 83 78 8 100 13 49 105 53 104 84 51 4 88 31 82 114 46 36 57 70 29 89 6 
 106: 92 78 83 46 34 27 37 89 44 17 54 98 75 105 117 61 9 86 0 22 49 60 122 57 81 135 84 126 30 25 21 29 18 74 95 19 3 12 1 70 47 82 91 11 28 88 50 80 45 72 110 77 87 104 124 79 13 102 66 90 99 106 53 73 112 52 24 130 107 85 41 15 103 26 16 4 111 63 120 23 94 40 33 10 64 35 31 7 56 59 2 121 8 39 97 62 115 100 58 32 55 127 108 65 114 96 
 113: 12 43 6 98 20 9 17 69 86 75 24 74 64 126 37 135 32 62 2 55 10 91 94 120 30 14 51 36 35 89 34 79 27 50 61 63 29 59 107 84 15 99 16 112 90 95 52 73 13 104 124 39 111 60 92 46 88 105 57 44 3 108 53 66 121 130 93 110 72 21 5 40 106 31 103 23 114 68 65 33 7 71 70 82 1 47 100 58 28 85 56 18 67 97 41 122 45 87 77 26 25 38 81 42 0 76 11 115 19 101 80 54 127 
 95: 48 79 84 104 63 14 53 82 56 50 57 127 87 102 93 49 30 112 99 17 80 44 77 124 39 75 67 31 60 103 105 111 58 33 122 52 64 3 114 72 88 110 106 86 121 130 100 71 98 81 107 55 76 69 38 2 32 117 7 27 89 21 35 22 36 96 115 19 12 90 8 66 74 45 25 26 95 34 28 16 70 46 23 59 6 92 108 29 4 68 120 37 20 9 1 
 97: 35 51 13 32 40 101 54 95 69 68 73 110 115 79 81 122 46 30 103 52 63 74 8 4 126 102 121 6 105 93 104 19 98 106 70 71 77 67 56 124 85 96 17 53 120 92 76 84 10 83 45 36 42 28 62 50 90 100 75 108 80 72 66 29 16 88 135 1 24 112 49 31 15 34 47 27 20 41 7 18 21 99 5 87 43 58 23 107 11 33 117 39 91 130 55 57 44 
 111: 104 3 117 27 63 112 28 130 47 12 78 40 36 106 41 53 38 124 72 70 93 62 101 59 91 15 100 33 97 9 83 37 85 122 42 114 102 75 95 90 31 69 73 96 48 46 24 44 7 26 61 60 23 1 20 8 4 19 74 88 84 18 17 30 80 126 127 16 57 66 54 39 82 56 103 5 108 65 79 25 45 32 58 86 105 99 120 107 98 111 87 89 22 92 21 135 52 81 110 67 6 13 50 0 55 71 10 14 43 77 2 
 95: 94 62 50 117 71 98 96 99 68 122 115 6 95 29 90 35 34 102 12 70 88 48 13 114 39 60 40 100 42 110 10 86 81 27 78 76 135 59 56 24 108 45 18 120 63 67 21 112 84 87 38 57 106 37 52 31 85 82 23 72 0 93 15 4 58 104 80 92 32 25 77 1 7 51 46 14 66 105 91 2 28 124 79 9 11 65 30 41 47 17 49 73 26 111 33 
 102: 53 27 46 70 115 8 4 71 64 108 36 41 57 13 37 49 56 6 94 9 33 61 32 11 42 2 60 93 124 31 34 117 86 43 87 100 35 90 16 135 0 122 55 102 24 74 103 15 112 14 5 92 68 127 99 52 110 107 114 111 63 69 75 44 40 91 120 10 81 26 106 17 97 28 65 79 98 88 105 82 7 50 3 77 80 58 45 12 78 54 20 95 25 73 67 47 126 66 22 104 51 48 
 117: 121 106 43 95 87 17 54 66 8 105 1 26 78 111 32 124 37 11 99 25 50 10 36 0 92 28 127 19 41 135 22 73 60 80 82 52 107 56 88 71 55 45 30 9 34 108 76 103 13 53 77 75 7 79 46 24 101 14 65 49 112 90 40 47 35 38 86 4 15 100 48 97 44 57 2 98 39 102 3 42 68 58 69 61 84 115 117 81 29 93 74 96 62 12 120 67 59 20 21 18 94 85 31 63 33 5 122 6 130 126 91 64 83 23 16 70 104 
 94: 112 81 91 34 72 36 3 31 28 16 7 49 26 83 0 6 98 10 97 130 54 69 73 11 59 104 17 66 110 50 94 53 46 24 87 9 21 63 122 90 75 52 80 20 70 102 22 1 101 61 88 77 41 126 42 23 55 93 121 30 27 62 5 95 18 82 13 84 48 71 64 4 127 56 43 14 111 2 39 60 15 32 29 107 135 38 124 114 47 76 92 33 58 108 
 114: 105 63 67 70 17 58 126 37 96 54 120 69 99 72 25 26 44 79 32 7 98 122 77 47 12 15 108 43 110 51 117 36 50 40 46 107 95 94 111 16 135 59 124 93 42 6 8 89 88 33 3 73 1 45 82 29 90 81 31 87 112 74 92 130 13 21 80 11 100 35 48 61 28 9 101 14 19 91 64 121 10 86 57 85 106 55 66 56 38 4 0 114 34 62 104 27 41 53 2 39 76 103 68 18 49 52 97 60 83 102 71 24 78 20 
 115: 110 31 11 108 55 90 120 112 47 79 23 117 44 100 42 13 3 130 2 126 101 22 51 83 41 62 71 105 27 107 64 29 37 10 24 40 95 9 111 15 96 5 21 46 34 94 53 67 54 59 106 17 16 102 39 1 84 66 6 76 56 63 78 45 93 122 82 32 115 65 19 25 43 4 135 88 85 26 48 30 0 18 68 114 49 60 33 124 58 74 75 77 70 50 38 89 80 61 81 14 73 104 28 12 92 72 127 35 87 91 103 69 8 36 121 
 99: 2 135 78 33 75 53 31 61 66 44 45 30 107 72 36 69 35 43 115 92 10 57 37 130 40 0 98 60 101 64 12 79 17 56 117 42 49 104 68 127 46 124 15 70 3 84 67 65 95 7 76 99 11 120 96 121 16 100 62 22 52 126 25 4 5 39 47 6 105 1 19 103 77 82 26 55 28 51 21 71 59 23 38 81 106 24 63 74 114 87 97 8 80 83 54 122 102 50 93 
 104: 40 4 15 45 46 75 94 98 8 0 93 97 122 5 23 91 124 90 59 32 135 33 9 82 108 44 25 28 78 58 86 13 69 57 127 55 52 77 114 6 47 81 67 7 121 54 35 38 30 31 92 107 111 95 115 27 42 96 56 65 41 43 18 10 70 63 24 106 22 80 130 84 12 21 76 68 102 103 53 11 51 110 17 99 89 48 66 105 83 49 112 36 34 1 64 37 14 74 61 3 20 87 88 71 
 119: 130 52 87 54 120 104 33 47 74 56 61 72 80 23 122 0 26 62 82 124 99 57 13 91 98 126 59 102 73 17 88 103 55 86 46 34 65 135 32 11 29 7 45 19 36 100 108 1 30 114 6 83 18 50 31 5 85 16 27 96 112 70 111 12 106 25 97 43 76 28 15 35 44 90 107 66 4 38 14 77 41 2 101 117 93 71 49 40 58 64 37 21 92 127 60 63 10 24 110 81 39 22 48 51 9 8 42 53 67 78 69 105 68 84 20 3 95 79 115 
 105: 20 91 76 45 105 58 47 79 19 120 48 3 80 28 6 56 83 60 0 90 71 18 42 8 23 108 16 7 9 2 37 40 112 107 36 17 39 78 34 103 46 73 75 114 104 77 122 69 130 55 33 31 98 52 100 65 70 84 93 85 88 72 74 86 135 22 82 5 121 44 97 4 117 124 62 24 57 66 13 54 53 14 29 81 27 102 41 94 96 127 21 49 126 101 99 15 87 30 111 38 110 64 1 32 92 
 103: 124 8 1 74 105 45 95 135 121 31 115 82 14 41 63 33 114 50 71 10 94 110 122 5 38 66 16 77 73 57 90 62 103 126 11 27 2 81 127 104 97 76 30 23 32 58 88 98 56 107 89 108 46 111 101 72 15 44 53 67 86 12 92 28 34 78 25 29 47 13 43 80 55 93 6 68 51 91 60 64 7 42 54 21 35 49 84 106 70 69 75 19 4 61 100 120 39 40 24 9 83 22 18 
 116: 48 80 73 69 22 66 107 56 127 31 126 65 43 39 33 46 60 86 79 37 81 101 112 85 106 88 59 47 3 115 9 32 108 36 44 26 82 0 34 23 94 103 5 54 111 42 99 45 58 49 93 72 53 120 104 10 84 74 27 105 135 38 95 30 19 15 35 14 12 52 117 67 96 18 89 98 76 63 68 11 91 13 1 92 20 90 130 87 16 121 2 4 78 97 75 110 40 124 71 50 57 102 114 8 21 51 77 6 64 28 122 62 24 17 29 55 
 94: 120 77 5 33 48 112 103 108 3 110 54 135 35 41 122 124 1 117 28 22 84 94 19 96 105 90 126 39 55 24 21 89 30 49 65 20 86 40 63 100 121 71 111 15 68 81 102 97 34 50 9 0 51 67 98 46 4 73 12 99 59 7 95 72 87 32 44 13 58 18 88 114 57 38 43 107 83 78 82 53 61 93 64 6 17 31 47 56 66 11 79 10 27 52 
 121: 98 44 62 108 72 58 17 0 112 117 106 48 97 135 20 93 102 7 19 15 80 88 64 45 105 21 40 55 29 6 78 36 103 49 63 43 50 84 1 65 18 89 121 92 66 39 96 30 11 68 38 25 22 114 23 47 32 14 28 104 71 24 126 61 101 111 94 127 59 56 130 87 95 16 99 54 100 13 8 86 34 2 82 76 37 57 74 110 3 81 35 5 90 85 67 60 42 31 91 70 41 115 46 51 69 26 77 79 12 53 75 107 10 83 33 4 120 27 73 52 122 
 93: 120 38 21 74 114 79 7 126 50 81 98 27 16 73 122 17 33 45 55 30 100 77 96 121 88 6 2 57 15 75 86 25 102 106 51 39 76 61 67 52 34 78 47 111 24 58 9 110 3 4 35 19 66 105 13 127 82 62 85 31 23 41 117 71 46 108 80 36 72 95 92 43 93 112 12 101 14 44 68 1 103 59 20 94 42 8 18 48 32 37 104 90 91 
 102: 47 102 127 97 84 6 50 48 39 1 117 37 135 33 75 42 60 100 32 34 68 46 23 10 19 3 43 15 111 86 121 76 72 92 104 8 27 29 90 31 93 87 66 89 81 16 59 95 80 79 45 130 5 85 53 115 103 22 20 105 82 110 70 65 51 78 83 41 62 122 112 69 55 114 61 52 44 40 49 17 94 91 88 38 4 35 58 7 30 64 74 2 99 126 96 71 18 101 12 36 54 28 
 118: 39 102 108 72 20 85 127 45 64 114 94 86 38 110 99 83 100 103 92 40 97 36 89 2 19 98 106 7 55 70 71 3 69 10 78 24 87 90 14 57 65 48 67 15 76 81 79 77 29 104 34 117 51 54 120 84 61 46 80 25 33 101 43 107 82 32 93 62 121 124 42 66 9 112 49 96 126 5 115 75 135 73 0 28 18 88 105 91 122 44 60 12 35 130 21 11 30 68 1 4 37 8 17 16 52 59 22 53 56 6 41 26 95 47 50 23 63 74 
 110: 100 4 107 82 75 53 83 46 18 33 112 52 110 69 37 29 24 44 8 103 5 80 59 9 86 124 50 72 126 23 114 63 84 68 22 101 96 70 25 7 73 30 76 99 122 3 14 97 41 20 91 92 120 105 12 34 43 38 108 6 60 19 81 11 85 135 35 67 57 121 130 66 17 31 87 79 61 58 106 32 21 55 90 27 127 62 93 26 42 0 115 98 47 51 36 1 39 117 65 74 13 88 89 104 71 56 2 111 15 10 
 96: 21 122 83 35 130 100 11 24 91 3 34 117 111 106 108 53 66 60 42 8 10 104 127 65 44 69 13 33 68 29 78 28 15 112 62 87 99 93 135 54 98 51 7 95 114 56 37 79 126 82 20 26 80 57 27 18 70 102 101 22 49 107 5 74 43 41 52 85 55 105 120 97 40 1 77 71 31 30 73 90 89 14 67 12 61 6 110 2 16 103 96 92 59 86 45 25 
 117: 52 5 110 65 71 88 124 10 62 47 15 102 3 70 51 46 100 11 67 126 58 1 86 60 59 57 24 4 98 69 12 25 112 82 16 17 121 84 56 44 94 63 27 2 85 45 0 53 49 122 114 120 130 104 61 75 108 101 38 54 34 55 48 31 32 42 89 99 23 76 7 66 96 64 8 40 39 92 83 30 20 9 18 127 35 105 13 22 80 6 90 68 111 26 29 33 21 74 50 36 135 72 41 117 95 106 43 115 14 87 73 103 91 37 79 28 77 
 98: 17 54 35 86 36 1 62 15 67 11 87 105 42 0 84 110 14 117 29 21 126 69 4 95 107 19 108 80 83 27 124 25 44 121 70 98 31 111 89 75 9 13 48 93 81 76 94 65 49 8 47 82 92 6 100 57 10 39 114 101 52 45 60 16 46 66 7 102 22 50 130 5 99 20 43 40 88 51 72 28 96 37 61 73 74 104 64 59 78 33 32 56 90 79 18 127 34 122 
 96: 81 44 6 5 92 46 48 23 80 7 97 77 115 54 69 66 72 34 50 45 79 62 10 26 117 114 105 20 130 58 91 28 84 18 37 36 24 13 121 30 94 73 93 49 65 57 76 0 99 67 70 40 90 60 19 43 108 74 59 63 14 100 122 120 104 101 106 51 16 87 102 47 82 3 68 1 41 53 95 31 127 42 8 21 98 2 39 15 61 85 9 35 27 111 4 56 
 100: 90 68 53 36 87 94 55 11 6 62 115 5 82 63 15 3 67 106 110 84 80 46 108 104 17 42 10 75 60 51 32 29 59 9 21 96 93 99 33 49 22 70 120 76 35 47 37 28 65 72 56 14 54 71 102 83 25 95 12 97 44 117 114 78 27 64 66 73 34 89 8 74 100 101 98 19 2 107 103 18 50 30 92 57 48 43 23 1 26 122 4 0 20 112 77 111 88 127 135 13 
 114: 92 53 120 79 2 100 70 47 19 56 68 76 115 27 62 78 101 11 67 57 15 60 65 17 75 127 94 52 42 114 31 44 108 37 63 35 124 32 16 8 121 74 95 26 20 49 59 12 107 135 111 23 73 83 4 21 25 126 48 43 91 89 64 106 82 61 85 98 3 45 50 122 6 7 99 28 39 22 96 55 77 90 112 36 58 72 71 117 87 5 86 130 93 81 41 80 18 30 46 103 104 24 29 10 0 13 1 51 97 9 105 84 88 33 
 106: 46 113 75 134 49 125 50 61 34 15 54 104 63 72 36 47 68 92 148 69 38 97 37 18 115 116 81 119 30 35 78 39 19 29 48 21 22 53 127 57 79 16 110 52 128 58 24 142 105 76 102 23 86 83 126 137 108 64 112 120 41 140 59 123 95 150 80 74 100 42 122 26 89 145 141 45 67 133 85 106 131 70 40 82 103 55 66 44 135 156 71 60 124 14 31 28 32 33 155 91 111 88 51 96 121 98 
 120: 103 25 99 26 68 93 133 89 54 129 134 51 132 75 58 55 139 19 85 27 66 106 70 21 130 120 145 38 33 94 104 118 90 30 143 119 110 108 102 148 63 135 36 72 111 29 82 48 15 88 24 128 150 73 53 86 115 84 61 95 78 121 79 47 64 31 74 81 114 62 155 97 37 87 156 52 125 77 92 42 32 142 91 57 83 46 14 123 151 96 20 65 122 146 138 41 144 137 112 45 67 76 28 40 116 44 69 56 35 34 141 49 80 39 117 18 17 16 113 140 
 118: 61 124 73 111 130 44 139 52 26 110 121 144 133 53 127 23 88 19 66 107 16 132 24 41 94 98 14 86 45 18 90 96 42 145 115 113 123 80 65 129 68 46 54 22 89 34 116 20 118 149 49 79 138 134 108 59 91 37 101 74 77 40 56 136 75 63 76 155 15 125 122 85 62 137 146 143 32 27 69 109 100 120 17 35 117 58 82 106 102 38 31 150 48 87 140 67 93 148 84 151 142 103 131 33 92 105 60 51 47 21 55 97 64 119 50 71 83 30 
 122: 15 116 31 86 131 149 51 28 120 142 66 126 73 151 71 148 84 146 33 36 90 29 144 145 95 64 150 75 48 54 79 113 136 125 45 39 30 89 24 118 35 61 16 38 19 141 49 18 52 85 92 56 46 111 68 112 78 53 76 128 87 34 101 119 133 32 123 105 67 21 27 44 43 139 117 82 72 55 140 26 156 98 80 14 25 99 69 83 127 100 65 40 59 60 47 138 41 107 102 122 50 37 17 124 88 143 97 129 155 70 104 110 109 137 114 57 91 93 135 20 81 42 
 107: 124 69 67 136 63 68 54 129 59 111 41 72 130 51 19 14 39 127 122 125 145 134 116 144 26 56 84 48 87 44 43 73 96 38 34 52 89 110 140 35 128 146 126 151 24 57 75 74 149 117 98 60 142 22 99 105 29 46 55 50 70 86 120 77 156 119 23 102 27 90 91 100 131 45 155 66 31 28 123 30 37 71 76 101 80 78 62 93 135 47 58 121 139 49 115 32 15 108 81 65 103 97 133 137 143 17 141 
 130: 94 115 31 92 132 36 117 111 108 109 50 140 67 18 56 20 21 156 91 28 55 146 38 130 112 133 45 22 76 14 151 77 15 80 114 85 155 143 83 41 142 30 79 110 120 101 46 137 44 124 39 99 121 145 65 141 118 148 129 88 49 98 93 54 90 103 32 75 82 136 37 27 16 34 127 47 51 48 84 23 78 61 122 144 73 40 100 62 33 24 42 72 135 123 69 17 126 70 104 68 116 102 107 25 57 71 150 128 26 43 149 119 105 96 95 113 60 58 63 59 66 138 19 97 52 53 29 139 106 81 
 107: 105 40 30 139 62 87 58 21 33 41 74 16 148 146 103 92 143 71 37 45 130 131 98 78 138 82 119 69 128 63 75 109 107 19 28 155 134 100 93 24 47 50 115 117 14 90 70 120 64 17 106 96 89 145 110 108 83 114 55 53 67 23 144 29 126 34 85 66 104 91 38 39 118 116 97 88 44 99 52 150 32 54 27 141 60 68 111 43 35 81 95 46 133 127 77 48 25 102 124 149 57 51 125 76 94 113 18 
 114: 92 144 130 79 28 25 81 58 31 65 32 109 24 106 133 102 78 93 104 120 45 113 131 119 110 23 67 18 68 136 29 142 35 149 129 77 140 87 122 46 123 95 135 145 51 63 50 125 85 96 53 14 97 48 137 143 134 60 42 88 83 16 39 84 33 15 114 22 101 146 66 64 151 36 155 116 73 124 128 112 94 61 37 69 20 98 111 89 127 132 17 100 86 117 26 82 70 156 141 47 107 74 72 59 105 54 71 55 118 40 30 99 139 44 
 135: 23 123 51 118 101 92 24 17 135 111 47 106 22 125 52 131 79 65 102 37 28 36 117 70 25 105 91 32 67 136 88 155 149 43 94 41 142 75 60 73 82 50 42 53 104 80 145 76 124 122 85 121 141 14 143 33 56 77 139 39 97 137 144 128 55 116 151 71 44 48 133 74 26 29 62 100 18 148 72 130 49 61 81 31 20 63 98 126 107 34 54 99 35 19 138 15 150 30 40 66 114 146 78 115 108 95 112 113 119 59 86 96 156 134 89 27 58 69 87 103 110 46 83 129 90 16 120 140 45 57 132 109 64 38 127 
 109: 51 95 110 71 126 132 49 128 77 122 135 109 139 69 89 118 37 73 76 127 62 142 97 31 104 101 67 85 50 52 82 94 146 74 27 70 130 105 114 91 44 151 55 93 14 88 98 25 136 35 102 119 79 61 81 54 45 100 107 26 63 129 58 117 144 78 19 56 155 23 36 112 124 103 68 32 42 60 92 84 138 106 20 43 111 41 18 39 16 131 150 64 90 148 149 34 143 141 17 80 66 72 29 46 38 24 75 57 116 
 121: 99 97 72 90 102 84 111 100 86 47 25 114 77 15 121 67 115 108 119 131 28 103 87 110 42 124 123 109 34 149 94 107 135 133 61 129 33 45 29 81 143 57 95 46 83 93 39 36 96 128 54 48 122 138 68 125 19 139 59 113 18 24 58 156 85 106 65 80 78 112 73 120 145 82 55 35 50 141 142 117 140 104 98 146 26 151 31 43 69 38 136 37 56 60 88 70 71 41 79 130 132 62 134 75 66 53 23 30 22 14 16 64 63 44 155 127 52 92 32 40 126 
 132: 93 138 119 29 72 70 69 94 131 33 140 40 132 89 66 97 113 59 151 67 88 65 114 62 63 117 25 42 91 103 37 92 109 82 148 84 14 127 95 18 145 22 34 80 71 52 130 83 106 26 86 58 49 38 112 78 36 39 19 68 137 81 104 90 125 60 57 74 122 32 129 85 56 126 24 43 27 87 76 48 118 116 100 133 41 45 124 105 123 98 17 46 107 54 121 102 146 155 61 30 21 20 134 150 141 143 31 77 101 47 23 128 120 115 142 51 144 44 53 15 149 110 16 50 136 73 79 35 99 28 64 55 
 125: 27 88 65 146 137 36 45 73 101 53 66 116 98 26 32 21 76 77 19 122 115 61 83 74 108 81 121 28 67 106 135 123 57 15 46 104 85 79 35 129 64 56 133 141 156 24 109 41 131 84 30 90 78 69 95 144 31 113 51 134 94 119 107 80 150 125 20 105 148 49 143 72 142 60 70 96 114 25 14 37 58 132 118 52 29 93 128 99 140 136 33 34 43 47 117 110 130 145 68 112 38 17 42 16 55 48 91 44 23 50 151 87 124 149 126 103 89 120 62 63 39 155 40 18 138 
 111: 117 71 143 122 33 98 25 32 16 119 140 132 149 129 45 58 22 50 114 90 34 62 18 112 63 68 120 20 107 85 19 28 24 31 72 106 49 70 55 43 39 15 145 74 155 44 97 125 79 64 48 27 113 76 127 37 26 141 69 99 110 100 108 84 151 135 96 150 123 156 92 89 38 136 94 148 60 115 21 101 109 36 77 144 146 56 80 91 54 42 130 139 138 111 82 35 65 29 124 103 105 83 134 66 41 14 81 118 40 51 142 
 120: 79 59 48 68 82 67 43 52 63 104 114 31 122 38 101 148 141 121 94 105 100 78 18 96 36 146 81 62 40 120 66 84 151 76 74 33 88 133 139 85 20 56 46 98 156 140 70 134 89 113 150 99 155 130 55 143 123 131 30 57 21 25 115 90 54 32 45 27 24 69 75 132 22 117 42 34 41 65 93 16 19 111 145 50 110 118 60 53 51 116 47 17 14 126 136 149 83 80 102 129 92 91 87 39 106 23 135 71 73 95 125 61 15 112 107 127 86 77 97 28 
 128: 137 148 87 143 142 14 150 71 38 67 49 105 127 99 32 108 139 42 141 146 79 101 151 68 70 106 120 104 98 33 17 125 83 112 23 21 76 140 15 54 69 41 77 100 132 82 121 50 61 39 90 30 130 145 109 46 89 114 60 126 113 88 43 26 45 97 53 81 95 57 44 124 78 80 25 18 37 20 85 22 93 156 27 92 62 131 64 155 103 40 138 111 96 51 73 144 133 91 135 136 102 119 129 29 55 72 123 24 117 19 134 35 84 48 110 31 34 128 36 115 149 59 116 122 28 94 52 75 
 112: 137 80 42 66 145 79 138 156 127 74 29 120 87 105 59 30 48 83 116 102 146 43 71 26 24 54 133 86 85 39 45 94 96 130 110 63 134 150 31 131 51 16 82 67 58 84 52 111 27 38 34 95 149 50 62 15 129 118 20 55 33 128 148 88 17 90 132 53 104 115 97 28 114 140 143 122 72 32 47 14 73 23 139 25 123 119 135 144 22 109 125 81 76 117 56 107 113 101 75 44 141 41 106 46 93 37 19 89 65 155 98 69 
 120: 123 73 24 57 151 39 85 58 155 134 76 135 117 93 94 43 86 139 119 87 83 71 47 61 68 26 105 95 101 145 40 90 108 19 148 112 62 38 80 55 56 114 74 51 75 100 46 150 27 132 59 44 137 124 107 66 14 99 128 48 32 104 92 110 79 111 17 144 25 122 98 121 140 143 82 23 31 35 120 30 125 141 78 116 81 33 67 34 53 72 41 109 91 88 146 52 149 65 54 118 138 142 70 102 45 69 21 84 129 16 136 20 130 106 113 133 36 60 37 77 
 122: 55 100 72 18 128 21 51 79 50 111 110 46 141 104 22 117 155 43 23 88 145 81 52 112 135 123 17 87 131 137 80 138 27 98 49 62 25 65 127 102 24 61 16 90 119 116 150 57 26 105 92 86 63 40 36 78 156 74 91 114 38 48 113 66 54 106 143 39 58 130 41 60 122 124 75 85 118 148 67 77 29 97 84 151 120 34 53 136 99 76 126 71 35 93 103 121 59 64 31 139 70 69 144 96 132 125 56 68 108 42 30 129 28 149 109 44 82 94 37 134 140 47 
 112: 54 73 68 143 126 71 88 119 49 116 63 142 115 74 145 102 51 70 146 96 18 125 95 65 80 108 94 93 40 25 90 57 34 66 62 89 17 76 130 113 156 121 29 32 77 52 22 39 109 144 47 101 120 103 107 64 33 124 45 112 140 43 36 15 16 82 38 59 78 132 48 69 30 20 99 14 87 104 83 91 55 46 92 28 37 58 129 111 100 41 53 134 131 155 128 98 50 61 150 149 75 86 105 135 138 35 31 26 127 141 106 85 
 134: 140 39 89 109 38 104 42 125 90 113 118 127 37 21 110 91 58 61 79 122 18 77 126 94 56 67 46 148 116 15 146 95 75 96 84 82 136 16 103 81 98 17 111 23 36 99 22 108 139 34 68 137 132 26 53 142 97 62 87 134 54 51 66 130 35 55 27 19 44 92 31 93 107 145 156 151 29 71 117 100 25 106 14 57 78 65 131 102 155 124 20 28 80 128 60 119 115 114 133 143 41 48 150 129 50 88 85 141 76 33 64 59 105 40 49 112 52 32 83 30 43 72 86 144 74 45 138 123 69 70 120 149 73 47 
 130: 94 125 127 82 150 105 50 37 130 46 83 112 28 63 121 69 56 81 68 16 26 41 23 39 129 109 77 87 72 45 135 71 29 88 155 33 42 146 53 142 98 66 44 30 124 15 95 148 70 19 31 134 80 76 84 137 52 151 78 106 132 20 92 122 59 90 47 116 101 85 57 40 38 136 111 17 89 131 51 93 149 156 139 60 97 61 25 114 113 86 144 79 55 123 140 119 34 49 91 110 54 118 21 102 103 18 104 75 74 99 62 145 108 143 117 43 107 126 65 58 64 141 120 73 32 133 27 115 36 138 
 134: 85 151 126 83 97 74 101 107 130 127 111 119 78 61 98 67 105 64 26 156 88 62 125 122 25 82 69 23 129 128 58 148 139 87 73 99 110 100 120 24 55 43 80 66 90 77 132 103 113 95 47 48 16 135 44 141 40 15 31 79 56 136 52 104 59 138 29 72 106 108 20 94 70 146 134 140 35 65 32 45 143 124 137 30 115 112 42 93 86 142 21 89 123 14 150 34 114 63 133 92 27 84 33 81 18 91 121 22 145 17 109 149 68 71 53 96 57 76 144 117 50 75 54 36 46 28 49 41 38 118 39 60 116 131 
 138: 52 132 108 105 103 151 86 127 83 56 110 15 41 123 27 75 150 97 148 98 131 40 125 149 144 34 95 67 143 53 24 60 14 118 78 146 134 109 99 25 17 45 129 140 119 145 122 136 47 50 33 37 62 121 120 36 66 80 81 32 116 71 39 54 22 23 72 142 96 58 92 117 124 76 94 114 89 61 156 139 115 74 26 82 55 69 135 68 42 28 38 19 49 44 104 137 21 102 107 100 30 138 63 16 106 20 51 29 90 141 126 111 46 18 77 79 59 130 128 70 35 91 88 85 84 112 57 64 87 113 133 65 155 73 101 48 93 43 
 136: 32 114 74 92 21 133 37 75 137 144 45 44 146 105 113 141 143 56 47 85 102 51 36 57 119 19 54 70 100 121 46 135 124 128 77 68 66 149 17 67 91 25 110 15 106 69 78 108 84 104 16 132 43 150 123 23 145 39 142 49 40 115 72 81 97 139 18 53 35 62 112 42 31 148 131 20 33 130 88 140 87 64 52 14 127 99 109 28 125 55 48 118 151 59 65 93 122 120 63 80 26 27 134 29 156 95 116 76 138 111 79 50 24 96 101 98 41 129 82 71 107 83 86 90 126 155 60 73 38 22 117 89 103 94 34 136 
 137: 76 113 120 123 137 101 35 43 30 52 102 144 124 122 126 39 46 54 20 136 77 84 59 23 85 119 51 36 62 135 96 69 86 44 17 107 138 133 56 106 142 128 104 29 80 74 110 78 121 45 63 115 33 125 89 114 24 34 38 72 18 98 70 27 32 93 111 66 88 132 156 127 150 57 49 79 108 61 118 95 131 68 67 141 146 14 140 130 15 87 149 109 19 28 26 116 112 105 99 53 129 145 42 31 50 103 58 83 100 65 151 92 25 91 73 134 97 22 48 75 64 16 143 37 94 139 117 21 47 55 41 82 40 148 71 90 155 
 108: 15 64 90 143 108 144 41 63 79 35 150 88 118 38 125 59 148 80 70 110 106 115 119 120 116 29 42 22 151 43 52 72 62 128 46 51 47 137 146 30 96 112 18 131 126 66 140 50 156 133 20 28 102 95 122 103 123 39 81 89 16 124 26 56 25 60 92 65 138 17 111 21 53 48 33 69 141 104 101 107 145 44 76 136 49 149 75 105 87 67 73 77 19 37 114 98 99 61 85 82 91 142 121 135 78 130 84 58 
 135: 45 40 111 114 52 135 106 15 118 104 80 25 84 129 140 47 98 57 150 44 82 26 148 132 43 95 60 120 109 143 125 139 115 51 155 124 130 19 24 48 53 108 49 126 127 56 59 107 101 71 146 131 46 27 76 87 22 113 117 33 89 70 137 149 121 144 92 141 55 41 91 79 67 32 122 21 72 39 100 38 112 23 29 96 54 17 68 37 99 103 61 133 93 123 63 69 58 81 138 20 50 110 18 128 14 64 66 151 75 73 30 142 156 88 85 65 116 28 90 86 105 74 34 31 78 77 134 42 102 136 35 16 36 119 94 
 107: 23 105 104 35 94 67 32 132 24 137 80 131 44 47 14 15 31 30 66 38 106 114 128 27 143 96 29 76 95 78 115 36 123 112 84 107 34 156 125 92 140 43 40 19 101 39 60 144 69 28 117 113 81 120 130 65 56 133 51 16 49 127 70 71 93 20 99 33 74 118 111 37 26 64 57 87 48 135 62 86 63 126 103 25 98 72 42 59 75 109 102 77 124 88 119 68 139 52 142 53 46 18 55 151 79 134 73 
 131: 102 133 56 142 65 73 27 124 60 35 70 74 16 108 111 69 15 48 99 151 128 86 84 21 89 34 117 66 120 45 20 119 54 118 91 129 18 145 123 30 76 112 71 97 121 130 61 125 53 26 50 19 29 33 115 28 122 51 44 43 105 31 150 77 104 37 113 109 138 100 90 22 17 80 92 148 81 141 23 103 36 83 78 143 110 82 68 79 25 116 32 155 93 94 63 41 58 137 40 24 95 136 47 64 67 98 139 134 149 131 49 46 140 156 127 85 107 57 39 144 72 42 106 87 135 59 101 114 52 38 126 
 106: 151 47 17 23 43 96 137 68 45 81 139 113 27 20 99 125 38 103 55 142 97 29 156 144 67 91 94 112 92 121 21 104 22 110 124 89 130 119 123 15 132 50 40 41 146 25 80 150 56 57 36 73 101 118 115 66 60 61 24 35 46 109 75 63 33 141 37 128 59 133 79 62 34 53 69 31 95 120 102 77 155 90 76 71 131 64 105 135 116 82 72 143 117 88 98 111 145 126 39 42 70 30 19 16 87 52 
 107: 56 29 100 39 38 65 46 139 102 50 93 86 105 116 145 84 144 28 22 151 55 104 131 70 85 108 23 78 111 27 137 18 113 35 14 121 126 128 87 72 96 97 124 44 103 16 98 146 133 136 81 30 69 62 114 119 134 92 82 125 34 155 122 63 76 26 118 37 59 148 106 49 36 132 57 112 130 80 41 156 43 141 117 109 83 40 64 129 90 74 58 61 47 15 24 150 88 135 71 45 19 77 17 31 115 138 142 
 129: 39 150 22 50 143 28 37 69 94 66 73 31 142 98 140 103 56 95 68 107 120 101 17 121 148 61 41 151 91 90 38 115 74 42 16 125 133 105 33 76 141 40 62 25 29 71 108 60 116 51 78 58 134 46 52 137 27 135 24 54 119 155 138 118 75 87 53 83 96 93 67 21 36 84 126 47 48 100 63 99 97 45 82 117 146 86 65 64 114 77 32 26 127 43 144 89 80 57 55 106 44 130 145 81 49 30 129 136 15 124 102 19 128 156 20 109 112 110 132 79 123 122 70 88 14 131 72 35 111 
 139: 130 81 89 57 75 135 156 51 30 90 149 138 145 120 53 131 132 128 38 126 103 64 49 116 85 36 15 92 78 84 117 41 109 67 129 124 55 91 44 143 70 72 150 123 137 136 37 104 79 76 102 105 61 58 63 142 118 155 20 140 96 100 24 54 125 25 139 42 122 94 144 134 34 45 148 33 40 82 83 48 114 87 17 133 108 23 74 59 110 27 119 111 146 26 68 106 112 14 39 93 107 141 73 16 66 80 97 52 71 98 19 101 151 47 21 18 127 43 46 95 31 50 77 121 99 88 32 28 29 56 60 115 22 86 62 69 65 35 113 
 115: 32 89 133 112 120 144 94 117 92 65 142 82 18 138 149 30 49 95 50 84 31 68 85 72 141 19 59 135 28 25 23 60 43 106 90 71 42 119 27 26 128 134 45 66 17 41 126 48 79 58 101 34 105 55 131 22 116 127 78 132 14 100 56 46 73 102 29 137 113 52 97 75 21 33 83 53 103 139 47 156 38 107 64 151 88 98 108 155 24 44 70 110 51 122 77 91 16 150 123 36 39 86 61 109 69 40 87 67 143 104 80 146 93 115 96 
 138: 100 50 60 28 54 144 81 130 35 29 58 90 123 63 83 31 30 141 56 142 104 85 111 20 120 48 138 139 74 140 66 131 61 62 121 23 65 78 99 77 64 19 137 103 136 98 110 135 25 43 96 116 89 155 102 129 149 105 17 53 156 55 33 14 132 133 106 73 101 51 115 127 26 39 72 44 113 150 18 52 114 119 117 80 108 69 32 84 151 91 49 41 24 146 92 59 94 27 57 134 126 45 70 16 22 87 128 76 36 109 46 15 95 122 38 82 40 118 88 112 97 107 37 145 79 68 86 42 71 125 67 21 34 148 47 124 143 75 
 131: 44 54 20 32 69 36 61 91 140 81 25 79 72 104 37 59 66 143 148 100 129 75 92 102 57 150 68 67 46 74 123 130 42 119 87 23 149 16 41 53 118 93 136 65 101 98 132 145 89 56 110 49 52 35 85 84 135 127 76 29 34 33 82 83 124 60 73 77 141 126 112 26 95 108 156 115 45 121 137 24 58 38 151 144 111 134 18 17 90 138 19 139 78 113 86 142 50 122 63 71 55 80 146 15 27 131 120 30 70 22 97 39 88 109 155 47 96 14 64 62 107 21 43 128 117 51 133 40 31 48 99 
 126: 61 141 92 96 36 138 41 113 78 40 74 86 84 90 97 37 105 115 68 77 123 114 93 146 70 23 130 134 116 30 31 133 101 148 22 135 57 64 65 73 60 55 34 63 150 42 140 88 126 82 142 95 87 46 129 32 121 69 108 52 38 94 103 143 28 131 149 85 145 67 26 27 56 49 128 43 81 98 117 39 144 120 54 58 104 35 122 110 25 107 62 72 151 17 112 127 132 15 118 59 19 50 18 119 66 51 20 102 76 47 99 109 16 83 24 45 33 100 89 125 79 137 75 139 29 80 
 138: 46 17 108 58 123 76 101 133 145 114 59 126 23 129 35 100 69 140 52 38 48 45 125 47 43 97 19 28 138 131 60 73 90 68 74 150 98 137 54 135 32 41 29 66 139 77 37 56 27 124 20 53 72 75 82 143 127 156 79 110 22 148 149 121 55 91 14 113 50 117 34 64 105 146 80 99 93 141 78 70 130 40 132 42 63 21 118 109 86 87 144 49 142 120 24 122 39 36 84 92 30 16 103 102 67 83 151 96 116 57 112 119 51 88 115 31 89 65 81 61 15 106 155 25 71 26 134 44 94 107 85 104 136 111 18 33 128 62 
 133: 78 96 103 121 123 80 60 136 148 93 97 144 107 119 70 16 52 98 72 64 108 140 141 82 42 49 54 117 53 51 110 28 122 41 101 99 22 155 143 139 128 104 100 92 86 46 14 125 26 25 94 27 142 83 75 74 131 138 21 58 120 102 149 18 56 132 66 61 114 24 137 38 67 109 76 113 15 79 145 118 39 19 45 112 31 156 124 23 55 127 91 90 57 135 106 17 32 43 65 134 50 69 48 130 77 47 151 34 40 105 36 44 95 126 146 133 129 84 62 116 81 73 30 63 71 20 68 59 35 89 37 29 150 
 130: 106 148 23 59 99 43 140 64 112 127 44 137 24 136 114 45 39 68 72 50 28 36 30 101 142 20 83 14 131 32 41 130 144 66 46 117 105 138 26 31 110 17 81 90 88 54 143 100 27 63 86 76 55 135 40 37 103 62 61 151 155 119 111 79 33 21 132 145 57 133 149 125 134 34 121 96 126 77 42 98 47 89 73 129 67 25 35 84 52 118 53 29 80 104 93 16 51 85 128 60 38 122 150 113 107 146 97 123 15 116 120 69 56 71 102 156 78 108 95 115 74 92 87 109 124 139 94 65 82 48 
 118: 148 99 103 18 54 41 47 68 105 85 66 33 45 140 20 17 86 23 146 76 14 90 74 144 130 34 19 124 62 112 87 82 104 92 102 114 107 84 132 115 142 83 48 88 120 97 111 26 73 35 60 136 117 127 121 110 91 139 156 69 95 116 145 72 24 21 134 78 143 96 109 58 93 29 151 141 63 44 100 51 125 67 27 57 37 137 50 106 123 122 43 53 39 16 149 133 56 113 36 138 80 61 31 38 118 25 150 75 28 128 22 94 40 52 71 79 30 15 
 129: 117 126 108 87 96 37 52 41 67 56 101 21 88 128 81 26 35 50 114 113 76 133 73 25 141 59 74 36 98 31 118 121 57 110 49 129 131 119 16 105 149 92 123 18 85 19 130 146 80 55 33 148 60 30 23 22 40 125 156 14 70 138 77 82 63 104 75 91 45 124 139 64 43 66 71 137 120 54 107 42 103 46 143 93 86 145 27 53 79 83 99 20 100 34 15 28 144 116 136 17 95 106 39 24 84 140 68 38 90 94 44 61 62 111 69 122 142 72 48 150 65 115 151 32 97 132 29 78 58 
 139: 130 82 121 80 26 113 112 106 59 54 79 44 24 114 68 142 134 135 97 128 40 148 126 123 102 96 47 43 119 23 34 70 156 143 39 46 109 78 116 127 21 89 99 90 117 140 15 50 28 141 60 30 36 100 84 32 101 74 92 45 145 35 104 22 149 61 38 75 63 19 122 105 17 132 55 150 139 110 125 51 103 31 48 58 33 108 37 65 151 91 18 120 14 27 88 77 95 41 98 118 16 42 124 131 25 133 76 137 49 86 29 67 129 146 69 73 93 52 155 87 62 107 66 53 115 81 83 57 136 85 20 144 71 138 111 72 64 56 94 
 127: 74 90 128 57 145 91 64 61 77 94 111 28 84 44 130 146 118 80 21 25 15 17 144 83 106 16 53 142 58 45 105 134 143 97 155 112 121 124 68 60 132 62 14 70 27 67 79 56 110 156 48 103 76 42 29 40 75 39 109 49 107 98 100 31 119 122 43 149 115 101 65 123 86 108 20 87 129 95 99 18 72 71 151 126 114 50 22 35 37 47 92 73 140 102 19 33 85 135 24 82 54 137 55 141 131 23 69 139 26 150 78 104 30 66 51 34 120 136 125 89 138 133 88 63 96 36 148 
 106: 83 51 146 72 128 44 30 64 20 43 73 24 34 52 18 29 47 55 88 14 106 35 127 82 94 63 25 74 42 142 120 155 115 135 92 39 16 111 101 137 108 93 62 139 116 45 22 79 119 141 96 90 144 71 38 97 133 17 27 104 56 50 68 117 125 109 23 151 114 75 60 102 15 124 76 36 129 57 95 89 19 99 46 134 58 105 136 65 53 143 41 107 121 28 126 138 110 148 69 77 103 122 132 78 113 32 
 127: 30 27 148 53 97 138 142 78 81 43 95 127 64 114 52 17 87 47 44 133 115 136 113 24 110 35 37 104 88 156 102 123 120 32 55 58 42 89 59 62 122 83 118 131 74 117 80 145 70 85 139 134 61 86 137 72 91 146 60 143 26 76 155 73 116 69 71 144 67 21 93 46 150 45 48 54 79 25 92 22 50 68 18 101 105 84 49 98 126 23 90 132 34 140 108 36 106 112 128 66 19 39 40 56 51 29 14 41 31 94 135 82 130 149 20 124 77 119 107 28 129 38 141 33 109 65 125 
 127: 64 151 23 52 87 116 17 33 106 53 101 21 15 131 139 137 18 99 45 34 102 149 90 46 114 127 60 126 136 29 75 25 49 77 56 92 78 115 145 55 118 128 103 130 51 28 57 110 36 148 22 32 91 67 138 39 59 30 129 74 73 72 119 42 83 104 69 24 155 16 113 123 47 133 109 81 141 88 20 40 140 100 108 14 70 97 96 84 66 142 122 61 26 48 19 124 117 135 79 68 85 143 63 37 80 107 146 62 150 44 31 132 95 98 89 105 41 82 121 71 54 111 120 65 35 134 156 
 135: 71 47 95 18 133 78 102 98 100 63 33 40 15 87 62 20 143 134 93 114 115 30 136 120 140 79 38 60 28 41 21 70 84 37 50 96 85 57 68 19 69 55 117 81 112 104 72 101 106 29 65 32 86 128 89 126 27 146 113 121 17 82 61 155 76 137 145 122 144 43 118 49 44 110 88 129 149 73 34 150 99 46 91 45 16 48 142 58 131 59 24 56 66 42 141 132 135 105 119 26 80 92 156 125 67 74 83 53 138 39 75 148 31 14 90 54 124 51 52 107 97 116 94 64 151 109 25 23 77 108 111 36 139 103 127 
 129: 106 65 50 46 32 138 47 144 140 92 89 155 95 94 137 130 63 24 23 127 98 114 93 14 116 25 37 31 71 58 99 79 76 40 81 59 149 90 26 87 28 118 113 34 103 139 53 143 80 145 45 124 73 104 123 115 120 109 112 121 141 97 84 68 101 148 91 150 86 16 85 82 15 75 110 22 35 29 41 128 21 100 49 72 56 136 88 20 151 57 17 51 27 78 131 70 133 108 119 39 60 142 129 125 134 107 54 122 64 52 126 44 19 61 18 55 83 132 135 117 33 67 111 77 42 96 48 69 36 
 125: 30 151 34 105 40 71 26 111 70 90 134 69 84 50 66 140 98 36 41 19 86 113 150 124 120 100 28 130 99 103 87 102 53 47 85 125 14 97 38 94 42 61 92 79 39 80 121 104 91 82 74 44 129 83 60 131 55 43 136 35 48 101 106 25 115 52 155 95 135 67 96 78 114 31 32 24 89 122 23 68 93 15 109 65 123 33 139 143 27 22 18 137 133 119 108 112 148 57 58 149 126 73 118 46 145 49 63 76 117 116 138 107 156 132 54 29 37 62 51 59 45 142 144 88 17 
 126: 117 96 69 28 89 75 109 150 146 131 126 118 18 84 56 49 123 57 143 65 61 72 99 100 66 142 133 38 59 87 102 74 73 82 101 34 50 70 129 27 22 83 80 98 94 24 39 29 68 140 144 55 149 92 42 17 120 134 110 48 41 36 127 54 62 141 37 148 132 23 90 40 21 15 88 32 25 107 33 138 58 31 124 77 145 60 113 43 105 151 137 103 122 95 106 136 19 67 111 20 97 115 30 52 93 116 76 121 78 85 45 44 119 108 112 114 26 139 46 156 64 125 35 81 130 135 
 56: 186 164 161 201 146 185 180 211 169 158 147 183 168 206 209 190 148 212 166 174 162 189 167 210 215 153 200 152 142 202 187 156 171 159 177 173 204 182 188 208 157 191 178 151 196 194 192 193 175 149 176 184 197 150 165 145 
 61: 192 212 198 193 201 166 194 170 185 163 189 180 177 186 176 152 142 173 172 154 208 165 148 206 175 146 168 190 181 202 215 211 200 160 205 149 199 167 174 210 161 171 158 159 143 195 197 169 153 151 187 145 156 191 196 179 155 147 150 204 178 
 66: 171 166 152 172 180 147 168 206 184 146 193 170 144 188 164 149 169 190 175 177 150 197 162 153 167 182 165 205 161 148 192 186 202 199 195 203 160 181 156 198 154 201 204 174 210 187 183 159 179 209 157 176 158 191 185 151 200 173 208 143 155 142 178 145 163 215 
 60: 154 199 180 151 178 193 147 206 167 176 164 175 188 204 152 160 186 162 215 142 198 146 184 200 189 185 202 201 144 208 190 174 191 168 210 149 172 145 197 170 177 156 182 173 211 203 157 196 192 169 163 148 179 181 166 158 187 195 194 171 
 56: 186 189 167 168 152 153 201 170 206 151 202 159 171 142 154 195 149 203 161 148 177 208 156 147 210 162 187 144 184 158 150 191 165 172 212 199 143 175 188 185 194 197 157 182 176 173 145 192 204 183 193 215 160 190 209 179 
 61: 210 169 193 148 177 164 172 204 181 191 196 189 201 188 197 174 156 183 158 145 215 152 168 166 144 200 190 175 182 187 203 173 206 185 149 147 146 186 153 160 178 199 143 180 192 154 212 179 209 163 142 184 150 167 155 202 205 194 151 211 195 
 64: 197 200 148 199 215 188 209 198 212 196 154 194 189 174 178 170 173 158 152 179 192 184 151 181 168 145 186 166 183 175 157 155 150 163 211 191 204 176 193 202 153 190 142 147 185 195 172 156 169 180 187 143 177 162 146 205 144 167 203 182 149 206 164 161 
 54: 143 163 167 173 145 157 194 185 184 198 183 147 158 180 202 193 161 190 160 186 153 187 170 206 208 144 204 182 152 200 174 195 205 164 175 192 209 162 211 215 178 196 212 181 176 149 203 168 156 177 179 142 191 199 
 56: 171 195 189 146 186 203 177 157 164 152 148 211 154 202 198 196 167 144 181 206 204 162 151 208 145 168 215 188 169 173 192 212 199 205 176 201 170 193 182 161 190 158 191 200 178 149 209 183 179 147 166 143 184 197 163 159 
 70: 209 187 208 151 193 163 175 200 168 145 205 153 173 165 186 166 178 157 169 170 167 180 215 160 162 185 197 198 210 196 181 211 199 191 156 188 149 154 204 177 203 144 142 206 174 194 192 158 184 155 189 161 201 150 176 202 182 179 146 171 212 164 143 183 148 152 159 147 172 190 
 60: 164 197 180 170 169 167 153 159 204 149 182 160 196 154 166 215 188 210 194 165 203 183 200 173 179 143 176 155 163 185 147 189 190 184 198 175 186 151 192 201 148 142 168 157 202 205 187 172 178 174 199 193 181 209 206 177 144 212 145 150 
 65: 186 193 161 198 154 169 181 208 202 170 180 174 157 210 164 165 187 153 156 176 166 212 188 144 184 171 175 152 163 204 150 179 182 155 215 149 158 183 159 194 201 209 146 196 167 160 148 200 197 142 190 211 143 195 172 199 162 191 147 168 185 203 173 177 192 
 66: 163 177 190 202 160 212 164 211 194 159 171 162 165 178 148 191 189 173 149 205 188 195 184 185 145 201 153 192 208 193 143 176 152 186 157 172 170 199 203 155 167 146 180 196 166 142 198 150 174 210 156 181 206 179 197 144 158 168 161 215 200 147 204 154 169 187 
 57: 166 144 179 206 169 185 202 181 147 152 175 200 199 183 195 160 154 203 163 194 143 161 184 167 176 155 208 170 212 145 153 151 174 190 172 192 173 209 180 188 205 210 197 201 177 182 159 158 164 165 149 157 150 198 189 178 162 
 62: 153 200 144 198 157 180 211 204 163 182 175 159 156 143 150 152 177 197 165 187 206 196 178 191 146 199 205 147 158 160 185 176 155 212 183 184 149 145 201 190 154 170 174 186 188 179 168 195 193 202 161 192 148 194 169 189 181 164 162 151 215 172 
 68: 171 143 198 157 206 172 142 154 181 166 201 176 161 180 200 167 215 187 188 173 153 195 202 150 199 144 160 190 178 211 210 159 168 193 194 209 184 146 148 185 152 163 151 174 156 170 179 212 192 182 189 186 165 197 162 183 145 155 169 208 149 203 147 191 164 175 196 158 
 67: 155 177 142 204 146 205 160 195 168 210 193 152 148 190 191 156 159 211 165 192 154 175 153 206 184 173 166 174 147 212 185 179 196 202 178 181 172 145 176 169 197 163 198 208 200 161 188 171 189 143 150 162 149 209 203 144 199 215 164 201 170 194 157 182 183 187 151 
 59: 203 187 190 157 183 149 162 171 199 191 152 184 194 182 211 178 155 208 175 197 161 164 154 144 150 156 151 169 195 170 206 148 181 168 167 202 177 193 204 165 185 189 196 159 173 205 198 192 201 166 172 158 163 209 186 210 143 215 142 
 71: 201 212 161 180 160 196 143 156 181 151 146 178 169 197 193 211 162 154 187 149 185 199 203 206 183 170 205 168 215 204 165 198 176 167 190 194 195 171 209 144 159 152 200 177 174 172 208 164 186 191 192 153 158 142 147 148 210 175 202 150 184 166 179 145 182 163 155 157 189 173 188 
 60: 187 164 158 188 215 162 199 190 168 185 146 180 143 163 171 206 191 208 197 205 181 189 161 212 183 211 155 174 170 204 148 178 169 201 142 150 195 144 157 184 149 186 172 193 176 173 160 203 145 165 198 156 159 200 192 167 166 202 175 177 
 63: 189 159 206 203 190 185 151 180 205 183 163 168 198 158 202 165 154 157 170 175 200 166 147 178 169 146 161 167 174 181 145 164 193 176 191 150 144 208 187 212 192 172 194 152 210 184 162 142 204 148 171 143 177 211 160 153 186 179 196 156 149 215 195 
 57: 212 158 153 146 154 200 162 187 188 176 143 181 215 183 142 175 205 170 173 179 191 180 174 195 193 152 192 189 155 203 164 167 197 210 202 151 204 147 186 190 149 169 165 160 168 172 201 196 157 184 166 211 144 161 208 177 199 
 66: 166 145 171 205 215 157 212 208 169 173 144 200 203 142 174 211 197 201 204 154 181 183 186 185 155 160 161 148 192 182 152 188 179 193 150 172 184 158 151 199 196 147 202 168 178 175 176 189 163 206 156 187 149 210 162 190 165 159 153 198 146 180 195 170 167 194 
 55: 204 171 158 155 206 202 212 174 178 177 168 172 208 176 194 152 163 179 201 148 180 149 191 181 205 167 195 146 162 193 198 188 175 170 161 151 183 210 203 159 156 185 189 142 173 165 147 182 184 196 144 166 157 197 143 
 62: 163 147 186 171 182 208 177 165 167 156 203 188 197 153 175 161 187 200 166 162 150 204 148 180 189 191 205 158 206 168 174 184 185 210 202 195 193 194 164 179 169 199 211 157 172 176 170 215 196 198 149 183 154 192 201 146 190 181 159 151 144 152 
 67: 186 208 149 176 199 192 182 163 152 193 150 212 174 183 148 168 215 161 164 145 151 195 198 177 170 191 166 146 181 165 203 205 194 173 160 178 142 210 147 156 209 144 187 200 201 190 206 169 185 167 180 157 202 155 159 172 196 197 154 188 158 211 179 189 143 204 175 
 59: 165 161 214 203 173 210 180 176 179 200 175 177 188 178 215 166 181 209 195 174 191 170 223 186 208 189 164 202 187 199 169 218 231 224 182 167 196 225 184 213 190 219 198 168 194 171 211 197 222 204 227 232 163 212 220 226 162 183 221 
 61: 216 215 169 195 226 206 205 209 177 219 186 221 222 187 174 211 199 204 208 213 182 224 194 220 176 218 202 163 227 162 178 188 166 200 181 190 203 172 165 189 197 161 232 184 175 164 210 217 212 231 168 201 179 198 167 193 171 196 223 173 170 
 63: 206 165 171 232 186 166 218 209 223 211 170 182 172 204 169 183 196 200 162 192 167 214 197 215 227 201 212 181 219 199 217 180 190 176 203 202 224 184 195 205 191 231 177 163 164 208 168 161 221 175 178 188 207 187 185 174 213 173 226 225 189 210 216 
 55: 187 196 217 211 232 199 215 223 208 221 200 207 190 219 194 216 201 166 176 191 193 195 189 209 184 202 186 210 197 188 165 213 178 224 164 177 214 212 203 168 225 220 163 205 198 161 226 231 204 174 180 171 162 218 181 
 56: 196 194 207 223 224 216 217 181 186 195 175 165 221 161 208 180 225 209 202 177 190 184 198 215 172 204 162 164 192 183 189 185 182 174 211 169 200 218 212 232 170 191 188 167 187 219 178 231 197 193 213 168 166 227 205 203 
 52: 206 215 173 216 197 191 175 169 196 188 174 194 205 187 162 185 222 166 211 184 195 172 183 202 192 189 200 203 221 177 190 167 223 161 226 178 219 220 180 217 232 224 212 163 171 218 179 207 186 168 227 204 
 68: 168 163 209 174 222 193 216 231 166 179 196 223 185 202 208 161 164 227 186 175 221 170 201 210 183 171 191 180 225 206 188 211 162 226 187 199 217 232 219 176 220 182 205 203 181 198 215 190 212 204 184 200 213 189 195 167 165 194 177 218 197 192 178 207 214 173 169 224 
 56: 204 192 162 195 167 175 196 218 163 166 208 215 203 232 231 161 189 210 222 176 194 172 185 187 174 221 179 207 184 178 217 206 200 223 168 164 183 214 193 171 181 177 199 202 165 186 180 197 173 201 226 213 209 198 219 205 
 54: 211 232 206 174 180 212 186 163 164 195 216 198 167 209 166 177 210 220 203 176 222 192 194 185 214 179 221 170 183 161 200 188 226 199 190 227 225 202 173 168 217 181 187 223 196 175 204 213 189 231 182 197 162 171 
 63: 216 183 223 208 163 162 170 187 227 184 189 224 166 165 210 180 222 213 201 204 161 231 186 177 176 215 207 192 197 202 171 182 185 206 200 220 196 168 214 212 194 169 199 195 174 172 225 190 191 198 179 173 205 232 209 164 211 218 193 178 167 226 203 
 65: 201 196 197 179 178 168 202 177 224 200 193 169 170 225 173 227 167 172 208 198 205 221 166 206 211 232 182 176 175 207 212 216 186 192 223 171 204 215 222 161 183 210 218 162 226 181 185 184 163 164 203 214 199 220 231 174 213 187 209 190 188 219 165 180 195 
 62: 214 170 183 232 205 219 194 165 231 211 190 191 223 188 206 192 180 218 199 163 193 201 215 196 181 195 178 162 225 185 210 217 171 186 216 198 227 208 207 187 176 220 189 177 212 173 172 164 204 175 203 161 221 167 168 169 197 184 200 166 213 202 
 52: 187 224 194 212 168 231 169 213 217 181 215 226 166 221 172 161 190 216 232 174 189 207 183 196 203 199 178 209 188 184 179 222 206 170 200 164 219 180 204 205 223 197 227 165 211 193 210 225 208 185 195 167 
 53: 212 198 175 200 162 215 192 205 185 187 189 211 202 176 214 207 188 221 227 204 196 165 226 163 208 209 186 161 164 182 193 191 222 183 197 223 180 169 170 225 199 174 224 232 217 181 172 206 194 220 171 166 168 
 66: 213 189 216 223 168 185 222 182 192 180 220 226 172 231 225 202 187 210 194 217 184 214 201 162 179 232 191 215 166 211 203 196 199 227 193 207 188 174 163 169 212 167 178 209 171 221 175 224 177 206 161 190 208 181 219 186 204 205 173 197 218 195 164 165 183 200 
 64: 216 218 207 231 219 209 202 211 224 166 174 206 210 172 208 232 173 192 176 201 223 179 203 188 190 198 162 225 205 185 165 178 215 167 194 170 227 177 171 183 200 197 184 168 163 175 226 195 187 193 220 182 214 161 191 217 189 186 169 164 180 222 181 221 
 53: 169 181 183 178 200 201 197 175 167 223 207 224 164 221 184 190 187 192 176 232 193 217 209 222 196 220 182 186 194 215 195 173 213 168 208 163 180 202 206 218 210 212 177 203 216 219 211 226 162 231 185 204 172 
 54: 198 166 212 180 195 181 196 176 171 199 191 207 186 231 200 163 183 214 178 208 172 232 189 227 190 188 185 184 169 221 179 211 192 164 182 223 215 216 206 194 226 222 203 219 187 161 225 170 218 175 177 193 167 174 
 68: 208 189 181 218 223 162 177 163 220 182 198 226 172 173 191 213 215 180 161 200 225 195 170 222 184 188 224 194 214 221 187 168 197 167 175 178 217 171 204 165 199 211 174 190 196 212 176 193 210 205 206 209 164 185 203 232 186 219 183 202 192 201 227 216 179 166 207 169 
 55: 225 232 206 180 163 223 216 201 205 164 200 204 199 167 170 183 215 217 184 211 177 203 207 173 185 161 191 188 168 187 214 166 171 190 178 193 231 222 195 186 174 227 202 224 169 194 221 182 209 192 213 172 220 162 181 
 59: 170 205 187 164 222 169 173 183 192 215 191 216 185 182 175 201 213 210 166 223 212 177 211 184 209 208 195 226 214 180 200 172 181 221 168 193 220 171 198 218 231 176 161 189 202 203 174 163 199 167 188 179 207 197 206 165 196 178 186 
 69: 231 172 215 201 178 195 165 174 168 167 222 209 205 217 200 225 182 207 179 169 213 177 189 223 212 216 208 170 204 197 220 226 196 199 210 162 192 166 202 173 184 183 181 171 198 161 176 188 224 193 164 187 190 180 214 203 227 211 206 191 221 232 175 186 163 219 185 194 218 
 53: 216 172 180 186 209 191 178 187 219 194 223 168 184 226 217 193 181 221 227 200 163 204 222 161 162 205 179 176 207 177 220 202 225 210 171 173 183 166 213 189 206 195 190 175 208 214 165 232 224 231 188 192 196 
 66: 195 172 193 190 221 194 173 168 162 191 222 179 164 225 215 161 163 169 208 223 176 231 205 185 211 200 203 167 182 175 196 217 214 213 204 226 192 210 224 189 232 181 201 220 165 216 207 188 199 174 187 219 212 209 186 166 171 198 218 202 227 197 206 183 177 178 
 69: 191 189 171 209 169 211 208 182 207 217 178 188 210 232 195 193 213 172 212 219 216 206 175 218 194 163 201 215 204 198 162 220 205 231 221 168 192 161 223 185 184 173 202 164 196 165 177 225 174 227 166 170 203 197 186 179 226 183 224 187 180 176 181 200 167 214 199 190 222 
 53: 171 204 223 225 177 163 169 214 187 167 213 210 161 232 179 165 218 222 203 200 175 164 217 176 182 221 231 201 194 190 226 181 196 215 219 166 212 209 206 193 192 199 198 183 197 208 162 173 216 180 185 172 170 
 98: 295 222 335 249 296 271 289 299 320 322 228 319 261 337 260 321 248 229 258 329 311 242 230 292 323 324 238 284 221 309 265 314 303 263 275 278 301 268 224 279 302 310 259 237 217 267 262 328 269 336 313 266 239 251 235 307 243 257 264 231 280 234 273 253 287 276 241 247 308 300 233 281 325 219 331 282 333 305 318 334 306 332 232 277 294 255 290 285 252 240 304 298 246 317 220 326 254 236 
 106: 336 335 228 246 283 251 298 247 331 229 263 239 238 320 333 225 242 319 217 271 291 275 317 267 241 258 259 274 329 309 312 296 226 250 295 249 299 280 273 307 253 294 234 313 281 318 232 284 272 311 269 322 248 282 235 233 264 308 257 315 219 245 222 270 265 288 302 303 279 231 223 261 260 292 277 276 244 305 236 262 220 306 314 218 301 278 240 254 328 227 293 224 321 286 285 297 268 289 255 290 266 330 252 304 334 256 
 121: 288 231 312 218 284 324 270 268 267 244 313 265 252 281 293 276 253 320 245 292 234 318 326 249 240 290 261 297 296 255 331 314 278 307 269 221 220 328 327 300 219 262 226 310 295 291 263 247 246 274 289 311 317 242 225 336 251 258 319 321 241 248 335 306 239 287 294 308 275 217 272 264 228 323 227 273 232 338 257 238 302 222 224 233 299 282 230 301 254 332 229 223 309 286 237 277 337 280 325 285 330 236 333 266 304 334 316 298 303 315 256 305 260 322 283 279 271 259 243 329 250 
 101: 217 234 258 246 294 267 259 324 229 257 322 298 225 306 222 307 302 240 308 269 263 291 303 242 316 284 231 289 282 325 255 314 286 311 287 220 256 326 254 310 323 318 290 317 330 228 268 236 288 319 226 299 253 304 301 232 276 264 219 260 275 338 320 271 273 283 252 251 281 321 274 292 270 233 279 248 266 278 244 221 315 262 235 329 227 313 296 250 328 247 293 272 277 309 312 300 280 239 223 230 332 
 119: 255 265 270 227 260 337 253 262 328 248 289 225 259 251 239 291 324 236 221 329 290 228 307 266 271 235 288 254 224 268 249 283 218 234 300 226 295 243 274 327 286 320 219 334 222 303 319 316 285 276 280 272 330 321 284 313 297 229 306 336 296 294 292 230 323 250 246 247 282 311 244 315 256 257 275 309 267 333 301 331 299 273 302 238 261 332 304 264 231 318 308 233 298 322 278 220 279 325 317 314 223 240 252 232 293 263 335 312 305 242 277 310 287 326 281 245 338 258 241 
 107: 310 232 249 333 323 286 326 268 313 236 334 254 307 242 279 281 248 259 303 325 338 321 312 300 328 302 317 246 225 224 294 297 226 335 241 283 290 324 304 234 319 274 296 284 291 233 217 275 231 250 239 237 330 218 298 295 311 289 285 301 221 299 253 257 261 329 292 255 245 244 315 227 229 243 305 327 318 270 288 337 332 273 309 272 247 220 260 306 258 280 222 320 219 269 264 266 230 331 238 228 256 263 276 314 267 265 235 
 113: 265 334 258 217 271 283 330 224 329 294 238 273 331 226 306 317 321 300 291 287 284 242 297 308 222 311 303 277 282 285 302 298 286 259 304 327 256 244 322 235 280 289 299 270 225 227 325 240 290 264 229 221 228 296 255 338 269 261 316 220 223 233 288 320 295 301 263 266 239 336 278 249 250 245 274 324 237 234 310 260 279 305 333 231 315 253 272 267 276 319 230 312 252 254 248 328 332 281 246 293 241 218 236 337 247 335 275 251 219 292 268 243 262 
 106: 238 298 294 226 269 277 258 285 284 282 293 318 287 325 324 306 272 239 326 288 245 241 251 217 236 260 218 264 267 335 286 253 295 301 317 332 232 268 234 262 263 246 336 261 315 292 303 302 328 314 223 219 321 224 229 320 259 265 221 296 333 230 250 222 247 331 307 313 231 300 305 309 281 278 243 330 227 279 266 242 291 237 228 274 311 255 249 329 327 220 248 273 322 319 275 308 257 235 252 290 299 337 310 244 304 323 
 121: 287 267 325 269 304 278 218 300 223 254 317 270 279 265 241 222 244 319 259 227 231 252 271 242 333 263 276 318 234 217 250 226 239 235 229 245 277 258 311 297 283 260 219 290 316 284 299 313 323 289 334 220 320 246 285 331 326 329 264 268 240 315 249 266 324 255 251 295 248 262 224 280 238 257 332 322 328 233 281 306 321 243 232 230 310 292 309 228 335 221 312 330 236 288 338 294 305 303 307 273 298 272 302 274 237 282 327 301 308 225 256 275 336 291 261 314 293 253 337 247 286 
 117: 327 248 257 267 286 302 239 245 256 321 308 262 276 335 288 254 224 253 296 316 249 269 265 260 228 330 231 271 235 238 270 252 217 306 264 284 241 311 278 227 283 325 237 251 259 318 313 281 331 317 304 332 324 319 220 240 309 242 275 322 219 233 297 334 292 273 250 225 285 223 229 291 221 232 336 287 295 312 299 236 315 277 310 294 226 246 266 244 303 247 293 218 280 301 282 274 258 289 314 329 268 323 263 305 243 300 320 261 307 326 328 279 222 234 230 338 255 
 111: 308 233 314 262 309 252 333 320 229 282 255 291 218 317 267 225 268 325 300 259 338 236 290 294 245 258 253 272 277 240 332 323 265 239 288 263 284 315 306 298 335 327 276 226 321 217 270 334 326 281 296 324 307 312 244 313 247 285 319 328 237 279 251 301 231 322 221 228 271 266 278 220 280 230 297 337 223 273 264 275 292 254 310 331 248 249 289 238 330 302 287 304 224 299 286 260 269 318 232 243 250 261 222 305 219 241 274 329 311 336 234 
 107: 301 303 231 235 237 255 333 304 320 289 285 337 253 315 328 300 297 220 270 325 305 295 250 324 248 226 229 217 319 329 228 282 327 287 286 262 334 338 232 316 292 278 243 257 261 267 247 298 322 233 326 252 332 279 244 294 242 272 306 317 265 302 246 293 310 335 288 258 313 280 281 264 331 276 254 330 299 240 312 269 283 266 311 271 234 290 309 218 284 321 249 230 256 219 268 241 245 238 291 307 274 227 259 223 260 318 224 
 113: 221 315 287 267 323 304 270 302 268 235 254 312 255 310 260 236 223 250 320 288 316 233 261 297 257 247 234 242 299 311 271 220 275 332 265 231 280 317 335 249 282 276 237 337 279 243 240 217 229 256 322 226 272 245 326 253 241 225 289 324 305 281 298 296 329 308 295 306 228 248 333 292 309 274 327 294 262 336 230 283 285 251 328 222 313 258 218 338 252 244 269 330 278 286 227 224 290 301 263 219 307 303 284 266 314 334 273 277 331 325 293 300 239 
 105: 222 274 248 297 254 260 317 291 272 243 286 223 262 290 257 246 253 284 288 241 300 319 218 282 276 258 280 245 287 308 305 268 278 329 327 335 295 303 322 263 333 320 334 251 292 285 296 230 270 227 338 330 255 321 259 217 281 264 221 331 275 269 310 304 298 299 219 229 252 273 318 311 271 279 314 237 289 247 293 240 328 306 265 261 256 325 234 232 337 316 266 267 249 323 233 277 313 309 231 326 250 244 302 332 228 
 110: 331 264 321 236 221 269 322 279 319 320 226 288 267 258 305 294 312 334 324 299 252 227 270 326 276 234 278 327 261 268 293 325 272 338 257 223 317 224 286 217 289 290 248 315 307 274 284 336 283 242 231 250 308 275 240 337 304 285 292 219 314 313 330 281 229 271 233 328 295 220 329 232 262 303 300 296 318 228 251 260 255 282 254 237 239 302 287 291 333 225 235 249 301 241 246 265 309 266 311 218 238 280 277 222 298 244 273 332 310 243 
 112: 301 251 222 257 337 267 252 273 298 261 331 227 224 225 263 264 321 234 280 327 271 249 324 294 258 253 333 328 275 322 284 323 276 312 246 296 314 291 307 268 319 242 274 248 308 304 326 295 316 269 286 241 297 272 256 320 220 329 219 303 237 233 282 334 250 300 231 277 232 228 218 325 266 287 260 338 330 239 270 283 289 293 279 226 217 299 235 305 318 290 309 259 223 281 245 310 230 317 265 240 262 285 243 336 313 311 255 302 221 229 238 292 
 105: 328 228 283 337 229 336 298 239 290 225 267 245 238 326 269 316 302 248 284 268 314 318 282 279 235 307 315 254 329 330 218 257 246 310 324 288 221 277 319 241 236 325 271 322 220 261 301 297 317 273 272 313 255 299 217 323 331 258 286 333 281 226 251 321 311 309 289 233 278 244 304 230 285 312 300 247 227 295 243 253 274 224 249 303 275 308 338 262 242 219 260 327 266 287 332 259 320 222 305 263 335 276 292 296 240 
 115: 244 217 328 319 329 324 239 318 230 242 235 337 296 330 280 313 325 304 302 286 240 281 307 297 245 251 264 278 308 218 292 265 243 268 225 241 306 260 283 249 263 323 333 250 321 223 232 298 273 309 236 224 252 338 320 315 289 267 317 287 285 247 305 234 256 294 303 336 334 238 222 255 284 282 310 291 258 279 311 299 237 275 295 274 293 335 221 262 270 277 246 226 276 253 312 229 272 227 269 300 288 248 266 316 332 219 326 271 228 261 290 314 301 254 327 
 122: 267 253 312 316 315 225 258 330 239 245 299 231 271 248 309 252 229 278 332 292 238 321 280 338 256 283 295 228 223 230 261 273 259 244 250 322 328 235 217 317 334 307 305 311 233 336 337 277 320 274 268 247 257 276 237 263 287 294 269 323 297 275 224 335 226 240 234 218 260 324 262 266 285 327 255 333 265 302 281 319 313 325 293 232 303 222 331 242 304 310 241 243 221 296 236 220 286 298 254 290 227 279 308 301 291 329 246 249 289 272 282 219 264 270 300 318 306 326 314 288 251 284 
 119: 230 267 320 243 313 242 306 296 285 261 326 257 309 298 238 311 327 290 284 325 244 333 231 336 248 299 322 271 250 269 314 262 315 239 249 280 289 255 319 297 224 221 270 218 295 259 245 292 236 247 237 337 277 288 282 246 260 241 312 252 291 328 308 324 265 225 274 217 321 330 253 307 279 235 338 234 334 266 232 233 228 275 300 273 276 254 226 302 286 229 301 335 223 332 240 329 227 219 251 323 304 281 331 294 283 222 316 310 220 278 293 305 256 268 287 303 318 263 264 
 112: 272 326 218 338 302 322 291 217 281 293 252 224 324 275 244 278 229 245 221 280 316 309 311 335 268 310 284 225 247 314 303 295 254 246 306 231 270 271 240 262 259 328 337 250 297 327 330 288 307 267 235 299 325 289 265 287 294 317 292 298 239 277 243 220 320 323 282 263 273 233 258 253 308 332 228 241 296 333 256 255 279 285 313 238 334 318 226 260 266 227 261 257 248 283 251 301 274 237 290 222 230 276 219 232 319 234 321 286 269 223 236 304 
 97: 228 248 323 298 294 265 250 276 239 257 273 324 243 330 262 286 253 271 309 275 287 317 305 237 217 232 230 338 258 240 278 268 292 331 235 314 334 303 252 219 277 242 256 269 337 306 315 327 220 241 335 320 245 325 260 296 280 290 266 291 255 233 293 312 279 274 227 263 289 333 218 231 308 282 319 332 299 295 234 222 236 244 321 313 249 329 284 326 267 311 307 310 297 304 300 301 259 
 116: 279 328 222 218 256 249 329 326 308 327 271 285 287 221 298 320 268 288 234 281 217 286 311 301 242 334 231 289 245 238 337 228 306 303 248 244 275 291 255 317 223 262 274 310 296 312 297 265 225 280 282 224 258 333 240 314 235 276 304 300 313 227 309 292 307 330 247 294 321 318 261 295 272 299 325 302 220 219 284 236 264 290 250 269 278 241 335 332 253 260 237 230 319 273 322 324 251 257 336 232 323 331 283 267 246 277 315 254 226 252 263 338 233 305 266 243 
 117: 244 220 325 317 239 277 223 228 291 264 322 308 290 313 257 235 224 262 272 337 286 267 227 253 247 312 318 326 328 260 330 217 266 256 259 319 307 293 245 232 294 300 297 310 299 321 301 280 250 238 236 249 263 306 315 246 316 329 289 230 334 241 251 274 221 336 311 323 231 248 288 304 237 295 298 338 225 276 309 303 271 270 279 281 324 261 331 226 233 269 327 240 287 229 258 333 255 292 268 314 243 265 275 219 252 332 284 222 305 283 278 273 254 335 218 296 282 
 100: 262 279 312 296 273 323 270 252 284 328 238 310 292 314 337 311 245 240 280 281 250 304 218 325 271 338 306 268 301 276 272 313 326 267 321 220 230 329 244 318 277 234 282 330 303 315 231 229 247 299 243 316 333 225 300 275 235 335 291 255 239 286 259 334 294 320 241 263 249 283 260 332 256 324 289 336 237 307 254 285 264 253 293 317 227 327 224 251 257 246 242 295 236 222 232 266 309 322 331 274 
 92: 233 335 254 291 220 259 310 316 263 242 246 235 337 227 234 268 241 265 244 243 326 330 281 226 225 324 260 325 303 312 221 272 292 249 237 295 304 289 261 256 323 228 217 240 232 331 239 293 229 282 328 301 264 306 320 219 317 236 223 247 300 297 311 334 218 262 238 308 271 248 270 321 231 251 266 224 280 279 258 269 318 245 283 278 305 222 267 285 302 284 329 290 
 94: 325 298 310 336 242 315 304 236 335 248 286 260 234 299 334 233 262 333 311 332 278 303 301 244 267 250 305 218 321 220 280 316 319 284 246 294 247 263 295 264 320 225 256 285 257 275 243 258 328 292 251 306 327 293 308 238 245 318 227 272 312 323 252 283 330 271 219 217 289 237 230 279 307 309 239 249 253 300 221 226 266 317 229 302 269 297 254 281 240 291 268 270 290 326 
 111: 228 333 250 217 320 277 280 227 259 338 312 319 236 260 336 263 330 301 323 234 281 317 315 226 251 307 264 219 311 223 289 287 242 322 304 249 275 300 294 258 243 279 331 229 272 332 295 285 284 218 220 296 292 318 310 240 238 239 237 221 262 298 248 225 306 233 282 224 266 290 321 255 274 271 328 256 288 257 273 232 297 291 325 247 335 314 254 245 283 269 337 265 334 241 235 267 261 276 268 329 230 231 299 252 309 278 253 308 303 305 270 
 97: 310 290 280 331 273 220 230 315 297 300 235 272 241 227 217 320 229 237 307 311 277 330 246 334 249 286 260 317 305 232 332 337 291 269 259 287 247 219 245 226 233 322 292 324 255 225 329 218 222 238 275 264 313 289 316 293 240 303 306 318 265 239 336 327 308 296 279 294 242 312 295 314 281 268 276 274 301 298 321 253 258 270 221 262 319 261 282 285 288 325 304 254 266 338 302 299 283 
 111: 281 220 305 254 296 258 279 321 310 308 332 311 312 251 316 238 233 236 337 265 235 336 315 283 230 289 261 280 319 234 222 240 307 314 221 244 327 278 285 225 303 247 257 302 295 243 333 326 288 250 329 294 217 268 252 246 323 320 300 324 338 270 273 301 335 293 223 306 287 271 241 263 274 282 260 334 277 264 313 276 237 224 262 317 325 226 286 231 249 229 228 330 245 284 290 239 328 253 298 318 299 272 259 297 331 219 309 256 255 227 218 
 117: 288 332 326 250 329 317 240 237 254 327 310 252 231 223 300 271 295 303 262 259 335 276 217 272 279 238 264 291 266 287 316 304 218 315 318 229 251 257 302 234 256 265 292 306 334 298 243 278 263 285 255 289 331 226 283 273 319 270 324 241 228 320 311 330 242 275 225 235 233 328 219 293 274 308 322 260 249 277 246 299 245 313 296 314 337 282 224 244 221 232 247 230 338 301 336 305 220 280 281 294 309 236 222 321 227 312 284 267 258 333 325 297 269 286 290 307 261 
 115: 279 224 338 282 238 252 235 258 217 304 313 287 310 236 308 241 229 285 321 317 293 261 334 269 272 336 243 299 327 328 231 270 307 301 315 335 245 288 286 303 230 277 232 330 244 289 325 320 247 296 250 237 257 331 256 239 295 225 268 274 300 318 275 219 314 309 283 233 249 337 305 273 265 306 280 228 220 263 240 281 278 311 255 319 284 291 326 264 260 332 218 248 242 234 266 294 290 298 276 267 322 302 312 324 223 271 226 246 316 227 254 297 253 222 259 
 114: 303 310 335 269 331 254 247 283 244 275 334 318 237 312 317 252 245 274 285 228 238 304 300 263 281 260 308 313 326 233 277 229 271 259 219 266 218 301 298 248 286 311 257 338 322 315 296 282 330 321 280 230 333 319 305 292 276 284 309 306 224 251 242 235 314 294 327 236 246 268 270 220 288 278 329 258 217 241 267 290 249 289 223 323 234 302 293 221 253 232 243 256 227 299 273 261 255 225 239 316 250 332 291 222 307 264 231 297 272 265 295 262 226 325 
 110: 236 256 268 239 242 278 315 240 327 234 248 318 282 261 227 325 232 335 320 250 244 307 264 317 332 267 291 281 287 235 265 266 277 259 306 245 331 321 299 303 300 269 302 296 219 275 251 255 338 249 230 226 224 279 297 221 334 324 260 229 304 295 322 271 238 293 313 305 326 270 231 254 263 237 274 247 283 309 288 292 218 272 330 314 290 316 301 243 329 333 323 241 217 228 233 328 289 337 285 246 294 312 258 273 284 310 286 252 276 319 
 93: 268 326 330 304 276 290 333 308 269 265 273 334 319 289 301 224 325 247 229 266 271 274 250 231 260 270 284 259 242 254 279 249 327 222 338 253 237 296 295 321 241 218 305 300 232 329 314 292 243 246 281 264 324 248 299 312 245 328 320 275 239 293 278 315 297 309 294 313 244 230 267 226 303 223 227 282 251 306 257 217 236 316 262 252 323 240 235 317 234 335 307 298 337 
 117: 286 270 316 244 318 281 233 246 320 261 276 332 335 217 252 282 321 265 268 334 269 312 245 279 289 237 325 290 303 243 263 234 299 231 278 228 248 292 337 267 319 310 236 280 304 306 317 239 324 313 266 222 314 227 219 264 308 221 271 272 251 297 294 277 285 259 254 300 247 223 307 328 298 255 273 218 288 302 274 329 256 260 225 301 331 257 229 258 296 241 336 295 322 326 238 323 240 253 291 275 235 242 327 311 262 309 287 224 283 230 284 305 315 249 338 250 330 
 119: 336 284 302 252 257 335 228 293 254 295 242 267 326 270 309 253 241 256 275 314 290 324 218 298 233 334 261 246 301 279 232 240 303 269 310 262 329 287 235 322 294 280 281 263 259 249 231 297 271 311 255 304 331 225 308 323 268 277 247 237 239 221 330 313 316 274 305 264 312 315 299 321 238 217 219 306 318 260 285 244 291 236 338 251 307 289 276 223 234 273 224 296 283 250 300 292 317 282 320 248 337 230 229 222 245 272 243 258 266 288 286 327 333 265 226 227 220 319 325 
 92: 251 303 334 221 244 246 253 296 338 237 245 326 232 284 227 267 286 274 235 306 322 220 311 226 298 218 255 309 293 236 315 299 261 287 265 275 230 283 335 310 229 258 242 318 278 321 231 329 266 264 270 224 294 250 300 323 273 249 256 223 301 292 241 330 328 316 324 239 285 238 280 277 279 313 304 336 327 305 317 307 276 272 217 308 222 225 312 240 259 263 247 302 
 111: 234 243 257 255 248 217 298 337 253 259 264 292 252 225 290 267 278 224 307 336 262 300 328 322 233 314 333 258 299 311 312 265 263 232 241 275 247 325 223 294 286 317 304 305 301 313 306 282 236 287 250 280 315 297 239 230 238 245 220 327 240 228 249 309 246 268 251 334 274 329 316 285 271 302 330 303 335 269 266 261 270 244 277 324 260 281 320 235 229 276 296 279 218 273 323 219 254 310 289 326 332 231 319 338 295 291 222 318 331 293 283 
 116: 268 307 299 325 228 267 277 236 263 275 233 247 328 323 273 241 290 300 281 330 237 256 272 321 316 288 327 332 283 218 231 319 226 269 252 313 309 230 297 324 294 255 310 326 221 264 224 254 265 304 279 253 257 223 249 318 274 229 311 258 271 285 298 235 262 331 286 260 296 282 232 308 244 276 295 293 251 320 220 287 222 303 335 250 305 315 246 280 248 312 314 289 259 217 266 242 317 234 239 238 219 225 334 292 338 291 227 240 243 245 302 322 336 306 278 261 
 120: 225 284 241 228 319 318 259 299 263 257 230 274 223 245 307 294 335 293 322 336 243 273 224 234 237 337 291 290 264 218 295 250 275 262 327 309 236 248 326 260 238 254 304 226 332 231 247 271 280 240 338 221 229 255 334 282 313 249 306 330 286 217 310 297 288 222 298 242 265 321 233 270 266 251 268 246 279 276 219 220 267 252 296 235 328 272 278 315 287 300 323 320 325 317 227 316 308 312 258 333 285 283 281 314 239 311 301 289 256 331 292 305 329 269 261 244 303 302 253 324 
 94: 320 270 239 237 334 290 233 267 249 328 256 318 317 243 218 272 316 241 257 275 273 231 220 217 325 337 245 279 258 235 314 333 255 247 246 232 277 252 288 310 321 306 302 274 238 280 253 336 222 308 223 284 282 324 283 269 296 248 219 265 323 329 228 327 240 326 271 287 299 225 301 242 289 227 331 263 285 229 298 313 276 251 294 286 293 309 266 221 236 305 234 224 311 281 
 112: 233 312 218 241 307 304 306 236 228 308 310 220 289 223 288 282 280 248 323 283 292 336 321 314 332 267 333 260 303 229 287 301 302 263 337 281 261 240 243 257 284 279 317 293 322 231 235 338 296 249 276 315 330 328 273 309 237 222 271 232 305 219 221 286 277 268 264 234 252 238 254 258 274 335 262 300 294 269 256 239 324 270 334 299 291 244 246 247 275 311 325 217 230 227 298 285 319 265 278 250 245 225 253 251 327 316 272 224 326 259 295 290 
 120: 231 303 263 291 280 272 283 320 230 246 336 260 245 284 302 233 318 242 314 327 288 325 307 298 306 277 275 278 305 309 228 331 229 251 330 319 337 236 227 328 312 221 261 257 293 266 226 323 289 250 265 235 244 295 297 267 270 223 299 237 286 253 254 313 248 232 321 322 335 294 282 222 315 259 329 285 252 324 269 255 238 300 301 239 256 271 219 274 224 311 281 332 241 296 334 290 276 262 310 234 249 218 338 240 258 220 287 279 243 217 247 264 333 225 304 326 268 308 273 317 
 96: 306 338 276 271 330 335 302 274 257 304 327 238 242 323 284 265 235 334 261 223 244 333 275 312 301 222 254 303 221 262 279 285 296 226 243 308 250 297 234 227 290 295 230 246 310 299 267 326 269 252 237 318 260 277 324 331 241 288 245 329 311 268 309 313 258 270 337 220 305 247 229 273 336 292 266 253 328 280 314 317 298 224 282 217 231 316 240 259 249 289 320 233 286 239 228 287 
 119: 331 320 288 292 267 225 326 232 308 284 323 278 295 293 251 334 333 285 270 322 235 301 335 306 279 298 297 274 227 329 299 241 259 217 246 302 289 253 240 327 221 236 300 237 280 303 294 305 252 249 290 268 242 222 296 263 220 281 328 218 291 230 244 250 226 223 325 243 234 258 261 224 319 313 273 282 276 321 233 228 311 324 318 231 254 238 330 287 316 269 315 314 338 283 245 272 312 229 219 286 332 239 304 257 262 264 336 255 337 256 248 310 247 317 309 260 275 266 271 
 113: 297 305 303 344 331 265 284 271 315 312 337 289 342 340 270 348 278 274 256 283 299 269 308 329 306 353 276 250 313 268 241 304 333 245 339 335 346 264 322 351 324 307 338 249 259 326 343 310 242 260 279 290 345 258 341 291 319 314 273 252 317 295 298 267 327 309 286 281 255 251 321 261 311 318 243 301 316 332 292 349 246 266 294 257 262 336 282 247 244 328 277 293 325 287 275 280 253 302 350 300 296 330 347 263 288 323 254 272 334 320 354 352 248 
 100: 352 335 262 263 288 277 315 284 254 248 279 343 283 253 338 251 306 353 326 307 331 308 325 258 265 346 328 318 312 292 336 297 310 302 330 290 342 261 256 344 341 339 340 295 268 322 321 291 243 332 317 348 296 309 271 264 320 334 276 246 282 293 345 244 313 255 351 354 260 289 349 299 274 280 269 347 350 273 323 266 300 241 286 270 250 294 311 272 259 281 242 314 337 324 245 249 333 303 285 316 
 99: 265 349 319 353 347 316 294 264 269 262 326 252 354 322 344 276 328 332 279 346 267 293 323 335 318 337 241 312 310 343 327 256 331 259 255 348 301 275 245 295 246 261 311 282 299 290 291 352 325 248 242 288 314 338 287 289 313 274 244 345 306 351 304 281 330 260 297 329 339 320 300 317 305 284 277 334 298 251 303 263 342 315 296 254 302 249 309 324 285 270 292 250 272 243 350 321 286 307 333 
 111: 291 332 307 329 241 325 298 290 333 305 249 334 349 350 264 338 268 243 315 279 352 271 299 342 283 318 289 339 303 301 288 327 294 246 324 269 281 300 309 272 297 326 263 323 260 314 343 258 310 312 331 306 308 316 354 276 322 282 262 295 320 255 302 286 254 317 313 348 321 280 346 296 251 330 275 274 266 248 267 285 311 337 259 252 253 340 244 278 328 265 293 336 335 245 345 347 287 341 270 277 351 261 250 247 257 256 353 344 273 319 292 
 90: 333 312 274 266 244 315 341 277 329 316 326 271 297 286 352 349 323 328 354 353 276 345 290 284 332 334 254 348 339 291 294 264 309 347 250 344 258 281 304 275 251 318 302 243 295 269 267 255 325 301 262 256 289 321 252 307 324 278 245 351 285 317 270 330 322 303 268 246 343 265 273 319 338 292 308 283 296 310 288 299 272 311 248 313 300 260 241 259 298 337 
 109: 241 293 276 354 291 347 304 331 333 313 292 311 248 337 287 346 283 253 301 340 297 307 350 316 277 325 344 260 290 266 332 336 312 345 335 282 348 342 314 294 252 302 281 309 303 299 305 323 249 306 246 254 265 245 256 341 267 315 320 257 275 263 280 285 269 251 321 328 258 296 250 352 262 284 244 338 289 295 286 268 261 272 327 324 322 243 339 351 273 300 242 334 329 298 318 326 308 319 349 353 274 317 264 330 255 271 310 343 259 
 113: 285 256 272 245 254 333 274 292 252 308 251 259 273 310 318 284 328 337 353 301 325 307 332 343 303 283 297 258 257 313 276 338 316 321 324 341 317 327 291 265 351 347 299 330 302 261 331 336 340 323 315 334 290 243 295 339 279 255 350 300 268 278 267 247 271 282 263 319 266 241 309 354 294 345 246 305 348 312 280 314 293 311 248 349 286 320 270 298 326 260 250 306 342 262 346 249 287 244 242 289 281 335 275 288 253 329 304 352 322 344 296 269 264 
 108: 256 318 345 322 348 282 255 277 274 275 276 268 242 324 319 338 252 328 295 313 352 317 288 296 248 351 305 264 323 337 316 259 312 265 291 250 297 254 353 251 344 331 311 354 330 271 244 243 283 262 347 278 281 263 308 309 346 290 270 340 285 260 334 280 303 253 261 314 342 266 300 343 286 339 258 298 336 327 350 321 349 289 341 306 257 249 273 272 245 269 325 307 302 292 279 320 299 246 284 332 267 293 301 329 247 294 241 335 
 96: 296 331 350 260 334 282 337 266 277 288 326 275 325 343 285 352 242 345 261 265 256 243 248 351 305 251 333 281 283 291 306 301 303 249 245 342 307 290 269 267 341 259 332 252 336 273 324 284 294 304 338 300 309 298 253 255 297 295 319 340 346 320 287 286 268 321 318 348 246 314 262 258 289 241 272 293 254 257 244 312 354 327 292 264 317 271 349 315 270 310 316 347 276 263 279 339 
 95: 342 350 286 310 312 264 269 300 335 349 282 332 258 329 326 255 333 251 295 250 298 280 247 266 263 268 351 338 252 279 284 288 245 275 306 352 305 262 302 348 315 320 265 274 353 253 277 299 243 278 337 276 290 339 347 292 314 285 344 254 328 273 330 257 345 242 354 311 334 301 260 259 307 324 256 294 323 272 331 318 261 327 336 283 270 248 304 291 287 316 321 293 246 249 343 
 97: 254 273 302 291 293 348 292 278 263 331 261 286 283 313 279 349 269 258 336 323 351 251 303 247 305 347 265 350 310 289 282 271 339 297 243 333 288 255 321 353 242 309 327 315 314 294 262 354 270 274 298 275 335 267 326 281 257 249 345 325 342 280 276 306 332 308 272 330 316 277 318 324 307 259 241 301 344 252 352 328 248 322 320 295 266 329 340 285 296 256 299 319 287 260 284 246 264 
 94: 276 301 284 242 336 286 247 278 265 300 312 291 254 344 304 243 250 275 292 317 279 264 260 348 303 290 328 262 320 316 346 268 289 323 246 347 274 335 337 267 281 269 339 334 321 333 327 251 345 252 285 261 302 272 318 287 294 342 277 343 257 349 354 255 245 283 256 273 244 299 324 314 259 350 271 258 353 263 315 295 298 282 280 305 308 319 297 311 307 332 253 326 322 325 
 110: 303 274 299 306 243 348 293 276 297 290 270 285 332 264 333 257 292 328 307 256 334 335 325 346 286 246 337 249 291 347 271 339 310 263 345 289 312 311 349 322 273 336 294 268 309 280 277 254 319 281 279 267 342 350 259 262 275 287 351 321 326 324 296 353 255 298 313 341 329 272 295 242 315 278 266 288 316 331 317 283 314 244 318 301 330 343 282 251 265 248 247 252 340 305 260 253 300 241 269 354 352 320 284 323 338 245 344 258 261 308 
 88: 331 354 341 317 305 285 297 301 312 244 264 253 275 266 347 289 276 333 340 337 290 310 268 251 343 265 281 306 241 320 326 250 335 252 259 345 329 294 280 311 303 313 295 271 334 287 286 328 349 255 284 242 352 279 292 243 282 318 307 346 319 321 323 258 262 348 339 315 291 327 272 298 260 296 353 299 249 308 274 254 351 309 273 316 336 293 245 248 
 111: 308 334 276 289 250 350 258 294 259 292 331 315 327 293 338 275 280 303 339 244 264 283 316 321 241 295 354 296 300 351 288 271 261 260 266 278 305 310 319 347 287 269 291 324 323 301 343 345 298 341 274 322 306 332 330 314 248 329 313 333 247 346 272 249 328 326 353 267 277 242 318 256 251 312 243 265 279 281 302 311 282 268 254 253 255 263 245 252 286 317 325 344 337 262 297 273 270 307 335 304 257 285 290 320 299 309 348 352 349 246 340 
 93: 330 296 352 303 333 264 253 291 327 314 349 311 339 335 285 323 312 252 269 297 295 309 277 317 267 310 305 345 271 281 343 292 350 282 258 256 301 243 273 241 276 331 245 322 287 280 332 272 299 329 306 254 279 293 265 289 259 288 318 261 242 319 262 304 348 251 274 247 326 347 336 294 248 346 320 283 255 334 278 340 263 246 316 354 268 353 290 337 284 298 286 300 324 
 99: 325 268 295 278 280 339 307 275 259 271 334 256 284 320 305 241 274 330 269 311 309 289 332 346 328 316 321 306 326 304 255 315 252 312 283 333 317 338 323 340 343 314 298 348 302 288 279 350 254 251 286 282 336 245 247 293 327 308 353 301 281 322 352 349 300 244 272 264 345 342 290 246 347 276 242 291 258 313 297 257 337 335 277 261 294 354 351 318 296 319 344 262 243 263 273 341 250 267 249 
 110: 313 257 249 246 269 247 291 310 312 307 275 319 288 283 314 300 276 250 295 341 285 353 331 349 303 301 263 316 256 252 350 338 255 308 342 326 339 290 271 268 348 336 279 266 253 351 243 264 267 265 340 354 282 344 245 262 327 241 258 298 343 280 323 296 311 332 273 345 248 294 277 309 304 260 335 272 324 242 322 297 261 321 278 306 315 292 289 259 317 352 287 286 281 320 305 333 346 329 251 347 254 330 299 325 337 274 318 328 284 270 
 112: 310 258 282 307 340 278 269 270 337 341 308 325 297 312 260 299 267 294 288 338 241 281 347 277 322 254 295 339 333 300 344 268 248 286 330 302 342 352 272 303 251 311 335 346 321 255 304 319 348 301 313 245 318 273 253 343 320 252 244 289 305 331 336 266 316 275 276 329 334 291 324 283 256 298 285 326 354 317 262 315 327 296 292 332 242 328 263 323 351 257 246 271 306 250 264 261 274 350 249 345 349 265 243 280 309 353 290 314 293 247 284 259 
 93: 305 350 301 313 324 251 274 351 252 285 336 316 348 294 331 329 320 342 303 323 315 263 289 353 272 307 343 281 312 254 347 308 243 273 241 344 296 298 249 269 299 318 295 326 349 246 250 255 346 340 341 245 284 282 317 279 338 339 335 242 293 292 276 266 314 258 265 306 248 325 311 288 253 286 264 271 332 319 300 309 333 334 247 302 262 256 275 268 337 321 259 304 270 
 114: 287 279 285 294 261 251 323 291 295 258 246 326 352 334 349 309 266 257 339 310 337 335 267 354 304 348 308 276 314 338 316 347 272 322 319 275 346 271 298 306 320 305 324 321 264 241 252 296 260 333 286 283 290 345 315 312 277 332 307 254 328 343 281 263 353 350 243 327 311 289 274 313 253 342 244 341 292 250 265 268 284 317 297 331 303 248 344 329 330 340 325 280 247 299 302 301 262 336 269 255 242 256 293 249 318 259 351 278 270 273 300 288 282 245 
 112: 354 268 259 331 276 352 266 344 291 273 264 289 255 319 281 308 311 328 305 338 245 337 353 307 254 244 342 312 253 341 265 283 270 336 301 287 309 257 248 258 299 275 314 348 250 324 246 335 274 284 294 278 333 323 303 271 317 304 339 318 242 298 261 256 297 300 267 290 272 262 349 241 269 325 334 310 260 247 293 249 332 295 316 351 313 252 263 296 350 282 343 320 330 306 251 346 279 277 285 288 292 340 315 326 327 286 280 243 321 347 322 345 
 97: 324 256 285 308 267 348 249 298 258 271 283 322 282 260 347 252 295 352 334 328 301 354 299 289 330 340 269 337 268 314 291 341 255 339 303 325 305 326 321 343 277 315 344 294 270 274 264 251 316 253 276 244 309 312 329 254 319 262 345 266 320 323 351 304 336 247 265 246 335 245 300 250 353 332 288 346 317 284 257 259 278 327 342 306 307 331 297 292 243 241 261 313 272 263 350 349 311 
 101: 310 346 328 282 265 312 248 317 253 276 311 241 349 262 320 270 257 338 290 314 347 252 242 289 337 275 319 324 243 351 331 307 354 247 327 341 332 283 344 277 266 333 352 318 256 261 297 249 325 342 323 271 301 329 268 280 267 292 293 343 353 298 300 273 264 294 322 281 255 309 250 263 254 302 339 299 278 321 315 335 336 269 334 313 259 279 244 330 291 258 295 340 286 260 296 326 350 285 308 306 305 
 101: 341 248 262 246 291 281 272 259 276 303 354 251 322 344 288 304 282 320 260 351 253 318 326 338 336 313 277 343 298 295 346 244 264 323 339 316 302 265 319 297 352 261 293 309 301 350 306 267 332 242 296 327 283 271 334 314 245 310 256 289 305 255 321 340 257 311 254 278 287 317 273 331 342 353 285 266 279 337 325 299 300 243 250 263 345 274 329 290 249 324 330 307 308 335 269 247 349 275 284 268 348 
 86: 258 276 257 270 326 296 324 267 338 288 265 246 274 333 336 342 332 285 304 248 314 315 294 289 301 307 327 264 320 349 244 277 353 303 281 275 272 291 337 308 268 252 262 329 309 298 278 249 300 273 344 306 316 279 325 340 299 282 345 242 317 346 313 260 269 280 311 241 284 354 255 323 245 347 330 328 312 263 322 283 339 271 331 352 295 287 
 110: 340 244 295 342 316 248 333 301 350 289 304 347 273 307 351 317 300 346 335 249 253 298 242 318 258 310 284 259 256 277 324 250 328 272 354 302 349 339 293 287 299 344 247 320 267 315 309 314 260 331 348 281 245 343 296 330 275 246 337 278 338 264 268 263 312 262 326 329 306 266 341 255 321 323 241 294 261 311 285 274 327 251 283 288 345 332 322 286 352 257 353 319 254 243 291 292 269 290 279 336 308 270 271 282 252 276 303 265 297 334 
 114: 252 347 317 312 245 258 325 333 306 330 310 326 304 277 298 349 344 244 293 242 281 331 279 268 274 337 343 260 297 350 270 307 353 267 272 302 314 255 292 340 300 254 327 247 316 323 308 354 288 264 303 275 265 319 251 309 286 294 276 299 324 273 322 241 341 351 243 346 269 315 261 332 318 253 257 336 320 338 301 262 271 284 283 249 328 334 289 263 311 256 291 321 295 329 266 282 278 290 250 296 305 342 313 280 348 259 246 339 248 287 335 285 345 352 
 105: 241 307 248 249 327 352 304 290 271 345 266 348 298 288 332 300 316 344 324 323 321 337 303 301 281 335 252 278 247 312 340 282 283 244 272 260 287 341 255 257 265 264 329 336 242 318 258 267 313 315 286 319 285 322 262 338 296 289 269 347 330 243 261 339 325 299 259 343 291 334 353 314 349 302 309 284 256 251 276 275 305 350 354 295 294 254 292 270 263 351 328 250 311 274 331 280 342 246 293 317 346 279 268 273 333 
 98: 298 333 286 305 280 247 326 331 323 311 250 284 318 325 265 346 302 343 267 336 314 241 307 278 309 261 258 351 277 330 313 354 315 289 246 281 245 283 297 348 273 337 328 288 254 320 292 353 268 350 257 306 316 264 329 266 269 303 347 272 242 294 301 317 249 312 287 332 295 263 293 324 282 271 335 259 275 352 253 310 344 299 327 255 285 341 339 349 308 342 322 338 248 291 244 276 345 270 
 97: 282 249 309 258 349 316 311 255 300 241 329 344 338 307 347 257 284 345 310 352 340 333 272 296 293 301 320 324 271 261 267 276 334 244 312 262 248 321 343 269 289 264 317 314 351 281 308 288 291 275 260 250 305 328 287 330 299 319 253 337 268 252 295 313 243 266 256 332 246 302 350 331 278 325 341 303 335 283 315 273 294 263 304 285 348 254 326 339 306 286 270 354 353 342 245 259 323 
 111: 312 315 258 305 308 281 245 333 291 345 338 249 244 330 278 271 335 257 243 282 247 256 248 329 310 293 337 274 295 250 265 321 289 331 273 343 269 301 299 272 252 242 328 288 251 254 314 346 296 263 290 348 241 311 336 259 322 307 344 294 332 286 306 325 349 303 350 284 341 253 298 260 255 279 264 292 277 287 323 326 347 316 353 339 342 302 327 319 276 304 313 352 297 354 275 318 285 340 324 280 267 317 334 261 351 246 309 300 262 270 266 
 97: 301 328 267 343 307 344 241 243 274 287 293 318 294 263 254 325 278 248 323 342 308 260 280 341 305 283 242 270 297 336 316 290 298 335 332 322 264 348 306 330 351 350 312 282 340 257 338 302 251 334 354 314 300 246 304 271 250 288 321 281 247 319 289 333 317 292 285 349 255 276 244 245 299 352 268 295 326 327 252 315 256 273 277 303 291 265 253 258 262 313 311 331 284 339 259 266 329 
 89: 281 329 338 296 310 269 256 345 333 260 326 341 316 308 241 276 339 253 349 243 327 298 291 255 325 245 307 294 249 259 335 247 286 267 278 242 273 331 344 317 265 250 328 246 261 303 280 248 275 264 306 285 295 290 319 302 350 274 322 301 330 323 283 309 312 332 352 266 343 351 320 282 321 346 300 258 334 340 354 293 353 263 347 342 270 257 318 268 292 
 86: 340 261 289 306 248 329 294 245 328 326 351 318 275 341 288 269 260 323 285 308 282 255 291 250 286 346 327 243 254 293 296 281 273 277 333 266 303 283 292 259 352 353 348 270 350 335 344 324 343 313 290 349 319 244 268 265 298 337 253 267 317 299 314 316 258 271 274 262 302 331 300 342 325 334 347 257 315 251 320 278 345 297 354 264 338 279 
 90: 246 313 345 336 291 247 310 261 296 348 264 279 303 286 284 297 278 344 257 260 331 301 337 324 343 333 341 244 308 319 267 317 342 274 276 277 312 307 300 315 248 290 263 327 302 254 282 318 354 242 325 245 352 298 335 334 304 283 253 251 285 316 323 255 262 266 311 347 321 271 289 241 273 314 295 287 272 256 293 340 329 280 250 305 326 259 269 249 322 281 
 97: 259 275 327 321 320 270 318 287 244 335 247 343 245 314 251 330 266 299 260 241 350 311 294 278 267 258 280 306 333 310 300 242 316 269 279 307 293 288 334 337 291 271 284 308 345 336 342 325 349 276 344 255 296 309 257 315 249 289 324 248 353 354 332 301 312 252 326 303 263 302 331 347 292 283 338 346 340 329 351 274 319 290 298 273 281 285 272 286 261 317 322 246 323 341 304 339 253 
 97: 301 332 341 349 330 284 295 338 345 294 273 272 274 279 287 306 296 253 315 319 283 333 334 241 290 312 245 246 248 310 352 316 324 351 285 259 263 250 271 314 298 309 337 311 247 328 317 300 299 335 293 346 281 244 323 331 344 269 304 303 278 252 254 255 347 326 257 302 329 289 348 262 267 280 266 313 354 270 261 297 277 318 340 292 264 339 276 325 307 305 288 353 249 265 322 242 251 
 104: 244 322 264 253 332 335 315 262 251 302 296 269 282 247 246 314 273 301 333 354 300 323 312 325 259 283 319 280 271 348 254 327 344 278 304 294 243 256 267 272 266 261 328 290 337 349 352 341 353 309 245 291 268 248 338 292 255 298 317 270 318 289 257 320 241 339 279 242 293 258 347 288 350 329 313 284 311 286 281 334 299 274 310 346 265 330 287 295 297 340 277 307 305 252 342 285 249 343 331 308 345 324 275 263 
 114: 299 325 326 306 330 304 277 347 352 310 308 333 251 339 294 274 329 284 255 298 254 241 272 287 253 256 343 250 328 344 312 263 261 246 270 244 259 296 300 301 354 350 273 305 265 309 288 342 313 286 331 267 292 341 334 276 316 323 314 281 283 327 291 340 258 264 319 279 271 295 275 282 322 278 335 320 245 242 348 247 317 252 321 338 345 332 285 302 353 268 324 318 280 243 293 337 290 303 346 266 249 349 248 315 260 336 297 351 269 262 311 257 289 307 
 108: 313 251 276 309 261 292 324 244 301 262 330 294 345 282 255 317 259 315 336 252 344 338 305 342 275 288 280 296 254 257 347 310 304 256 287 271 321 246 349 318 352 248 298 350 354 295 299 281 348 269 258 260 316 323 267 327 278 332 307 308 302 303 331 337 245 326 329 265 320 325 343 346 266 285 328 322 279 340 341 312 268 264 334 351 241 333 319 290 311 297 247 272 353 277 306 284 242 250 263 314 253 249 289 335 293 270 283 273 
 113: 323 309 344 326 280 263 245 295 298 276 284 252 348 343 241 339 351 242 266 308 265 304 259 331 293 320 346 327 275 313 281 354 325 290 345 254 305 333 324 353 329 244 319 312 247 261 273 277 335 258 251 264 271 307 248 286 314 318 285 288 352 301 336 249 283 297 291 330 342 260 306 255 243 262 334 349 268 269 332 250 311 347 272 328 267 317 294 321 279 302 303 340 274 316 289 246 338 257 270 253 310 341 315 299 256 287 337 296 322 300 292 278 282 
 102: 311 272 282 344 294 291 314 258 328 281 275 319 317 320 316 260 318 250 305 279 249 267 285 313 277 268 274 306 325 349 327 252 290 308 303 263 248 343 300 246 309 255 256 283 251 342 298 271 288 270 338 299 273 330 278 352 304 289 353 284 348 292 266 346 257 244 259 345 296 286 341 350 312 254 247 339 245 287 253 310 331 326 243 242 322 265 354 280 337 351 293 302 329 336 307 241 269 332 340 261 324 276 
 102: 257 255 266 245 325 337 250 326 321 351 323 345 295 341 247 279 252 333 273 263 348 328 276 300 335 343 243 268 322 244 248 308 285 261 310 272 336 286 342 315 327 253 296 242 270 316 292 294 340 281 283 332 319 338 293 284 256 344 258 303 354 290 309 277 274 298 241 311 317 320 301 312 249 302 347 271 353 269 299 307 352 254 306 329 259 297 246 305 267 288 275 260 349 280 346 334 331 314 264 318 278 265 
 98: 326 282 290 253 323 259 331 263 272 252 312 257 241 262 335 347 308 292 320 313 301 254 352 343 242 354 250 255 286 268 271 353 249 310 245 288 256 341 306 251 264 266 293 269 278 348 289 339 284 351 316 260 300 334 244 315 270 305 325 304 297 344 279 327 275 314 302 319 324 267 261 248 283 276 318 285 330 328 274 317 349 350 345 342 337 295 247 346 258 246 307 291 294 298 322 243 265 336 
 111: 301 300 274 352 285 278 330 270 349 260 287 321 245 335 323 297 343 348 279 283 252 322 264 310 317 351 318 266 342 313 308 338 289 296 251 281 329 294 326 261 347 241 246 267 346 324 247 272 255 299 319 316 353 244 276 256 340 304 292 320 344 303 262 243 280 242 309 288 277 265 275 258 302 305 250 284 295 334 307 312 286 268 269 332 263 259 253 341 290 350 257 314 328 337 327 333 306 315 354 291 345 331 339 254 298 249 273 336 311 271 325 
