# Data generated from a SDPTSP-E instance solved in two phases
# nbTasks=71, nbWorkers=62
# Random number generator seed = 0
Type = 1
Jobs = 71
 381 489
 384 431
 405 481
 411 475
 433 492
 471 553
 509 561
 542 597
 604 705
 605 661
 725 842
 742 845
 777 870
 778 815
 780 878
 786 864
 836 937
 842 886
 879 933
 889 985
 945 1056
 967 1006
 980 1083
 981 1072
 984 1085
 991 1104
 996 1052
 999 1109
 1003 1118
 1025 1098
 1033 1094
 1034 1137
 1046 1132
 1050 1165
 1078 1146
 1103 1190
 1109 1124
 1120 1194
 1127 1191
 1129 1171
 1136 1178
 1139 1204
 1145 1237
 1152 1193
 1154 1221
 1156 1212
 1174 1249
 1176 1266
 1180 1277
 1195 1287
 1209 1285
 1225 1293
 1225 1313
 1233 1269
 1236 1349
 1252 1300
 1265 1362
 1275 1316
 1304 1422
 1359 1423
 1400 1439
 1480 1598
 1525 1628
 1548 1635
 1557 1651
 1588 1679
 1648 1731
 1671 1782
 1696 1768
 1702 1812
 1798 1864
Qualifications = 62
 10: 3 6 8 9 1 13 5 7 0 2 
 10: 3 0 5 8 7 4 2 6 9 13 
 9: 6 5 0 3 1 4 8 13 2 
 11: 9 5 6 0 7 8 1 13 2 4 3 
 9: 1 7 9 5 0 2 6 13 3 
 9: 3 2 4 0 6 9 5 8 13 
 10: 0 5 8 13 2 3 9 4 7 6 
 11: 2 5 1 6 7 8 3 0 4 9 13 
 13: 16 11 18 12 7 13 10 8 9 14 6 15 17 
 12: 11 10 12 7 17 16 14 9 8 13 6 18 
 11: 11 14 9 13 15 17 6 10 7 16 8 
 13: 14 12 10 6 16 15 9 7 13 17 8 18 11 
 12: 18 7 14 12 11 10 15 9 6 8 13 17 
 12: 17 14 11 13 15 10 18 9 6 12 7 16 
 10: 18 11 6 8 15 7 14 16 13 12 
 13: 15 14 8 12 16 9 17 7 13 11 18 10 6 
 31: 51 25 19 48 49 38 57 26 50 45 27 36 31 21 41 43 28 40 53 30 23 55 35 22 33 47 32 18 29 42 17 
 34: 52 29 17 48 35 50 39 21 25 57 26 43 23 53 40 41 46 37 32 33 34 38 31 45 30 42 24 55 27 36 51 44 49 19 
 32: 18 45 31 34 50 20 27 41 25 42 17 36 57 48 26 21 19 37 32 23 29 24 46 49 22 52 51 30 40 38 28 43 
 32: 45 28 30 53 32 41 57 36 43 38 19 49 55 52 17 18 33 26 25 35 50 42 51 22 46 47 21 44 31 20 23 37 
 31: 22 33 41 40 30 29 25 32 35 17 52 19 26 44 53 48 55 21 36 23 46 39 31 28 24 51 57 43 49 34 47 
 32: 50 20 18 44 19 43 21 46 22 55 57 35 24 42 52 33 30 53 39 37 17 23 40 51 31 28 38 25 26 34 36 27 
 34: 31 26 32 47 48 35 52 43 46 18 42 40 17 20 39 55 53 49 27 29 25 30 37 21 45 50 33 38 28 23 41 34 36 24 
 36: 28 36 18 17 49 42 33 43 57 26 47 52 24 30 19 53 21 44 40 25 46 37 27 38 29 45 34 48 32 20 39 22 50 35 31 41 
 33: 29 49 37 24 22 34 50 35 47 48 39 43 21 44 20 52 27 57 45 31 38 18 41 28 25 40 51 32 26 30 42 55 36 
 39: 27 28 45 47 44 19 55 33 43 40 50 20 18 49 32 52 46 24 48 25 37 38 21 35 31 29 41 26 34 17 22 42 23 36 53 51 39 57 30 
 34: 40 44 50 30 49 47 53 19 34 23 48 24 22 41 26 33 25 29 27 39 46 43 45 35 20 36 38 37 51 32 21 31 52 18 
 39: 52 32 43 28 47 44 24 19 46 21 49 31 18 53 29 41 36 20 26 17 50 35 48 45 42 33 34 30 27 40 57 23 37 22 39 25 55 51 38 
 32: 36 27 23 43 48 39 47 31 26 33 28 19 55 52 29 40 22 34 30 51 46 53 38 41 24 18 42 44 49 21 37 57 
 32: 37 39 20 44 36 24 48 51 33 47 52 55 31 46 42 18 41 26 57 28 21 45 19 40 17 35 27 23 32 50 25 30 
 34: 42 28 49 21 38 36 50 26 22 48 45 37 24 33 47 17 40 51 35 53 34 18 27 43 44 23 20 41 55 52 39 29 46 19 
 38: 19 37 30 23 49 29 44 40 48 52 22 34 33 45 57 21 43 36 17 27 35 51 42 53 55 24 18 39 20 25 26 41 50 31 46 32 38 47 
 32: 36 41 44 25 48 18 46 21 31 53 20 49 50 22 57 55 34 26 19 38 30 32 51 43 52 47 35 24 40 42 17 28 
 38: 44 34 38 36 60 33 59 31 55 56 26 47 28 35 21 54 25 51 50 43 37 52 40 57 27 58 24 46 32 30 45 29 39 48 41 49 23 42 
 35: 27 24 55 32 33 57 23 28 41 31 45 53 51 37 40 48 58 44 52 34 25 56 39 42 47 29 30 59 22 54 43 35 36 46 50 
 37: 23 35 27 48 25 54 36 41 39 33 51 37 50 22 34 55 21 29 53 52 42 56 26 30 46 57 59 47 45 43 40 31 38 24 28 49 32 
 38: 60 29 52 51 36 50 55 33 47 39 32 31 43 37 25 57 38 24 22 23 45 26 54 48 56 30 40 27 35 53 46 59 42 21 58 34 49 28 
 38: 53 25 27 45 21 40 60 50 28 46 42 26 36 33 55 38 44 54 32 47 29 52 56 31 51 39 49 35 43 48 34 59 30 23 57 22 37 24 
 39: 57 51 41 22 50 54 31 56 28 29 39 36 48 30 58 52 21 42 43 34 38 40 60 33 26 24 44 45 47 27 55 25 37 53 46 49 32 35 59 
 37: 52 25 27 21 53 57 55 42 40 28 34 36 29 31 51 47 22 41 43 37 23 26 49 56 50 38 32 35 46 39 60 54 44 48 33 24 30 
 40: 60 58 53 42 37 35 31 44 22 48 51 38 27 33 28 30 24 40 21 29 26 59 50 56 25 46 45 54 39 34 49 32 23 47 52 55 41 57 36 43 
 34: 28 23 26 60 57 52 35 24 55 54 40 50 58 27 41 30 38 22 46 48 32 37 59 36 49 25 47 29 39 44 43 51 56 34 
 30: 25 46 55 45 38 44 40 37 51 28 42 47 57 53 27 50 41 59 23 30 31 56 48 32 35 58 29 33 22 43 
 35: 56 21 59 49 42 54 26 40 60 23 36 57 22 25 29 47 37 35 51 38 45 44 55 58 24 31 33 30 27 39 53 52 46 28 32 
 38: 56 42 49 26 60 24 25 28 57 54 58 21 36 47 34 38 30 40 46 37 43 44 48 29 52 32 33 31 41 39 23 45 27 53 35 55 51 59 
 39: 47 60 34 29 22 48 42 33 24 39 59 51 52 44 38 37 56 49 35 58 23 21 43 55 28 57 36 54 53 32 31 45 41 26 30 46 27 40 50 
 38: 52 26 57 25 44 37 58 56 41 32 46 40 23 42 35 53 24 31 47 34 49 59 21 60 33 50 45 27 43 22 30 48 36 28 29 38 51 55 
 31: 56 58 41 33 39 47 42 45 38 52 25 40 55 32 54 51 46 28 53 29 30 57 50 24 22 21 44 37 23 48 34 
 10: 66 65 67 61 63 62 59 60 68 64 
 9: 60 61 68 65 62 63 67 59 64 
 9: 60 67 61 64 62 66 63 59 65 
 9: 59 62 65 64 63 67 61 60 68 
 9: 67 64 63 61 68 60 65 62 66 
 9: 64 63 59 67 61 60 68 66 65 
 10: 64 68 65 63 62 67 60 61 66 59 
 8: 62 70 69 65 64 61 66 68 
 10: 63 67 68 64 61 69 65 66 62 70 
 10: 64 68 61 69 67 70 62 63 66 65 
 10: 70 64 68 63 62 67 61 69 66 65 
 8: 70 63 69 65 67 64 61 68 
 10: 62 61 66 69 67 70 64 68 63 65 
 8: 68 65 70 69 67 62 61 63 
