# Data generated from a SDPTSP-E instance solved in two phases
# nbTasks=292, nbWorkers=197
# Random number generator seed = 0
Type = 1
Jobs = 292
 373 474
 375 428
 382 452
 390 456
 393 506
 409 524
 422 541
 432 496
 438 463
 439 511
 440 544
 451 511
 453 529
 458 561
 482 535
 486 530
 487 549
 488 510
 494 591
 494 603
 497 541
 497 610
 504 538
 507 578
 511 623
 512 545
 513 587
 525 622
 528 629
 532 584
 533 644
 537 565
 541 660
 547 575
 548 643
 552 605
 555 671
 559 655
 569 687
 571 661
 571 681
 585 645
 586 705
 587 637
 597 653
 597 708
 598 650
 601 620
 601 702
 607 648
 607 687
 608 713
 613 668
 616 672
 619 694
 622 672
 622 740
 628 655
 628 714
 638 754
 644 669
 648 701
 656 744
 658 728
 661 776
 673 744
 676 739
 677 707
 680 736
 683 746
 686 761
 688 780
 691 776
 693 805
 696 761
 703 821
 705 782
 710 787
 713 825
 714 801
 719 781
 720 792
 722 793
 724 757
 726 762
 732 839
 743 822
 744 852
 753 816
 758 837
 760 780
 760 791
 774 866
 777 888
 785 846
 793 911
 794 904
 795 880
 796 915
 803 886
 805 906
 817 925
 826 911
 827 925
 833 951
 834 884
 839 950
 839 956
 847 958
 849 944
 864 928
 866 976
 874 974
 876 905
 877 950
 881 919
 884 916
 885 957
 888 996
 890 1001
 894 945
 898 978
 925 984
 927 974
 929 990
 932 1048
 939 1013
 944 987
 945 977
 947 1052
 951 1018
 955 1061
 957 1061
 960 1056
 966 1076
 969 1040
 970 1087
 974 1082
 976 1092
 979 1068
 980 1012
 981 1065
 981 1070
 984 1068
 987 1044
 992 1092
 996 1058
 998 1065
 998 1099
 999 1064
 1003 1073
 1006 1096
 1020 1045
 1020 1114
 1024 1074
 1027 1139
 1029 1093
 1031 1109
 1031 1132
 1032 1101
 1037 1085
 1040 1119
 1049 1144
 1050 1166
 1053 1106
 1058 1123
 1059 1112
 1066 1133
 1066 1181
 1073 1181
 1076 1112
 1077 1135
 1081 1150
 1081 1193
 1089 1164
 1090 1184
 1091 1154
 1095 1152
 1099 1171
 1100 1185
 1113 1190
 1114 1163
 1122 1160
 1123 1200
 1124 1151
 1130 1181
 1131 1221
 1132 1171
 1133 1235
 1148 1213
 1151 1200
 1161 1199
 1161 1255
 1164 1214
 1166 1238
 1172 1243
 1173 1230
 1174 1242
 1174 1254
 1176 1295
 1178 1252
 1179 1221
 1185 1291
 1186 1264
 1190 1296
 1205 1303
 1207 1274
 1209 1305
 1214 1302
 1215 1317
 1222 1269
 1222 1338
 1226 1251
 1234 1309
 1238 1313
 1241 1355
 1249 1306
 1258 1290
 1263 1298
 1268 1298
 1270 1381
 1281 1360
 1312 1390
 1326 1413
 1330 1385
 1331 1407
 1332 1365
 1332 1414
 1341 1366
 1347 1400
 1365 1458
 1372 1489
 1398 1417
 1403 1439
 1444 1494
 1454 1525
 1457 1563
 1461 1573
 1468 1494
 1470 1577
 1473 1506
 1474 1500
 1474 1566
 1476 1568
 1482 1581
 1494 1587
 1498 1606
 1515 1569
 1518 1620
 1524 1639
 1527 1585
 1528 1563
 1528 1570
 1541 1579
 1555 1630
 1555 1642
 1556 1596
 1558 1662
 1560 1619
 1572 1668
 1573 1614
 1578 1663
 1581 1695
 1588 1704
 1589 1629
 1598 1711
 1600 1707
 1607 1686
 1637 1748
 1649 1722
 1659 1762
 1660 1768
 1662 1779
 1670 1782
 1680 1730
 1680 1750
 1689 1799
 1697 1816
 1722 1790
 1731 1786
 1739 1799
 1740 1757
 1745 1795
 1750 1776
 1760 1876
 1768 1854
 1779 1875
 1784 1816
 1800 1895
 1807 1864
 1809 1870
 1846 1911
Qualifications = 197
 86: 61 72 17 6 89 46 14 59 4 24 65 13 69 66 60 57 8 54 40 70 73 45 77 79 76 55 19 0 35 30 71 84 51 2 26 7 75 38 63 49 29 90 47 48 58 22 41 15 1 34 56 37 86 74 31 23 27 82 50 5 11 80 83 44 62 52 53 42 64 9 91 18 67 25 21 12 39 78 43 10 33 28 68 85 81 88 
 83: 11 67 74 52 12 8 41 91 49 47 5 45 85 81 88 24 89 73 23 29 53 68 56 46 82 13 61 72 48 75 58 25 86 32 50 84 44 26 39 22 37 28 27 38 78 31 55 69 16 1 20 51 7 36 62 15 42 6 43 33 60 57 63 4 79 59 71 14 65 30 18 66 76 70 64 90 83 35 2 3 80 77 54 
 69: 70 73 32 3 54 6 5 86 64 59 42 41 55 34 31 66 85 20 76 50 91 15 80 18 47 63 40 2 53 65 0 44 38 8 51 67 72 13 23 16 35 56 75 30 49 68 74 48 7 39 78 29 62 9 25 52 4 26 88 71 77 37 27 10 90 45 21 17 83 
 81: 18 29 43 25 90 28 64 71 57 62 41 75 68 10 33 39 32 31 63 52 21 69 40 44 60 51 56 34 48 77 35 50 46 19 53 79 12 88 72 36 82 38 27 9 42 84 81 0 3 7 2 4 24 66 65 14 80 37 17 6 30 89 74 5 1 67 58 26 49 8 85 20 22 61 11 86 70 54 73 13 45 
 73: 11 55 54 50 1 82 62 22 56 78 65 86 67 81 68 12 76 40 51 19 79 21 13 77 26 64 43 25 33 39 91 88 35 71 61 59 75 27 58 73 53 38 70 17 5 28 74 14 23 47 63 10 48 6 45 30 36 84 4 46 37 32 0 83 52 85 2 3 16 89 9 57 20 
 77: 58 65 83 11 42 68 47 21 10 82 18 39 85 79 71 6 7 27 38 30 52 17 36 53 75 80 57 35 43 61 56 14 33 44 63 26 13 84 20 49 76 46 72 67 28 16 25 74 3 5 31 81 66 77 37 45 2 51 22 62 15 60 54 0 41 89 59 91 9 23 24 12 8 88 55 32 29 
 90: 65 75 59 15 58 52 79 60 19 21 17 25 61 74 66 10 30 80 57 12 7 67 69 83 3 8 35 22 20 39 55 43 72 27 18 45 33 4 16 68 50 24 84 36 89 37 9 53 31 78 44 0 14 88 11 76 46 13 32 85 41 23 91 54 34 63 62 51 71 81 40 48 77 47 38 29 73 28 26 56 5 82 86 6 90 70 64 49 2 42 
 81: 76 23 40 20 3 9 42 17 70 7 74 54 28 52 10 30 5 44 80 77 16 48 59 6 57 22 72 83 24 67 18 35 2 56 39 0 65 63 13 33 14 90 64 34 60 41 29 46 81 32 61 53 75 79 51 15 47 12 86 26 85 69 91 82 4 66 45 36 58 88 1 49 73 78 31 55 21 8 62 89 43 
 88: 65 26 64 81 43 17 71 36 37 58 70 12 63 28 55 9 5 13 89 91 45 39 86 51 75 14 66 41 15 67 80 57 30 60 61 52 88 46 16 4 72 8 6 21 90 38 79 11 29 23 31 50 22 35 20 18 19 25 3 1 59 85 77 44 69 49 76 62 10 27 33 40 74 48 68 34 83 42 47 53 7 32 0 56 24 54 84 78 
 75: 20 24 75 21 81 67 29 19 32 54 10 76 43 51 14 57 65 52 8 40 73 80 15 74 28 49 38 13 60 66 62 91 61 59 90 37 44 22 3 88 79 36 55 23 17 0 26 18 2 69 9 86 6 41 72 7 46 45 70 25 1 27 84 85 16 30 12 42 33 71 77 4 48 56 34 
 90: 59 20 85 58 68 38 61 39 41 1 66 84 32 46 74 55 21 17 48 6 23 11 49 24 90 14 64 50 8 80 19 65 9 10 79 89 16 54 69 42 0 86 31 52 3 82 57 73 7 78 67 37 76 72 2 34 15 62 36 88 33 25 12 71 27 83 77 70 60 43 22 30 28 26 53 35 18 56 13 63 29 40 75 4 5 47 45 44 91 81 
 80: 76 18 20 65 74 85 9 90 21 25 63 83 71 29 77 89 38 64 42 15 1 91 50 56 62 88 59 86 24 2 39 16 47 84 46 66 41 49 58 60 78 10 35 13 51 57 32 61 3 43 44 26 14 33 34 81 75 7 69 73 4 40 48 5 52 19 23 82 0 55 17 53 36 8 67 11 12 6 79 72 
 80: 73 37 40 80 23 15 68 14 81 69 11 61 22 57 38 30 56 86 33 47 8 83 70 82 13 29 84 10 43 18 72 79 26 27 5 20 85 44 34 12 48 60 62 58 49 0 78 67 24 91 65 51 19 36 2 7 46 32 64 28 17 25 39 41 54 42 6 77 16 90 63 74 89 59 66 4 75 53 52 76 
 81: 15 1 16 8 91 66 57 35 65 58 90 75 50 62 81 54 14 46 22 55 18 28 36 23 27 69 76 59 7 42 85 68 56 88 20 34 48 79 11 40 80 6 25 44 45 39 72 53 89 70 0 3 32 13 52 31 38 77 61 4 30 73 9 78 17 19 49 84 26 24 86 37 21 2 64 29 63 10 82 83 51 
 69: 36 2 86 22 62 27 25 6 17 78 67 4 47 50 81 66 39 85 41 32 55 34 9 63 80 71 69 84 31 38 29 60 57 46 53 59 79 35 40 45 15 3 44 73 77 89 20 30 13 51 0 74 61 70 23 24 76 49 33 37 26 54 8 28 64 7 48 11 42 
 70: 3 74 89 80 1 23 54 29 79 77 82 37 58 75 49 34 15 38 0 86 65 59 76 51 7 78 13 47 43 69 14 61 8 60 90 22 56 28 2 25 5 57 46 44 72 70 11 42 71 67 83 30 10 18 35 24 4 45 81 27 40 41 62 12 21 17 33 64 48 39 
 87: 30 31 16 27 37 12 4 17 32 5 59 66 76 28 7 36 45 3 52 8 82 79 35 50 86 33 53 20 72 74 60 51 58 22 42 40 71 38 84 77 62 0 29 89 91 64 78 63 47 15 67 49 26 21 88 57 13 46 19 18 9 85 6 54 44 61 1 80 81 24 23 14 55 69 68 34 2 90 10 65 75 25 56 70 11 73 48 
 77: 82 19 36 20 41 49 86 16 66 63 15 18 28 26 7 68 10 3 29 91 64 40 71 12 42 47 48 74 84 72 79 30 62 0 23 14 70 73 55 5 27 31 90 2 80 33 45 81 44 57 59 51 60 75 61 13 32 78 76 17 69 46 4 58 85 21 53 37 88 89 83 6 25 22 43 65 35 
 74: 75 24 62 0 3 77 58 46 72 1 51 23 31 40 43 79 81 76 50 26 35 18 29 89 66 21 15 25 14 28 85 90 52 80 34 44 11 30 6 48 83 17 91 4 38 82 39 53 54 60 37 65 20 10 56 57 5 49 32 7 19 41 70 8 64 33 16 47 86 55 22 68 9 84 
 73: 88 89 31 19 37 67 47 78 20 16 28 91 30 10 36 38 64 59 61 29 83 85 26 55 0 17 75 74 65 21 3 9 23 48 14 1 2 24 49 90 70 53 46 12 86 72 6 41 11 34 80 4 27 69 81 54 84 76 50 63 39 43 66 51 42 22 32 8 60 15 58 44 71 
 77: 7 71 26 55 41 81 35 72 69 29 76 27 10 23 24 51 42 80 5 70 90 91 77 83 31 54 25 82 9 2 38 79 37 45 64 6 3 43 63 20 84 61 32 30 46 86 67 53 48 52 62 14 56 88 50 13 21 40 16 18 34 58 39 68 8 22 60 66 19 11 85 28 15 33 57 0 49 
 71: 25 86 40 8 60 9 57 52 23 42 43 21 30 88 76 64 6 74 18 89 78 84 55 34 59 16 7 45 20 50 81 41 46 28 2 5 12 47 79 91 1 48 70 65 62 53 80 61 44 77 82 90 29 32 73 24 36 37 63 56 19 85 17 54 35 72 15 58 4 10 67 
 76: 46 75 15 29 59 37 36 73 13 82 21 48 19 66 57 89 67 44 69 8 52 5 51 42 27 16 23 6 56 17 61 4 78 65 86 74 32 40 41 55 11 90 71 88 45 83 39 9 31 18 63 7 1 10 72 2 33 79 26 47 60 50 49 25 62 81 22 30 76 85 38 91 64 54 80 35 
 87: 54 47 69 27 3 8 22 89 41 33 75 42 35 40 1 4 56 76 50 73 37 86 44 77 28 23 10 30 24 48 60 32 34 74 0 70 64 5 80 58 71 84 31 39 15 25 52 66 88 91 9 6 72 13 45 12 21 14 63 81 78 79 83 38 19 7 46 57 55 36 67 11 59 51 29 53 82 20 43 18 2 62 16 17 68 26 90 
 72: 35 19 23 0 12 9 49 18 60 78 11 62 40 30 50 56 6 32 82 51 29 89 75 15 66 1 43 73 58 13 45 88 76 5 61 68 37 77 39 47 91 74 44 63 55 85 79 24 48 65 14 34 25 71 81 72 4 28 57 36 84 86 8 21 69 38 10 90 52 16 67 2 
 88: 28 16 25 37 63 55 84 0 79 49 83 46 4 45 75 30 80 43 88 12 91 58 68 22 66 70 24 61 53 47 32 81 50 35 34 86 21 78 44 69 71 5 23 42 36 31 54 2 7 33 59 13 90 56 38 74 8 52 20 62 14 72 48 39 40 89 6 65 27 26 67 85 19 82 60 15 64 10 76 51 1 57 18 17 9 73 29 41 
 81: 30 68 18 16 50 20 39 3 64 44 14 23 54 59 77 65 72 74 15 70 33 76 69 1 40 48 55 0 46 91 56 6 41 52 63 9 4 27 10 58 67 45 82 11 26 73 5 53 2 24 43 12 81 36 25 29 78 7 42 47 66 86 88 75 90 21 83 22 85 84 89 79 62 28 60 51 19 32 17 31 49 
 78: 69 85 10 54 23 40 63 29 75 53 77 20 2 27 61 58 83 5 1 12 36 65 19 33 13 88 68 72 18 71 55 22 25 24 8 7 34 3 73 9 91 28 62 38 42 70 43 66 14 56 48 11 52 35 82 21 59 45 86 47 84 57 44 41 49 30 81 46 90 6 17 0 15 50 74 32 4 39 
 88: 42 43 3 71 80 85 1 8 28 6 65 10 27 79 59 57 44 53 0 20 33 35 14 58 30 9 52 22 18 90 72 66 41 24 77 64 19 40 26 51 61 67 25 34 23 31 55 2 68 7 29 76 5 75 56 37 74 84 63 91 45 88 39 60 78 49 81 16 73 11 4 70 17 21 46 47 15 12 48 69 86 38 32 83 89 82 50 62 
 80: 33 7 79 86 4 0 76 89 32 6 13 59 61 47 50 24 31 17 27 11 23 68 91 15 38 60 48 64 12 52 49 46 8 85 36 3 67 14 9 2 75 72 19 28 51 90 16 25 43 62 83 44 78 42 81 77 71 69 66 57 29 39 73 63 56 80 35 74 26 55 84 20 34 21 53 65 1 10 37 22 
 91: 24 18 36 56 21 3 52 13 17 33 76 40 28 29 69 70 6 89 72 66 58 91 75 38 46 64 61 42 68 14 88 2 50 60 32 44 79 51 81 10 85 84 62 8 37 45 74 78 4 27 20 35 54 31 80 48 67 19 12 25 82 23 22 53 30 7 47 11 63 34 5 83 90 55 59 43 26 0 9 71 49 1 77 39 73 41 15 65 86 57 16 
 83: 37 6 79 80 74 77 52 35 24 81 32 83 17 10 34 48 65 68 63 64 84 78 19 27 62 20 75 58 61 31 46 29 88 36 21 73 16 69 47 1 23 57 67 76 33 70 51 22 45 2 12 43 25 40 41 3 26 4 38 91 60 85 15 42 13 18 14 0 50 89 59 9 39 82 90 53 71 55 30 49 8 72 28 
 85: 4 30 75 52 83 34 25 56 42 19 84 45 15 14 10 65 1 73 35 26 71 91 81 9 38 89 6 77 16 62 57 31 33 0 61 32 11 67 5 8 51 27 68 49 41 36 47 29 24 76 39 70 18 66 60 78 13 69 82 3 50 63 90 59 28 79 74 46 22 20 17 72 12 64 40 86 37 54 7 80 53 48 58 23 43 
 72: 20 23 58 63 43 30 70 75 47 42 60 38 1 4 52 59 6 12 62 33 49 85 56 26 48 54 65 25 83 35 44 77 8 74 53 28 24 34 37 82 7 11 71 16 40 57 86 66 72 27 55 36 18 90 32 91 67 0 19 3 73 79 13 68 76 51 61 21 64 50 14 45 
 91: 46 59 72 40 100 78 84 69 73 14 48 117 101 108 56 52 97 67 47 68 42 80 50 18 83 116 87 85 45 19 98 31 86 33 38 74 62 54 61 32 51 24 113 37 88 107 114 102 44 71 109 34 58 43 20 17 30 110 53 35 95 65 28 21 75 66 90 15 115 104 93 106 120 41 89 25 103 77 94 39 55 16 81 105 99 91 27 23 63 49 96 
 93: 95 86 50 104 47 14 85 57 68 30 98 99 116 117 27 101 24 26 19 115 113 89 52 35 36 51 107 73 18 60 55 39 37 110 63 71 17 54 15 23 41 62 83 77 90 22 66 76 106 44 105 67 87 42 80 45 97 32 70 29 82 88 16 69 74 59 64 31 49 93 56 96 53 78 72 58 81 92 84 40 103 33 21 102 20 28 25 38 100 79 91 120 108 
 100: 90 94 41 20 57 31 103 24 101 97 45 18 115 68 88 71 40 86 98 113 74 32 66 61 25 117 89 84 83 73 39 17 38 100 36 63 26 96 37 49 70 64 81 87 72 104 52 35 22 50 23 76 46 15 91 16 33 99 78 42 85 62 48 21 29 93 34 43 120 51 95 44 110 30 28 109 92 53 56 107 14 106 114 79 47 108 27 60 77 54 116 75 65 59 55 82 80 58 102 19 
 93: 64 16 113 92 76 57 28 49 94 58 120 100 109 69 35 39 82 107 75 66 85 79 97 44 116 50 36 46 110 14 87 20 47 30 114 68 62 54 37 77 104 117 67 74 102 42 89 51 65 27 43 60 81 106 61 73 21 19 63 48 32 41 56 103 95 18 31 105 84 29 91 70 98 59 22 45 25 33 80 99 86 38 108 88 93 55 15 24 101 78 83 72 90 
 91: 84 107 51 47 94 21 52 38 56 98 101 74 28 36 78 54 81 15 49 71 68 88 113 117 66 14 65 72 77 17 70 108 114 35 42 103 87 59 86 32 60 22 83 93 80 45 29 104 120 90 19 23 99 106 67 16 96 27 64 92 97 25 85 34 48 79 109 110 41 43 82 115 39 24 53 69 95 63 100 46 75 116 26 58 30 57 61 76 55 73 105 
 87: 20 54 18 44 101 17 88 57 93 91 78 40 72 73 50 103 39 79 97 62 35 24 27 92 45 46 87 102 14 33 23 67 16 113 38 109 41 110 96 83 80 31 55 66 52 86 61 94 22 106 15 30 19 49 58 77 75 51 59 37 36 29 74 116 115 76 34 47 85 53 99 120 117 114 64 71 60 32 108 100 90 69 82 21 81 107 48 
 100: 35 17 61 58 29 63 54 99 105 37 51 24 117 98 50 16 52 73 20 106 96 120 42 90 84 72 43 41 32 27 86 21 22 80 31 56 104 28 93 85 30 74 18 55 36 116 64 115 88 40 19 103 92 14 91 81 49 38 78 68 23 66 83 87 110 71 82 26 45 39 107 101 67 53 62 69 25 100 65 108 33 95 48 102 70 109 75 34 76 89 47 60 59 114 79 94 15 57 46 97 
 85: 57 97 88 23 69 110 98 31 104 120 71 92 61 42 54 30 82 35 21 29 53 115 66 90 56 46 22 24 45 49 36 85 77 76 43 40 17 80 14 70 26 79 37 18 59 44 95 108 94 114 25 83 39 81 117 62 48 52 32 96 50 47 33 89 73 101 87 16 103 15 60 84 106 78 38 19 105 28 58 109 20 67 107 27 72 
 81: 55 58 93 78 20 72 75 87 33 29 90 47 104 30 74 82 51 108 97 67 62 39 63 70 16 110 120 17 56 86 101 92 114 64 50 26 69 96 83 84 100 66 105 73 18 79 32 106 98 24 41 57 31 116 102 23 25 53 35 88 109 107 46 15 34 37 19 113 61 21 40 80 65 45 54 36 71 77 81 27 117 
 85: 26 120 97 83 58 100 54 22 93 52 62 80 66 68 70 108 87 38 36 114 42 53 34 46 55 64 15 103 50 106 57 27 115 78 59 81 91 74 17 89 44 102 41 82 69 85 30 95 21 110 39 75 20 60 14 77 104 48 47 109 117 51 86 98 90 73 113 25 19 116 61 16 40 99 67 96 45 101 35 92 72 84 32 43 33 
 98: 78 46 17 68 77 114 20 91 106 81 88 79 82 108 27 96 103 76 71 73 67 43 58 105 86 21 116 97 19 95 16 60 53 104 41 35 24 92 83 115 65 51 22 113 37 109 26 25 89 98 59 50 18 57 39 87 70 40 102 66 62 101 15 49 63 74 54 75 110 33 55 85 56 45 120 47 29 61 64 14 42 31 100 52 32 48 84 117 36 30 23 44 34 80 72 69 94 107 
 84: 108 97 70 51 19 42 109 85 35 30 69 82 103 18 36 99 48 102 105 50 21 95 65 47 54 87 40 22 56 88 94 100 80 58 67 78 52 98 55 49 16 53 41 74 14 106 77 120 75 72 90 61 23 81 107 17 104 73 71 64 79 38 25 93 113 46 110 96 84 39 63 116 27 83 57 31 68 114 33 32 60 76 20 92 
 98: 14 115 29 66 21 61 90 24 19 46 34 52 51 30 44 77 50 85 55 63 37 98 43 100 23 47 110 32 58 108 104 15 87 68 72 53 89 75 76 116 92 103 99 39 18 82 42 84 80 120 40 97 114 102 33 59 71 107 35 65 83 25 31 17 81 49 38 27 113 101 67 96 45 64 105 20 78 48 109 26 57 54 79 95 16 62 56 74 93 28 106 69 88 91 22 41 60 117 
 82: 92 78 71 114 88 17 95 113 90 28 89 16 26 93 73 51 29 82 20 45 103 59 19 30 75 91 101 104 46 39 100 57 84 98 50 60 33 25 69 94 106 67 64 80 14 70 23 117 116 107 56 99 76 110 68 27 22 83 54 35 32 86 74 53 58 65 63 42 72 96 62 49 87 85 21 66 36 97 55 41 15 109 
 81: 42 54 97 19 103 105 39 74 35 85 57 36 86 47 63 29 100 33 26 104 83 44 88 62 58 120 98 46 25 60 70 56 22 55 68 52 71 117 30 28 59 67 49 75 91 108 106 20 81 24 94 64 45 114 82 50 21 89 16 84 27 65 66 72 116 79 76 77 115 90 23 95 96 101 34 43 78 41 110 31 102 
 93: 55 79 17 110 78 62 83 14 74 44 58 63 34 100 61 40 20 27 18 25 90 30 26 59 37 85 117 50 114 116 51 46 80 39 92 73 105 70 32 38 99 57 52 66 81 107 77 96 48 47 21 45 89 91 67 72 102 69 115 76 104 75 68 120 64 71 43 95 84 31 87 22 41 88 86 60 15 53 94 16 109 97 65 49 56 36 103 42 23 98 24 33 35 
 101: 67 38 35 59 85 82 86 75 101 97 102 48 120 49 96 52 47 106 89 15 94 69 73 103 95 32 31 20 83 43 24 33 21 19 30 55 62 104 41 65 109 100 84 88 68 99 87 70 71 107 116 46 63 60 27 79 34 45 80 37 72 108 81 26 39 17 18 110 28 115 74 40 90 61 91 64 29 92 93 113 66 54 44 117 114 98 56 36 76 23 77 42 53 58 16 51 57 78 14 50 25 
 80: 78 46 30 47 101 26 39 80 87 81 64 115 109 68 55 33 106 89 32 48 79 92 53 116 65 63 73 72 66 117 71 36 90 69 95 31 60 99 96 43 18 16 113 35 93 38 77 27 57 58 15 85 86 41 19 107 104 44 51 75 67 17 102 59 120 103 52 108 14 74 61 45 29 25 21 62 88 54 105 98 
 101: 108 28 105 29 106 16 73 115 91 39 17 100 41 20 56 114 64 104 21 85 58 74 117 61 77 84 67 99 19 46 43 55 92 80 60 57 33 88 97 93 83 103 48 120 72 69 87 22 49 110 32 68 59 40 96 71 45 98 53 51 14 82 38 44 66 109 65 107 35 116 50 102 70 78 86 62 47 23 36 25 31 26 76 34 63 95 52 24 75 113 94 101 15 54 42 90 18 27 79 37 81 
 91: 51 86 50 105 98 110 120 84 83 58 96 109 32 97 30 114 47 102 100 39 44 48 61 115 19 92 82 26 87 45 94 29 106 18 56 22 69 117 99 36 113 103 27 54 68 91 16 77 85 43 107 59 35 74 17 76 108 73 37 65 23 71 101 90 72 60 34 52 55 95 24 67 15 40 80 88 53 38 57 89 20 63 104 70 78 21 93 62 25 46 14 
 95: 97 92 99 15 86 58 51 64 41 61 116 21 103 65 20 76 35 63 104 48 93 52 107 69 55 26 78 77 34 37 100 87 23 31 57 84 70 94 90 47 39 62 25 68 101 73 45 40 36 59 17 95 32 42 46 115 38 44 108 71 53 113 85 79 110 102 66 91 60 89 106 88 54 28 29 96 19 14 75 56 22 16 27 67 98 24 105 72 117 50 120 81 43 33 109 
 91: 66 81 77 57 27 108 52 101 86 78 35 56 61 79 116 18 98 48 107 80 84 117 72 26 15 103 109 67 40 39 90 23 22 110 104 50 73 65 55 36 87 38 37 114 115 100 85 16 99 102 97 58 33 32 96 93 70 64 45 51 68 53 24 17 83 75 74 30 46 28 31 91 120 94 106 34 14 59 49 92 62 43 63 21 113 54 88 44 20 60 25 
 85: 110 90 26 17 81 88 67 83 45 69 92 35 56 65 95 14 24 29 103 71 109 75 49 91 102 58 40 107 106 54 101 68 99 98 63 73 89 97 93 28 108 46 20 105 38 113 34 50 94 16 64 27 87 82 100 55 51 78 59 84 115 61 77 80 37 25 47 18 41 15 120 19 85 72 104 70 32 33 57 43 22 42 36 48 60 
 92: 77 73 18 51 41 25 103 29 42 26 82 83 94 106 44 85 76 99 100 110 102 95 27 38 107 98 23 30 40 108 105 15 64 120 16 58 55 69 35 80 28 113 50 54 61 90 39 63 116 97 53 79 114 115 57 14 46 67 47 70 84 92 75 19 22 65 66 33 109 21 37 88 52 72 68 59 45 24 117 93 89 20 31 101 36 87 96 48 91 56 34 81 
 81: 50 33 84 30 29 75 22 54 25 100 115 92 15 63 108 96 37 14 59 18 38 41 61 60 45 93 73 88 42 107 49 120 39 44 104 85 48 32 51 62 78 79 99 53 46 105 35 69 117 87 16 71 95 31 89 43 27 70 40 28 68 24 110 90 91 82 81 57 66 26 77 21 65 97 76 109 101 80 17 55 106 
 84: 99 30 91 93 113 38 63 65 73 50 34 58 120 42 36 76 115 48 37 84 18 33 71 87 23 59 31 96 26 44 46 103 117 108 22 80 14 62 56 101 35 114 52 45 79 77 64 104 85 29 43 60 21 28 57 90 83 70 109 16 32 24 106 88 27 98 51 110 15 47 17 72 40 102 107 49 105 55 97 68 100 69 20 116 
 85: 41 96 53 82 90 117 87 101 48 97 102 86 98 67 66 64 76 38 79 39 61 30 26 80 22 70 71 29 43 15 27 60 36 120 106 91 114 14 34 115 65 84 85 92 35 89 40 16 56 103 62 31 58 49 69 73 20 23 104 93 88 110 54 51 19 77 68 109 47 42 25 99 72 52 81 17 46 57 45 75 18 83 100 59 78 
 80: 114 54 101 74 96 31 61 75 87 49 43 93 29 20 79 108 40 67 28 21 17 47 66 89 59 64 109 105 73 70 104 78 23 62 52 27 106 18 81 14 22 98 102 37 95 19 60 45 68 82 90 71 115 35 34 99 72 42 110 39 86 57 32 25 48 15 113 55 120 117 56 83 107 30 80 33 36 85 46 91 
 97: 102 105 82 21 42 16 30 59 110 99 114 76 51 23 103 63 81 101 61 95 96 54 75 109 15 73 18 115 47 14 53 44 26 72 104 46 37 27 120 77 39 83 50 49 86 68 52 43 55 84 29 100 106 97 80 85 24 117 98 31 25 34 19 60 94 90 58 22 57 65 40 41 79 48 64 33 69 17 38 108 87 71 116 113 74 28 88 91 35 20 78 62 89 93 45 56 92 
 103: 60 46 20 79 93 50 16 81 14 117 23 48 82 44 15 38 73 29 55 98 65 89 35 68 109 21 95 42 106 113 58 28 63 45 59 87 22 43 120 67 34 66 54 37 72 26 75 69 39 80 105 97 110 115 84 40 116 57 76 101 18 107 49 71 24 114 61 62 86 53 27 85 74 103 90 47 99 92 100 30 33 51 102 88 104 52 96 94 78 64 25 36 19 77 70 56 108 91 41 31 83 32 17 
 94: 52 113 40 80 34 75 58 18 94 21 97 116 33 45 102 36 88 38 95 32 114 98 110 29 71 41 15 59 26 83 42 68 73 56 69 51 79 39 47 90 37 16 99 27 109 31 87 104 81 20 115 53 74 64 19 82 108 44 105 14 106 107 100 89 61 120 101 96 117 76 77 66 54 49 91 43 86 22 24 17 55 57 23 30 63 70 25 62 50 48 60 46 92 85 
 103: 51 46 57 96 66 32 84 53 70 69 34 22 101 114 72 77 30 104 65 86 100 71 103 88 75 39 92 89 99 17 68 47 15 113 55 59 49 63 94 29 33 16 83 106 85 73 26 82 54 110 38 27 45 50 105 18 14 102 41 108 87 62 56 80 67 21 19 43 74 31 25 109 64 97 28 79 107 117 61 42 48 44 116 52 36 98 37 93 40 95 78 90 76 23 35 120 20 115 81 24 60 91 58 
 92: 101 90 66 41 76 23 100 102 95 29 54 75 65 92 49 84 28 31 59 62 56 91 58 80 45 94 36 87 83 33 81 85 97 50 117 89 38 110 96 82 114 20 37 71 25 39 77 86 88 115 120 106 17 60 40 21 104 103 24 116 68 57 35 14 52 79 30 48 67 98 64 99 42 107 43 34 93 113 74 70 55 18 53 22 19 73 72 61 69 46 16 51 
 94: 84 116 42 71 46 25 21 33 79 56 94 73 23 31 113 63 77 115 95 36 88 69 96 38 34 41 51 90 101 110 15 62 39 75 93 58 29 43 30 80 47 72 86 99 85 57 120 49 82 26 59 74 68 64 52 98 37 106 40 109 92 14 114 61 117 32 17 108 20 55 50 76 102 67 100 104 83 28 44 54 35 27 97 19 81 91 16 45 66 53 22 87 24 60 
 108: 200 157 196 111 112 150 209 167 181 203 144 212 129 158 194 148 190 155 143 182 130 145 180 153 205 109 176 136 124 197 149 170 199 186 217 122 210 161 128 213 187 108 146 138 208 110 218 140 142 201 195 134 198 165 135 121 179 184 202 159 119 188 169 173 147 189 113 116 125 207 137 174 127 163 139 152 172 151 168 185 206 166 126 216 115 120 156 171 131 154 123 162 133 219 191 193 117 164 118 175 178 183 192 214 160 141 114 177 
 89: 147 116 172 143 180 128 115 109 117 136 195 122 112 170 169 150 194 139 137 144 114 212 210 189 132 118 207 184 121 182 113 187 120 142 209 217 203 163 157 185 198 165 155 186 162 205 204 199 218 126 166 127 156 219 119 138 183 196 216 176 192 213 152 145 193 191 206 174 110 171 175 149 164 130 111 124 202 154 208 190 173 153 160 177 201 151 123 161 159 
 97: 167 148 143 174 186 202 158 191 184 203 162 115 173 118 129 134 147 142 144 166 185 108 207 154 219 135 214 159 180 146 188 119 122 149 133 130 181 113 140 182 209 131 132 145 161 117 110 197 217 179 176 152 151 139 194 189 171 169 204 111 178 199 116 123 198 157 155 175 213 172 193 206 164 126 128 208 196 121 218 170 112 183 168 127 137 153 160 201 141 195 165 138 192 109 200 136 177 
 94: 207 147 183 161 122 162 202 153 177 118 112 197 170 157 218 208 126 117 125 152 151 187 196 213 212 155 194 163 191 175 166 160 203 139 123 137 200 146 141 165 199 111 159 217 180 172 148 131 167 198 113 176 119 142 135 210 120 109 186 189 171 127 164 193 184 138 121 130 174 144 110 149 128 216 204 188 115 143 134 209 173 140 178 116 185 201 114 158 182 190 206 192 108 169 
 108: 135 163 164 182 166 180 159 213 153 179 219 214 149 174 109 156 112 134 119 128 113 151 171 203 190 141 201 133 148 178 183 165 130 198 168 124 118 186 137 210 150 116 132 155 139 212 154 170 185 162 194 145 129 207 209 122 197 191 181 127 143 136 192 173 206 218 158 208 187 131 193 204 144 205 123 142 176 146 189 169 216 108 217 195 114 200 188 175 161 140 184 125 138 152 196 199 126 202 120 147 115 157 160 177 167 111 117 110 
 110: 135 128 178 182 157 114 130 194 193 134 108 129 116 142 197 207 173 126 187 181 136 140 127 176 151 214 143 120 132 150 139 217 213 156 200 174 113 115 166 124 169 184 161 170 138 159 186 177 149 206 202 212 119 158 167 122 146 199 196 148 163 188 203 219 152 111 153 210 175 141 171 172 189 112 160 145 190 216 121 109 218 185 179 117 201 125 144 165 209 131 162 154 110 147 183 191 198 123 180 204 205 164 118 137 155 195 133 208 168 192 
 94: 131 147 122 206 217 184 204 152 151 196 178 126 153 190 201 109 174 218 188 143 136 142 117 148 159 210 199 208 146 160 165 112 185 127 149 187 116 140 139 155 195 207 197 219 108 169 193 121 183 191 120 150 123 213 128 129 118 133 189 145 162 113 203 168 158 138 166 119 110 164 171 200 111 170 177 209 137 182 163 180 134 157 181 125 194 156 216 115 186 175 132 179 144 167 
 89: 134 173 113 158 171 167 122 126 186 169 201 144 137 176 191 129 187 156 185 177 140 190 198 114 145 166 131 182 197 164 184 181 146 196 210 218 109 183 199 110 119 111 143 213 155 163 116 161 168 208 194 195 154 174 153 206 188 149 178 179 121 192 189 130 118 152 203 209 204 172 117 162 200 132 125 136 150 214 170 115 120 216 141 147 175 159 157 133 193 
 102: 173 144 163 202 113 141 196 114 155 218 204 109 210 127 181 183 145 147 184 123 129 164 125 203 198 115 192 142 151 208 165 187 153 119 190 132 182 171 205 121 111 219 197 175 178 135 167 170 143 174 133 158 136 206 213 217 166 212 201 112 137 140 177 189 108 172 195 193 128 161 110 134 199 169 149 118 131 194 176 130 159 154 162 186 209 148 116 152 207 139 157 216 185 200 180 122 138 126 188 156 214 150 
 108: 154 135 162 111 202 184 219 169 186 203 157 174 192 168 200 138 144 195 181 143 204 150 188 206 173 127 210 175 110 137 201 205 212 190 134 185 148 152 171 140 180 109 149 177 129 120 156 142 159 118 172 130 128 199 207 191 196 132 126 153 141 163 214 155 218 139 182 198 170 208 183 187 176 194 125 145 133 122 161 151 197 119 123 193 136 158 146 167 115 213 113 114 124 121 131 217 117 178 166 165 116 179 209 189 147 216 108 164 
 92: 180 205 164 129 161 209 170 116 127 206 119 169 157 113 152 120 198 114 216 126 138 162 151 187 212 144 148 175 140 128 181 201 147 131 165 146 210 189 219 193 185 214 121 155 168 190 194 166 136 204 150 141 203 186 191 108 139 197 117 217 199 149 173 213 171 109 188 145 142 163 202 183 167 179 115 207 172 196 124 132 176 135 154 218 195 178 143 153 182 208 134 125 
 93: 219 117 116 207 145 147 130 171 158 164 156 134 129 157 213 187 159 121 202 125 136 150 109 206 148 191 168 135 163 188 199 127 194 110 189 178 151 212 123 180 122 138 190 177 166 216 118 214 169 204 165 184 154 153 108 176 111 175 131 114 120 195 139 128 113 210 182 144 201 203 183 218 119 192 185 198 155 160 197 167 209 115 112 217 186 143 140 137 161 149 152 205 172 
 98: 134 130 209 202 112 214 212 184 187 123 142 146 159 167 117 128 207 177 169 129 191 179 166 162 118 161 219 120 195 135 115 180 171 170 108 157 150 158 164 153 119 148 110 176 152 165 201 172 144 194 111 213 185 210 206 168 189 154 174 141 216 125 155 208 173 137 140 126 199 145 124 182 131 183 193 205 217 114 136 181 127 198 147 139 121 149 160 151 132 143 156 138 204 109 113 203 122 200 
 104: 210 169 113 129 136 197 155 174 205 111 214 135 123 198 176 108 183 219 179 139 208 175 131 188 128 127 165 213 184 216 110 130 164 218 140 156 209 177 157 144 166 212 185 132 178 201 182 151 118 125 115 206 120 145 204 143 217 147 202 180 121 168 134 122 173 116 146 181 112 167 162 114 141 190 189 187 207 148 152 191 133 196 126 170 161 159 142 186 160 138 200 137 150 203 195 117 124 193 163 149 158 153 154 119 
 107: 184 190 126 152 125 195 147 160 165 166 192 158 208 127 216 138 146 169 161 209 212 202 136 112 120 188 111 204 132 203 191 157 139 109 159 181 129 170 145 193 199 123 177 197 116 196 143 140 118 217 176 207 119 162 124 201 173 131 121 189 167 205 117 185 186 213 178 148 156 194 108 175 150 172 153 115 183 174 113 206 155 198 180 137 141 200 163 130 133 171 214 110 154 179 164 218 144 151 149 210 182 135 219 134 128 114 122 
 109: 190 131 185 129 157 117 124 197 162 168 216 159 167 161 152 132 196 178 201 126 175 209 169 149 138 200 181 170 160 143 210 194 139 199 202 171 205 174 128 119 153 151 212 120 183 163 176 135 166 118 147 195 218 188 140 137 203 172 204 122 112 133 191 165 144 116 182 156 180 154 148 121 145 217 123 207 127 184 214 110 186 136 115 198 114 173 111 179 134 208 108 193 155 125 192 142 189 109 113 146 130 206 164 177 219 187 141 213 158 
 94: 127 145 130 207 129 108 159 158 195 196 116 187 208 151 185 191 202 140 121 180 192 193 137 216 218 138 135 166 131 189 142 115 109 113 190 204 194 183 182 111 201 184 156 188 176 179 128 162 154 161 172 206 186 123 160 120 168 149 125 141 167 219 148 177 152 153 132 205 198 171 203 143 146 144 214 133 163 169 200 112 150 217 197 139 213 209 173 117 114 155 181 122 178 164 
 83: 175 110 200 161 115 137 136 163 109 198 113 218 114 188 197 174 152 210 186 143 150 111 157 202 123 149 209 190 195 127 130 125 124 201 162 116 134 183 206 121 147 199 177 154 148 156 187 212 159 194 213 138 192 184 196 145 158 203 173 178 167 208 168 191 112 120 160 165 117 170 139 214 126 171 153 131 219 142 119 108 166 182 135 
 107: 216 202 203 119 218 183 113 193 160 118 134 219 136 169 123 173 155 205 148 141 201 137 115 178 110 126 190 112 171 180 188 150 128 130 124 139 196 144 147 164 111 207 170 129 117 172 146 121 204 163 145 156 191 177 162 206 168 174 182 149 153 185 140 127 135 116 187 181 131 165 212 197 154 184 209 157 142 175 158 210 138 125 192 159 179 213 166 114 152 189 167 133 217 108 186 132 120 200 208 151 143 195 161 214 198 122 109 
 97: 131 186 137 187 119 219 206 142 125 162 155 174 109 158 148 161 126 136 217 118 190 117 168 156 144 114 199 192 213 141 183 152 207 193 201 177 178 182 143 180 214 218 165 128 149 150 202 194 166 160 175 145 129 127 209 210 198 139 169 153 200 204 163 170 134 179 176 196 203 115 113 197 164 112 138 133 121 123 212 181 157 120 122 171 147 140 191 124 208 184 167 173 111 172 130 159 188 
 96: 143 180 166 153 140 165 195 192 121 183 209 218 118 159 214 176 136 201 156 204 110 171 179 116 131 185 123 190 144 152 160 163 113 178 212 129 170 161 130 186 141 145 155 174 148 135 217 182 219 154 126 133 198 142 206 139 162 158 172 193 199 111 149 173 120 146 207 216 205 137 151 127 203 134 128 197 115 189 175 213 119 168 147 202 150 114 194 196 112 208 169 188 187 138 132 109 
 90: 175 207 112 180 135 186 156 137 161 167 165 129 202 143 206 171 127 195 173 131 216 218 149 118 154 172 119 121 108 196 176 210 115 133 217 148 120 182 140 213 122 141 159 162 125 145 183 158 209 184 151 163 169 189 198 201 214 114 204 187 147 200 177 197 132 152 185 179 199 116 111 181 194 109 164 138 157 192 168 170 193 219 203 153 178 166 208 117 126 139 
 86: 169 178 137 172 181 113 120 133 143 108 201 171 140 213 162 210 168 112 218 144 200 183 126 190 182 216 173 208 130 219 132 138 136 166 191 141 129 192 193 163 148 122 117 176 186 188 154 119 142 180 187 123 158 170 125 161 151 147 160 174 110 118 164 127 128 146 145 209 179 135 194 189 214 199 149 197 184 204 217 121 185 196 152 124 177 115 
 110: 200 111 126 212 178 209 176 147 116 163 193 183 132 160 181 156 145 196 204 216 155 143 194 146 154 165 188 201 135 191 174 138 179 117 114 120 202 187 122 159 205 113 214 161 130 170 119 144 175 168 197 213 128 195 148 131 184 110 153 109 171 173 127 137 152 141 136 210 118 169 185 108 112 192 189 208 151 139 172 166 219 177 198 123 149 129 158 167 218 115 203 124 140 162 190 207 142 121 186 150 157 199 217 180 182 125 206 134 133 164 
 88: 203 119 162 219 126 196 121 213 142 193 195 114 180 218 120 208 183 165 109 133 135 117 145 176 113 138 201 139 122 108 148 124 168 188 171 157 217 134 209 130 189 154 174 167 214 185 123 140 136 131 127 132 163 143 152 170 128 177 155 190 186 144 206 192 181 146 110 151 204 169 173 191 179 187 129 172 112 125 141 159 166 156 150 160 158 207 198 182 
 90: 124 156 116 118 142 201 208 127 193 186 169 172 195 205 185 197 147 144 115 219 179 182 177 159 214 176 180 153 111 188 152 163 166 184 137 190 160 209 120 151 146 130 112 157 119 139 175 150 165 140 117 148 203 212 129 181 207 204 218 138 121 199 161 109 167 198 183 210 123 113 134 158 136 200 131 192 110 196 154 145 135 162 202 168 108 171 194 149 213 178 
 102: 206 207 203 168 136 110 149 150 171 189 159 166 126 111 160 117 165 135 125 112 201 164 187 199 194 140 148 121 114 184 209 188 196 119 145 180 181 178 115 153 193 210 131 120 191 214 141 129 151 195 173 217 113 169 176 218 208 116 122 162 109 146 170 172 137 156 190 182 143 183 174 179 147 130 139 128 108 186 213 197 144 138 200 177 118 212 142 198 216 202 127 157 134 219 155 161 205 133 124 185 163 175 
 90: 206 125 202 119 116 114 148 135 160 214 219 207 137 109 121 126 195 170 209 183 133 131 189 192 216 141 213 203 134 172 110 158 182 179 138 120 210 184 212 140 113 181 122 115 199 166 168 123 150 159 180 174 197 129 194 204 164 143 117 144 127 200 157 124 175 142 154 190 139 163 208 217 118 169 108 153 198 193 187 188 149 177 201 173 161 128 156 165 151 176 
 94: 111 109 200 160 124 208 164 188 192 205 141 214 112 172 195 151 135 126 207 216 110 176 197 198 142 148 183 177 191 152 196 202 179 173 162 169 123 147 115 140 182 161 194 212 204 199 128 217 165 184 156 146 120 137 122 163 175 213 125 159 166 138 171 113 136 149 108 134 127 158 157 131 170 153 210 121 132 167 190 189 178 150 209 186 219 174 139 117 144 114 203 168 181 116 
 105: 123 148 167 191 192 174 125 137 173 111 115 182 184 194 179 140 131 176 193 199 190 151 126 204 121 154 200 203 212 196 189 119 108 186 216 142 214 144 166 157 206 118 139 187 145 112 160 147 185 156 202 122 152 201 143 138 170 172 150 163 159 165 141 171 132 175 197 169 136 213 177 181 135 129 218 161 124 149 146 134 153 127 155 198 205 133 128 120 114 158 116 117 109 168 178 217 162 130 188 209 207 210 183 195 208 
 94: 133 177 116 180 110 183 218 153 109 131 119 164 184 152 185 175 213 188 192 212 148 142 151 167 157 170 160 127 137 134 195 163 129 214 178 217 147 187 128 146 140 169 171 120 219 198 172 168 136 132 202 159 190 161 194 115 111 145 209 201 123 155 121 204 154 182 173 216 166 150 114 112 149 196 179 126 141 199 186 108 165 113 207 200 193 117 191 158 189 135 181 130 203 205 
 99: 182 193 200 124 210 128 178 159 126 134 197 219 145 129 140 201 160 147 108 155 151 141 146 148 186 121 169 190 179 212 114 137 176 184 135 164 191 132 195 218 122 188 183 139 109 150 162 113 157 161 205 189 130 196 158 214 115 133 153 117 118 172 187 127 180 207 154 217 143 119 194 168 202 125 138 216 204 120 192 174 170 110 173 163 112 185 209 152 144 167 166 171 116 181 203 208 198 123 149 
 110: 140 139 196 162 151 201 121 148 210 219 179 188 153 136 114 203 217 177 182 184 154 209 216 127 198 158 156 125 138 163 128 110 132 174 144 166 113 183 160 124 191 147 143 155 137 206 129 152 207 208 145 109 171 214 146 120 185 112 169 200 126 133 204 205 135 190 130 213 199 115 181 194 157 119 134 164 176 165 159 167 161 122 218 202 172 141 197 108 178 117 180 170 149 187 189 168 212 186 116 131 111 123 173 175 195 142 118 150 192 193 
 108: 173 182 175 115 216 176 133 187 162 194 119 210 144 135 188 159 197 145 108 172 149 139 183 212 160 189 128 125 166 196 116 146 186 120 150 123 205 165 152 217 137 109 204 110 213 140 158 126 112 136 170 163 180 169 181 131 203 219 214 193 185 111 127 201 208 156 141 199 148 114 207 118 155 117 142 164 153 154 121 171 161 192 195 134 167 178 151 124 143 138 209 206 191 122 218 190 200 130 174 202 147 179 157 113 184 198 168 129 
 98: 117 123 137 175 168 207 120 186 138 197 150 125 194 164 212 112 118 178 134 149 124 203 155 122 202 201 108 200 162 136 205 172 144 141 185 156 121 169 139 213 214 147 173 188 180 115 195 190 135 153 129 113 189 128 146 145 143 204 157 166 177 114 130 196 131 174 176 209 183 206 161 111 132 154 210 181 142 165 216 199 119 171 133 116 170 191 198 151 110 217 219 193 192 158 126 184 152 163 
 110: 164 154 189 108 166 116 136 163 118 184 219 157 139 122 182 186 137 191 133 155 185 192 111 201 161 165 209 167 158 203 193 176 162 152 149 119 141 120 175 159 135 110 174 179 168 198 212 169 199 144 170 206 213 197 187 117 210 208 217 114 202 127 160 126 138 147 156 190 112 188 214 205 129 200 124 218 134 207 151 178 131 145 150 196 109 113 128 204 177 171 142 195 123 153 172 130 183 148 216 194 180 115 121 181 140 132 173 146 143 125 
 100: 163 173 193 145 127 217 136 110 126 144 125 207 178 158 170 201 152 165 172 205 186 190 213 210 177 120 206 129 156 139 135 179 113 202 132 157 134 122 140 150 191 204 185 114 189 203 195 197 182 199 212 209 168 183 187 175 181 169 108 124 115 148 218 109 160 123 188 164 141 155 166 161 171 194 214 198 192 162 143 180 121 128 119 116 154 133 151 142 147 167 138 149 184 112 153 137 208 200 159 130 
 86: 200 126 136 153 149 169 139 163 190 146 134 218 152 198 167 147 189 125 162 216 120 183 138 145 114 171 186 207 202 179 130 193 209 121 142 156 203 127 194 199 210 157 212 176 219 213 201 137 119 135 191 165 161 116 166 196 170 115 155 197 112 173 123 168 132 110 205 148 172 180 164 159 124 128 174 140 150 184 143 111 195 141 117 177 208 181 
 90: 118 186 216 204 132 175 161 208 154 124 203 210 188 163 127 153 214 152 212 146 197 194 136 160 147 177 155 135 193 162 218 141 157 182 219 195 205 178 213 120 159 189 123 190 168 130 142 108 206 184 202 173 207 140 144 201 171 169 166 143 131 192 119 112 137 126 165 191 111 200 185 179 167 172 183 109 138 149 198 181 145 133 217 122 180 164 176 150 196 125 
 101: 170 214 127 109 191 117 138 141 168 160 161 193 192 203 177 126 147 180 194 131 204 172 148 195 163 212 216 198 133 110 151 139 136 143 186 132 200 142 165 144 114 175 159 178 217 208 202 128 155 167 120 189 187 219 135 108 182 140 173 121 209 150 171 206 185 179 188 183 137 115 210 164 196 169 129 113 116 123 176 119 218 190 125 118 197 158 112 201 124 213 154 207 122 111 205 149 162 166 156 130 134 
 110: 136 179 168 171 117 156 201 159 194 142 126 188 127 180 137 125 134 153 186 196 154 192 146 165 121 205 123 139 151 172 193 152 115 124 155 113 129 119 209 167 138 158 219 175 150 185 208 173 143 163 110 187 162 182 202 210 144 120 203 184 111 170 200 112 132 128 118 213 161 141 157 114 206 169 197 164 122 190 148 109 207 181 199 183 176 140 147 149 130 212 174 214 160 177 217 108 135 133 216 195 131 189 166 198 145 116 178 218 191 204 
 96: 182 141 170 169 196 212 204 233 217 186 200 151 158 136 222 206 166 157 173 139 197 198 195 149 142 145 138 156 183 180 135 202 201 161 181 176 214 219 179 140 211 175 191 220 226 174 218 210 177 178 209 207 171 134 155 205 213 147 227 193 229 187 144 228 190 184 203 159 188 148 167 162 208 165 164 168 216 172 154 199 137 194 150 224 185 215 152 163 189 221 160 133 232 192 153 225 
 83: 144 146 207 145 195 208 221 133 182 202 216 165 213 141 169 191 167 190 203 166 163 156 201 228 223 170 154 196 214 209 210 206 168 187 227 200 194 171 136 197 181 139 150 198 151 134 224 177 225 205 148 222 219 229 147 155 204 135 186 158 226 162 143 153 137 161 211 220 232 149 174 140 142 138 192 160 218 189 176 183 157 173 175 
 87: 137 205 225 187 145 142 160 153 154 178 136 232 183 141 222 217 218 149 226 227 203 162 198 223 148 144 150 161 188 182 186 156 155 207 213 189 216 176 184 204 229 143 134 212 139 202 219 199 211 135 138 192 169 146 224 174 157 233 165 166 170 191 151 193 190 168 159 172 177 173 221 179 196 194 210 140 209 208 206 152 185 228 147 158 200 214 181 
 75: 228 153 167 199 156 185 133 225 205 160 168 159 161 174 166 188 164 211 192 194 209 173 202 232 141 220 223 170 195 227 176 196 182 213 146 224 184 221 148 150 233 137 179 200 154 171 147 212 142 165 191 177 197 210 134 169 181 143 193 155 198 206 139 151 201 204 172 145 152 214 216 178 215 136 158 
 89: 203 172 173 164 221 199 157 188 154 141 161 195 165 160 186 200 150 229 181 219 163 227 137 144 194 222 197 171 147 217 138 208 198 233 168 218 142 159 174 210 185 226 220 207 155 189 205 149 214 204 193 202 187 177 216 170 183 215 148 156 176 162 152 211 184 192 136 153 179 182 196 140 135 228 151 166 169 146 139 206 212 190 225 143 209 224 223 213 232 
 75: 144 139 187 219 183 226 212 171 199 165 228 162 137 145 147 229 180 151 156 206 158 146 133 164 227 166 209 174 161 169 216 201 142 220 143 217 194 153 200 196 184 222 195 138 198 135 186 175 182 205 141 232 150 157 136 176 225 214 148 191 178 149 207 155 204 203 173 177 211 134 197 185 163 190 167 
 75: 149 219 227 192 232 136 198 168 164 161 223 191 160 209 145 137 158 142 184 197 211 224 177 178 212 220 166 233 163 169 151 155 196 141 221 147 214 170 175 174 167 217 148 135 218 229 181 213 207 144 199 215 204 133 152 182 200 208 226 140 228 225 190 159 150 171 195 185 186 162 165 210 183 201 202 
 79: 216 203 158 145 136 151 198 134 174 152 159 224 197 194 179 140 173 162 217 213 221 205 153 207 204 218 192 186 160 200 229 208 227 178 169 156 176 168 150 220 189 175 215 185 193 222 163 199 142 146 226 187 232 141 212 144 196 177 139 184 228 195 137 190 182 147 183 165 149 155 157 172 202 201 211 166 191 170 148 
 79: 181 214 165 187 200 176 222 183 232 139 144 164 208 166 145 162 154 158 186 142 182 152 143 199 221 170 161 163 133 217 173 216 195 146 220 209 185 229 191 189 226 148 212 179 198 219 172 203 196 184 204 193 194 190 201 136 175 137 160 135 218 206 188 150 192 180 211 171 202 149 225 159 228 215 169 174 156 153 138 
 97: 213 193 225 208 189 228 210 200 195 162 146 163 141 182 211 232 217 180 184 170 204 153 149 173 220 219 188 224 139 135 175 133 142 226 218 212 148 156 192 171 190 181 176 155 138 140 167 178 160 201 207 202 177 174 227 172 152 165 151 143 206 161 150 154 179 223 137 183 187 168 198 145 205 199 166 214 196 233 169 186 159 229 216 191 134 164 221 158 185 194 136 144 209 147 157 215 222 
 78: 174 202 190 165 221 225 192 154 133 219 134 149 220 204 138 139 217 145 160 170 175 229 159 163 168 146 191 183 203 155 195 162 184 216 173 197 151 193 180 214 187 156 136 201 188 209 167 150 143 206 147 215 144 172 161 196 208 228 142 182 207 194 185 223 205 226 200 218 157 153 135 233 181 178 141 210 140 177 
 83: 167 211 173 201 182 194 199 149 188 200 197 233 215 232 227 155 209 212 198 141 207 184 196 140 180 226 221 203 138 222 164 228 134 157 186 152 210 202 183 190 137 204 205 146 187 142 161 135 193 133 136 154 176 153 162 139 229 213 170 217 191 156 224 147 160 148 178 206 179 150 158 166 192 163 171 169 225 143 175 159 144 189 165 
 85: 227 218 135 170 228 181 134 174 211 144 145 142 149 175 223 188 205 193 226 160 143 156 207 140 206 158 177 147 225 215 164 191 151 184 165 139 173 204 185 208 166 146 201 152 197 232 141 210 162 219 190 214 202 224 167 169 182 168 200 233 154 172 217 157 198 222 163 178 216 199 138 189 209 183 180 192 159 137 220 179 213 195 194 155 161 
 92: 163 198 138 208 153 227 207 218 141 156 168 206 154 185 174 193 228 160 217 173 212 139 194 224 171 147 203 137 148 177 134 201 157 152 209 188 219 140 204 186 195 226 211 189 178 205 215 232 179 197 151 162 150 180 190 233 214 221 216 213 146 170 172 200 229 175 136 155 142 164 220 169 176 166 199 192 143 210 158 149 196 183 187 184 222 225 135 167 159 181 182 191 
 78: 153 133 182 150 145 139 134 214 200 196 201 212 202 166 220 181 194 197 187 171 190 162 135 192 147 140 172 191 168 177 154 163 179 144 204 156 157 210 226 206 224 138 227 216 185 164 180 136 217 199 178 142 170 160 186 198 233 174 221 155 213 137 205 228 159 211 151 207 148 165 225 232 229 173 149 184 158 215 
 75: 224 199 139 200 170 150 137 143 135 188 212 210 223 209 222 202 184 185 215 158 221 161 220 183 233 138 232 167 166 145 163 205 165 198 193 151 134 226 189 175 141 182 142 217 179 148 227 191 197 155 190 201 174 216 203 225 218 144 171 186 149 157 168 146 211 213 133 207 180 176 136 162 172 160 177 
 98: 175 209 199 208 155 191 222 160 223 212 227 195 215 197 224 200 188 139 181 177 221 184 194 218 226 136 216 203 137 171 178 183 152 157 214 185 233 229 211 219 202 134 187 189 159 143 165 164 149 144 158 204 198 179 156 161 154 173 135 210 180 169 220 206 182 205 174 140 213 170 190 207 151 147 163 133 148 228 232 142 153 225 192 167 146 186 138 168 162 145 193 201 166 150 217 141 176 172 
 97: 145 201 154 205 203 200 166 135 194 192 185 196 159 208 232 151 218 155 168 217 153 220 142 169 227 170 211 141 176 163 189 162 215 183 224 178 199 190 207 156 219 184 212 209 172 149 136 157 174 152 177 147 143 165 204 164 148 144 214 138 150 193 179 187 146 137 229 221 210 226 233 216 228 195 197 139 175 213 188 191 202 222 133 171 180 158 198 161 225 181 186 173 140 160 206 134 182 
 76: 137 142 187 206 145 212 186 207 211 233 193 133 188 221 161 196 135 140 185 215 156 181 150 172 220 183 169 194 202 167 180 209 147 163 214 151 168 162 210 136 144 227 177 176 232 155 143 191 171 149 213 224 174 146 148 226 225 201 157 218 139 198 208 203 173 195 178 141 175 228 223 199 138 190 229 154 
 96: 218 134 191 149 189 164 221 138 183 193 135 165 187 147 214 150 182 152 233 229 210 184 215 168 166 190 179 200 181 207 160 133 185 158 173 208 232 141 205 169 225 219 224 172 202 145 211 213 170 148 204 186 220 178 176 198 222 136 143 155 201 157 156 161 140 137 163 196 162 175 199 216 209 167 153 197 142 192 139 146 144 154 188 206 195 212 227 159 228 226 203 217 223 177 171 180 
 77: 151 161 143 181 177 200 169 160 194 205 223 202 186 233 199 164 218 220 158 216 229 168 217 171 214 137 185 204 156 141 178 167 174 150 192 155 184 209 154 187 196 135 191 173 136 176 226 189 138 198 147 170 146 163 224 208 207 206 162 172 149 148 203 228 225 210 179 153 175 159 197 183 219 134 142 227 145 
 97: 215 198 158 218 210 153 212 135 196 206 149 228 214 143 167 140 186 207 229 185 201 209 141 223 191 146 187 220 216 168 172 190 138 175 224 183 133 173 194 182 225 142 217 219 200 160 170 163 156 134 139 192 159 165 169 203 162 154 136 166 208 178 199 221 174 213 179 227 205 157 232 222 176 233 144 164 193 211 161 171 150 189 204 184 137 145 177 147 181 151 202 197 188 226 152 195 155 
 77: 179 152 209 182 223 225 207 229 201 197 142 191 148 218 187 185 189 164 143 206 138 135 171 183 181 163 210 168 208 167 205 220 177 215 137 154 174 217 214 172 161 222 192 139 147 184 200 221 219 227 162 203 216 199 149 145 165 226 176 158 156 146 204 136 170 180 188 134 196 150 155 190 173 133 233 160 157 
 76: 185 233 148 187 203 229 186 133 175 199 218 190 200 137 149 138 197 173 178 202 166 154 204 215 206 188 177 163 208 209 165 181 201 207 193 151 153 171 155 139 176 226 135 232 143 219 150 223 174 141 205 169 216 221 158 213 224 184 160 146 228 222 212 145 220 189 152 196 192 217 162 225 144 191 140 195 
 89: 146 161 212 213 157 203 184 133 225 187 141 178 177 143 224 158 220 222 189 218 135 190 185 233 180 181 209 193 197 134 140 198 155 211 210 201 221 160 219 191 214 169 151 179 156 166 186 208 149 226 227 145 192 159 199 148 163 153 137 170 215 165 196 229 206 172 194 142 174 204 188 167 168 228 139 144 173 223 175 147 216 207 205 200 171 183 154 152 195 
 98: 184 146 206 160 149 179 170 133 167 148 155 205 186 232 211 227 185 154 162 153 169 163 145 138 180 190 172 171 182 212 152 165 189 214 178 187 220 223 198 159 195 204 151 193 173 197 233 199 217 213 194 208 224 168 196 216 166 229 139 209 183 143 137 192 203 221 174 210 228 222 225 141 219 142 140 188 134 200 144 158 226 218 156 175 207 201 135 176 181 136 150 177 202 215 157 191 161 147 
 88: 151 215 226 155 213 143 153 164 222 136 220 202 152 219 218 187 156 210 199 233 188 178 175 206 171 141 221 211 160 142 172 186 224 190 181 140 205 167 149 212 165 138 214 154 209 182 204 179 193 207 184 197 216 169 185 208 201 134 176 200 168 158 170 195 146 232 173 180 194 139 159 145 150 223 229 166 225 133 174 157 189 203 177 137 217 147 192 144 
 79: 202 173 138 141 224 163 142 187 139 190 169 217 167 229 148 215 157 136 197 181 220 174 146 205 209 192 158 140 162 144 170 221 210 232 166 172 213 180 156 149 135 212 222 182 199 185 152 227 143 216 175 204 145 134 153 228 206 171 196 176 233 193 160 194 195 178 186 179 211 208 177 151 223 188 154 184 147 137 214 
 99: 223 208 211 158 159 224 215 209 152 219 171 166 149 206 221 220 198 187 200 218 186 135 195 229 175 222 133 161 174 207 177 188 145 197 153 167 139 156 151 181 157 164 162 134 232 165 202 173 204 228 163 226 137 192 179 191 182 150 183 176 140 144 199 227 233 212 147 210 148 216 217 143 205 141 170 194 142 160 184 213 136 196 193 190 172 214 185 225 168 201 154 138 189 169 146 180 178 203 155 
 85: 160 180 194 154 216 221 193 217 143 158 224 210 203 148 144 142 183 135 188 149 134 138 204 147 146 150 195 213 139 219 227 177 170 189 175 225 174 199 197 159 140 201 202 157 153 145 162 179 161 185 182 164 208 171 166 187 173 218 169 176 191 133 226 165 196 168 141 198 137 181 233 167 215 232 222 229 163 223 184 152 178 209 211 228 190 
 79: 221 140 134 146 223 172 229 139 169 193 186 163 224 203 222 155 189 178 204 151 214 171 177 152 179 167 185 212 200 199 207 157 206 201 168 162 182 195 174 217 219 147 225 144 145 190 208 166 232 143 165 153 158 149 192 141 215 160 233 135 213 197 159 228 170 227 181 161 220 226 191 216 148 198 218 211 138 210 173 
 83: 186 148 199 221 183 189 176 193 142 146 177 191 157 202 170 198 133 216 143 220 218 194 145 217 207 200 212 138 139 151 204 140 209 228 147 223 210 141 232 181 153 156 195 152 226 164 174 163 149 134 158 144 222 214 150 219 175 229 155 233 184 190 162 178 197 159 192 182 205 187 215 137 179 213 169 203 201 165 208 166 225 161 173 
 92: 146 137 189 226 177 201 171 174 223 194 172 185 212 140 220 215 168 202 207 199 160 136 219 157 193 217 133 156 175 165 151 191 228 186 138 209 161 148 190 169 221 216 166 196 179 176 181 162 150 149 158 187 203 205 170 218 167 204 152 213 142 233 183 182 135 210 144 227 141 154 163 155 184 153 224 225 206 147 222 164 159 229 134 198 139 173 208 195 192 200 180 214 
 76: 218 187 183 162 149 154 225 146 216 192 148 160 205 151 193 202 156 214 145 163 199 164 172 143 147 208 228 173 171 139 180 203 184 152 159 204 227 191 223 168 177 189 221 136 135 170 161 215 144 207 133 198 176 188 197 219 186 174 153 155 217 175 232 140 134 182 201 210 169 150 224 157 137 211 209 212 
 85: 219 148 180 227 192 226 162 213 156 207 204 159 179 137 158 146 218 228 153 169 150 208 152 217 195 142 181 147 222 201 197 233 143 203 193 202 190 157 171 206 198 185 174 176 170 225 189 211 177 168 163 165 136 210 209 134 215 141 144 178 182 133 161 145 183 221 196 166 186 139 205 155 151 167 200 138 232 223 175 160 184 187 229 220 172 
 97: 193 224 135 159 204 161 199 137 156 212 223 205 219 213 215 167 185 178 200 210 191 233 140 157 145 227 220 195 225 184 179 139 217 201 173 221 148 151 142 164 181 188 228 216 136 189 149 146 174 170 166 182 222 206 176 202 169 196 153 190 186 218 229 155 138 197 198 194 183 143 162 133 175 154 134 165 144 177 232 209 203 187 171 152 180 207 150 192 211 147 168 163 141 208 160 172 158 
 50: 227 223 269 239 229 275 224 281 243 278 258 259 226 250 231 233 257 248 261 267 225 271 240 280 251 265 244 249 234 272 241 237 268 263 235 262 238 252 228 245 279 230 255 283 242 282 260 253 254 264 
 48: 263 264 226 239 233 272 242 230 247 254 249 251 250 238 276 279 224 232 278 270 236 268 245 240 259 266 260 225 258 269 244 261 234 227 280 281 262 253 282 274 267 271 228 231 256 229 275 235 
 56: 258 263 230 259 267 250 235 246 223 251 226 280 225 262 255 227 229 265 260 253 232 274 276 269 245 242 278 252 236 256 279 247 233 224 273 254 244 248 275 243 264 234 228 281 241 237 238 239 249 282 240 270 283 272 231 271 
 55: 247 227 239 232 228 280 267 279 240 255 234 281 272 245 278 265 241 283 235 269 236 259 233 273 229 258 282 250 264 225 274 246 253 231 270 271 261 242 238 256 262 257 276 268 249 254 260 243 230 226 275 263 248 237 244 
 48: 235 240 260 236 281 232 225 276 223 238 261 274 226 265 278 243 279 262 248 266 247 254 271 258 224 229 283 273 239 268 231 244 241 237 259 228 255 246 242 257 233 249 269 256 245 272 250 264 
 54: 230 239 232 249 234 256 258 244 237 251 268 278 272 235 269 247 225 240 267 282 274 231 236 238 281 243 229 248 252 263 270 259 223 283 227 260 273 242 262 233 261 255 224 241 228 226 271 276 246 265 257 250 275 266 
 51: 239 258 266 229 237 238 273 243 264 267 235 268 236 246 272 248 276 232 261 262 270 242 225 230 257 256 281 224 274 265 254 249 260 253 275 283 251 282 271 226 279 259 234 255 280 227 250 233 263 228 245 
 46: 229 232 235 233 240 246 227 278 254 255 282 262 263 272 268 231 224 267 249 242 241 253 238 257 228 223 258 225 260 239 279 281 251 245 280 271 269 256 273 250 270 266 234 275 244 236 
 59: 249 225 267 275 252 241 270 239 243 260 235 247 264 271 265 233 244 232 282 237 256 262 242 223 228 236 278 230 234 266 224 231 250 280 274 251 257 281 255 227 276 248 254 261 245 263 272 229 268 273 269 259 258 240 253 238 279 226 246 
 50: 264 262 227 246 282 239 236 243 267 261 270 251 231 228 258 223 230 237 245 249 278 234 240 241 232 263 274 238 279 265 242 252 247 226 266 244 257 283 269 276 280 273 272 225 275 248 233 259 255 260 
 48: 255 240 246 244 233 242 276 243 223 227 239 259 273 235 226 264 280 258 230 232 234 237 268 247 245 265 241 279 225 262 261 229 236 275 224 270 249 271 281 278 231 228 248 267 269 274 254 263 
 57: 271 238 224 223 266 256 278 252 281 230 227 262 274 245 260 275 246 264 250 241 225 228 239 232 226 261 229 231 251 249 272 263 248 280 282 276 253 240 279 235 257 234 237 265 273 270 268 243 244 233 269 258 255 242 267 247 283 
 49: 268 274 249 241 239 262 243 245 240 270 269 272 244 264 255 248 267 230 257 225 259 252 263 279 226 280 236 234 254 271 278 261 238 258 253 256 246 251 227 224 260 242 235 223 276 247 250 233 265 
 50: 260 242 248 272 233 228 223 276 278 258 282 264 280 270 281 249 227 241 279 256 229 247 250 246 238 262 259 273 269 283 271 240 254 230 224 251 232 234 225 268 263 265 253 267 244 243 235 266 261 275 
 49: 240 256 235 254 283 247 238 224 248 253 258 241 275 234 255 263 250 279 233 226 231 259 273 274 243 244 230 282 265 260 252 269 242 229 228 278 271 262 268 246 227 237 276 239 280 251 245 266 223 
 49: 279 231 244 265 245 275 267 223 237 247 281 239 246 274 243 282 251 272 270 232 234 258 264 260 259 261 276 230 266 278 255 229 236 250 263 257 241 233 273 235 226 269 248 227 268 225 254 280 283 
 47: 253 227 282 232 226 263 236 252 279 272 235 255 256 247 242 267 264 234 281 228 261 268 229 274 273 280 231 275 244 243 250 259 260 224 254 240 258 238 270 276 251 245 246 265 271 239 283 
 56: 226 273 264 249 272 256 227 251 246 236 261 238 267 242 265 255 274 268 259 239 247 237 225 240 230 257 254 252 262 248 232 250 270 282 283 258 280 253 223 233 281 276 245 243 278 231 241 244 229 279 266 269 275 271 235 224 
 53: 275 232 274 252 243 266 228 263 236 245 259 267 233 238 260 248 270 262 273 242 272 265 229 227 255 246 235 234 225 271 224 281 279 230 237 239 257 250 278 253 282 231 276 280 241 261 256 268 264 249 223 247 258 
 45: 232 276 242 270 239 227 235 266 249 253 243 282 254 244 223 275 231 233 268 255 229 236 247 272 271 260 257 224 238 256 248 225 230 246 265 281 267 264 283 259 240 258 237 262 279 
 58: 273 264 244 234 279 228 262 256 249 231 243 232 275 238 257 283 259 251 236 272 258 252 248 229 265 246 235 240 282 250 280 270 267 268 278 233 237 242 254 274 245 255 269 247 260 281 271 253 263 261 223 241 239 224 226 227 225 230 
 45: 241 249 260 270 281 267 230 269 233 235 256 232 258 228 240 246 254 265 257 231 262 223 282 236 229 243 252 242 278 248 224 272 245 226 238 271 261 244 264 227 273 253 263 250 266 
 46: 242 278 270 279 276 248 260 273 229 253 230 268 250 271 249 264 266 234 283 224 280 272 281 226 232 263 237 251 240 244 255 269 282 225 254 257 238 235 275 274 258 256 261 233 265 227 
 60: 270 269 239 252 253 271 235 226 254 230 236 276 233 225 247 261 278 272 260 275 258 264 244 231 249 245 228 251 283 256 279 265 262 266 282 250 227 234 257 232 248 238 242 229 243 241 273 267 274 259 246 281 280 224 240 268 237 263 223 255 
 58: 261 255 246 269 236 279 267 235 259 268 249 283 223 273 253 239 245 256 263 248 257 272 282 237 280 238 260 254 264 231 265 241 275 278 244 271 250 225 266 262 240 247 230 228 243 274 276 229 232 233 226 224 270 281 251 258 252 242 
 51: 232 236 244 269 253 225 258 272 262 228 227 226 280 239 268 240 265 271 263 283 267 278 264 266 249 243 282 273 238 276 254 237 247 229 261 245 241 235 255 270 248 251 246 274 224 259 230 250 231 252 242 
 53: 241 290 237 279 275 260 280 243 249 284 264 261 287 285 259 276 242 286 238 251 283 269 270 268 271 282 291 265 235 254 239 244 272 263 262 245 236 277 256 252 267 289 240 258 273 257 288 234 278 274 253 266 247 
 54: 239 258 246 268 288 262 245 254 263 252 270 285 290 256 265 235 279 272 269 283 286 251 274 267 287 240 266 242 273 271 244 275 243 261 248 259 234 236 250 284 255 277 289 282 257 280 249 291 281 237 247 276 253 241 
 49: 275 269 261 278 243 282 285 281 250 259 272 246 253 265 267 245 280 252 239 286 257 263 264 276 238 273 248 249 258 262 256 255 270 235 279 291 289 242 244 266 234 236 284 268 241 254 274 290 237 
 55: 261 255 252 246 257 273 268 265 286 287 270 262 275 284 259 263 235 251 250 248 276 283 260 272 254 243 269 274 258 240 285 242 236 245 256 282 253 249 278 238 289 271 277 279 266 264 247 290 280 288 237 291 244 239 281 
 44: 240 243 279 262 234 282 254 244 263 277 286 285 268 247 245 260 273 265 253 252 251 235 236 269 280 289 291 256 239 238 241 287 281 246 288 261 270 248 249 284 290 258 255 275 
 56: 275 288 245 281 240 278 262 264 236 276 271 289 279 270 234 273 263 287 247 239 285 286 268 259 238 249 258 267 274 252 284 290 246 253 250 291 255 260 272 277 257 269 266 244 254 243 261 237 256 283 282 242 251 248 235 265 
 47: 286 249 250 275 238 274 267 263 272 237 256 276 259 273 239 260 287 271 290 279 265 270 255 252 240 261 289 269 281 245 284 243 234 258 251 235 277 241 285 288 291 254 278 266 282 253 242 
 53: 260 241 289 269 275 283 272 266 271 240 243 237 259 268 284 256 244 238 261 276 253 262 236 249 288 235 245 279 257 277 234 248 286 265 254 282 285 274 246 290 278 252 263 287 273 258 255 251 239 250 242 280 267 
 46: 250 263 251 258 277 264 270 253 244 281 285 235 286 269 257 234 242 252 280 243 256 247 289 260 276 236 288 274 239 254 246 283 248 284 245 255 290 267 265 262 249 291 279 240 268 273 
 51: 276 242 258 263 253 279 283 271 274 291 273 247 237 249 280 287 269 264 241 251 284 262 234 235 260 267 277 286 275 289 243 255 282 254 270 257 252 281 261 272 244 236 246 285 256 265 259 290 245 250 248 
 54: 236 245 251 252 290 241 255 262 276 235 280 249 274 272 278 257 286 242 237 281 239 259 234 243 287 266 260 282 258 253 275 285 271 261 247 265 268 267 246 238 254 284 250 270 277 244 289 288 283 248 291 240 263 279 
 58: 285 234 269 264 276 273 279 235 284 278 274 254 257 265 255 268 258 283 287 282 238 241 252 271 249 253 245 291 248 260 277 240 239 280 261 259 286 266 281 242 267 275 272 262 243 290 270 251 288 246 244 256 237 289 247 250 263 236 
 48: 241 267 259 248 253 265 240 251 268 255 270 281 234 283 274 286 236 271 252 245 289 239 277 244 254 249 256 247 238 288 272 235 260 280 276 279 258 246 291 262 243 263 269 257 250 287 266 282 
 47: 286 291 245 254 255 261 267 237 241 257 239 240 271 236 276 250 252 260 282 283 288 287 249 274 280 289 234 253 244 266 281 258 273 265 284 247 256 285 268 263 264 272 262 246 251 269 290 
 45: 249 248 274 263 266 246 268 285 250 260 259 242 262 245 251 279 275 255 286 256 267 273 278 281 244 271 239 241 240 270 272 289 288 252 247 265 235 283 243 253 290 276 287 258 238 
 54: 290 251 255 263 260 247 249 284 261 281 273 276 250 286 274 267 245 259 275 265 258 253 239 248 266 282 244 242 269 288 241 256 271 234 279 237 287 262 252 238 283 236 235 285 289 291 272 268 278 270 254 257 240 243 
 55: 254 287 258 289 244 291 234 250 236 237 284 265 280 282 256 243 252 242 281 270 253 238 285 288 275 278 263 239 274 241 283 277 290 266 264 272 273 271 249 251 268 260 246 279 240 247 257 235 267 262 245 255 248 276 261 
 53: 255 268 262 257 252 246 278 286 283 240 274 258 247 245 269 235 241 287 273 248 261 266 276 260 265 270 285 256 281 267 239 288 237 263 254 243 275 234 236 244 271 251 272 249 282 264 280 279 253 290 291 242 250 
 49: 247 289 290 251 237 278 284 285 238 280 281 282 260 246 269 236 242 275 271 239 286 255 253 264 252 235 276 258 256 234 254 243 249 265 272 244 266 245 273 274 240 287 277 257 267 279 248 270 261 
 58: 283 266 274 248 286 257 284 278 273 265 277 264 247 252 290 250 235 255 272 288 240 254 282 244 253 258 238 276 289 237 285 261 256 262 268 269 249 260 291 279 281 236 234 271 275 246 245 287 267 259 263 251 241 243 270 280 239 242 
 52: 266 259 291 263 275 258 247 273 267 282 237 264 248 270 253 246 240 245 260 286 244 269 256 261 255 283 279 289 277 254 236 284 239 276 234 268 271 265 272 285 251 288 238 249 252 281 278 235 250 274 262 280 
 44: 271 267 280 277 283 290 269 279 241 239 266 234 251 286 257 287 243 288 263 237 249 285 282 238 255 256 247 262 268 253 284 276 261 244 235 240 272 258 273 245 254 275 270 265 
 56: 265 275 268 243 288 263 260 277 278 272 248 276 235 251 238 237 247 290 283 264 266 262 284 252 282 270 258 281 285 287 242 256 279 234 261 286 241 244 236 269 274 246 289 267 273 271 254 255 280 257 291 253 239 249 250 245 
 58: 236 235 282 241 260 254 288 278 248 234 269 280 284 273 261 249 276 237 281 267 253 244 255 243 238 291 240 275 277 287 256 279 258 250 259 251 247 246 274 270 266 272 289 257 239 271 264 285 242 283 262 286 290 268 245 265 252 263 
 52: 257 280 266 264 241 259 260 252 251 276 274 262 248 242 287 269 253 236 272 279 275 286 246 285 240 284 249 255 254 271 268 234 238 256 244 247 283 289 288 281 291 270 265 243 290 282 237 261 267 277 250 258 
 45: 258 287 243 262 245 289 263 242 239 275 270 285 255 248 259 283 273 280 284 288 286 237 278 241 256 249 257 247 290 244 246 274 238 251 267 253 271 234 261 282 260 276 269 265 252 
