# Data generated from a SDPTSP-E instance solved in two phases
# nbTasks=235, nbWorkers=161
# Random number generator seed = 0
Type = 1
Jobs = 235
 394 441
 395 448
 402 516
 427 535
 451 565
 465 547
 484 529
 495 562
 499 614
 505 570
 508 561
 514 603
 516 624
 517 579
 539 605
 545 622
 550 654
 558 603
 577 674
 588 691
 589 680
 590 706
 591 619
 606 713
 620 668
 622 670
 624 719
 659 740
 664 690
 665 710
 667 775
 671 754
 677 767
 678 765
 681 796
 685 754
 688 799
 697 778
 697 809
 701 812
 702 780
 705 771
 706 767
 713 737
 716 769
 717 833
 722 763
 722 832
 729 812
 735 809
 739 770
 741 800
 742 807
 754 837
 757 806
 761 782
 789 861
 802 872
 804 866
 809 874
 813 916
 816 928
 819 870
 824 885
 838 893
 838 938
 842 920
 846 885
 847 912
 863 917
 870 937
 873 935
 877 956
 891 955
 895 934
 901 958
 904 989
 906 992
 918 975
 928 953
 930 1047
 945 1062
 948 1024
 948 1064
 951 1064
 957 1015
 964 998
 977 1094
 983 1100
 1011 1122
 1020 1134
 1048 1141
 1049 1139
 1053 1172
 1054 1094
 1058 1171
 1065 1122
 1066 1101
 1072 1185
 1076 1175
 1096 1169
 1098 1164
 1118 1179
 1132 1178
 1135 1247
 1138 1183
 1143 1231
 1148 1233
 1155 1264
 1162 1273
 1167 1252
 1170 1269
 1175 1211
 1179 1262
 1183 1218
 1184 1288
 1199 1255
 1199 1269
 1199 1317
 1207 1294
 1212 1276
 1219 1309
 1243 1311
 1263 1320
 1269 1383
 1271 1316
 1283 1340
 1289 1318
 1300 1394
 1306 1424
 1309 1361
 1325 1401
 1326 1414
 1328 1445
 1333 1360
 1341 1384
 1346 1434
 1353 1464
 1360 1461
 1363 1459
 1367 1431
 1370 1472
 1374 1435
 1374 1462
 1375 1472
 1382 1467
 1385 1442
 1395 1505
 1428 1537
 1429 1476
 1440 1475
 1443 1492
 1443 1509
 1443 1538
 1444 1459
 1448 1554
 1452 1541
 1455 1533
 1456 1573
 1465 1501
 1466 1552
 1467 1512
 1472 1562
 1474 1548
 1484 1600
 1488 1526
 1490 1569
 1497 1591
 1498 1609
 1501 1595
 1502 1612
 1503 1553
 1504 1555
 1508 1625
 1510 1535
 1526 1557
 1535 1653
 1545 1657
 1547 1666
 1555 1599
 1555 1639
 1559 1638
 1560 1674
 1570 1612
 1570 1667
 1573 1605
 1573 1662
 1574 1693
 1579 1663
 1587 1665
 1595 1649
 1596 1613
 1606 1702
 1606 1715
 1611 1682
 1615 1684
 1620 1678
 1632 1748
 1633 1687
 1637 1755
 1642 1728
 1643 1753
 1645 1759
 1646 1709
 1652 1685
 1655 1670
 1666 1725
 1667 1755
 1676 1789
 1682 1768
 1692 1804
 1695 1794
 1701 1790
 1701 1815
 1709 1771
 1714 1796
 1714 1799
 1717 1829
 1728 1789
 1728 1810
 1728 1825
 1743 1808
 1744 1828
 1744 1859
 1758 1795
 1767 1885
 1771 1885
 1783 1837
 1806 1914
 1810 1917
 1812 1881
 1813 1854
 1832 1914
 1838 1908
 1841 1903
Qualifications = 161
 47: 47 33 32 30 18 51 54 26 22 0 55 2 5 27 29 38 52 19 34 3 46 14 7 35 28 24 49 39 42 1 8 12 20 31 48 37 13 17 41 40 10 9 23 44 53 43 4 
 47: 49 16 13 39 24 21 48 9 36 41 34 7 42 32 53 6 44 20 51 22 31 15 37 28 33 14 52 45 47 2 12 29 43 19 40 30 3 1 27 17 4 11 23 10 46 5 18 
 54: 36 13 52 4 10 54 12 18 1 35 14 3 48 27 7 37 29 49 11 24 2 40 23 47 44 32 6 33 26 28 46 21 50 45 16 43 8 51 19 31 17 53 42 30 41 20 34 22 38 9 0 39 5 25 
 56: 29 16 5 27 25 12 41 10 34 21 28 19 36 6 51 47 55 7 0 48 9 1 15 46 44 4 8 2 40 17 14 23 18 33 53 54 38 45 42 22 3 35 52 20 31 50 32 37 13 30 11 24 26 39 43 49 
 50: 37 45 10 27 53 47 3 6 44 39 41 48 15 2 50 9 46 28 8 52 43 21 31 54 17 34 25 18 36 0 5 24 12 16 19 7 40 23 20 49 26 4 32 22 14 1 11 35 51 30 
 51: 5 1 53 18 6 7 38 3 0 49 39 55 48 4 17 28 11 19 46 31 30 44 10 34 42 16 50 27 36 20 2 33 54 52 45 26 51 12 21 22 13 9 14 29 40 15 23 43 24 41 8 
 49: 31 32 47 52 26 39 11 0 22 13 41 43 44 5 10 23 25 28 21 53 8 16 55 38 51 12 30 1 46 35 34 7 3 17 54 15 37 40 48 27 20 29 50 33 19 24 9 42 4 
 44: 50 55 48 31 27 5 54 17 53 49 1 51 24 40 10 22 19 34 15 43 4 23 6 46 14 42 37 28 39 33 25 26 45 13 32 30 35 2 44 16 38 36 7 8 
 56: 0 31 29 7 47 19 45 8 32 20 34 13 54 23 36 12 15 35 9 55 40 33 50 28 25 41 37 6 43 2 10 42 16 52 3 30 44 39 24 26 5 17 1 51 18 38 22 46 48 49 11 27 21 53 14 4 
 53: 54 43 40 38 29 34 23 9 3 42 17 12 6 11 2 10 22 5 33 31 1 35 46 48 36 0 19 45 51 53 27 20 15 28 47 8 26 13 14 16 24 4 25 52 39 7 55 18 50 21 30 44 49 
 52: 1 19 13 49 51 25 45 42 37 9 21 20 53 6 10 28 44 46 39 33 0 8 36 11 2 29 24 23 26 12 31 48 50 5 41 17 16 30 14 54 34 52 22 3 35 7 47 15 40 43 55 27 
 56: 3 53 38 7 42 15 28 45 41 17 49 26 32 22 46 54 24 31 35 9 18 44 25 8 2 34 48 14 43 55 51 30 39 16 21 6 12 5 52 33 50 47 36 40 4 1 13 23 27 0 10 37 19 20 11 29 
 43: 42 44 55 12 20 7 26 8 24 13 16 45 33 4 23 6 38 28 34 31 19 40 47 53 30 1 36 54 18 32 46 39 37 2 52 48 51 41 10 5 3 15 25 
 49: 1 7 40 50 24 13 20 31 55 47 18 34 6 29 33 39 49 37 9 17 11 45 30 28 19 2 48 0 44 32 27 8 41 12 54 46 43 38 5 36 42 3 15 16 14 25 4 52 35 
 43: 31 35 47 14 33 41 28 8 15 42 49 50 30 39 40 11 34 27 54 2 19 1 26 24 16 25 21 6 52 51 53 5 23 7 17 48 45 10 18 3 36 46 37 
 53: 16 14 7 24 46 4 45 39 19 34 8 6 52 23 2 26 29 42 30 36 55 54 9 53 0 44 43 20 35 5 40 1 15 47 50 18 41 37 10 49 51 38 22 32 25 28 13 3 17 27 48 12 11 
 56: 15 10 13 3 37 51 11 5 30 8 7 4 1 20 44 47 25 31 40 42 34 41 18 48 0 14 54 39 49 17 52 22 36 23 29 55 45 19 46 38 50 9 43 32 2 26 16 35 33 12 24 53 21 28 6 27 
 52: 41 26 0 3 20 40 50 23 11 25 48 27 12 10 17 44 52 31 47 55 51 28 36 46 2 35 9 15 8 54 5 7 14 53 16 1 38 34 4 21 29 33 43 37 19 24 6 39 49 13 32 45 
 54: 30 10 19 6 2 11 24 4 9 5 1 28 52 44 55 20 8 23 49 25 0 22 14 40 26 35 53 46 54 32 13 48 38 51 41 47 31 18 27 37 29 50 43 16 34 17 15 36 33 3 42 39 12 45 
 43: 32 2 41 49 10 36 6 13 15 40 54 53 17 16 12 47 52 51 9 11 22 39 46 7 29 37 35 3 55 30 24 26 33 38 28 4 34 44 25 19 8 23 50 
 53: 34 28 52 8 19 41 31 37 5 11 27 46 13 15 44 23 1 53 22 2 45 21 54 55 4 12 43 14 25 20 38 42 29 49 16 47 7 32 24 6 30 26 51 33 39 0 18 36 3 17 48 10 9 
 48: 8 39 52 44 17 9 11 21 45 25 4 13 1 5 20 0 43 31 27 51 12 19 16 10 7 28 18 48 22 14 2 42 3 26 23 15 54 32 37 33 55 30 36 29 38 47 6 35 
 49: 4 22 20 21 19 49 48 51 23 52 38 27 10 31 8 50 18 55 26 25 12 34 29 7 30 42 16 0 33 54 47 14 32 6 37 46 36 43 5 24 2 13 15 11 3 39 17 9 40 
 49: 27 1 7 6 13 36 17 26 53 48 54 43 42 52 28 33 2 10 12 16 20 45 9 47 37 50 8 25 51 39 32 49 22 35 30 11 29 41 15 24 5 14 31 23 44 46 0 19 55 
 56: 54 1 22 48 23 11 24 49 46 55 8 10 43 5 42 9 39 32 34 44 47 31 6 17 4 28 35 3 40 21 18 14 7 2 25 50 37 29 45 12 30 19 36 26 0 16 52 41 13 38 20 51 27 33 15 53 
 44: 5 37 55 34 54 20 40 16 26 18 23 1 14 24 13 35 30 32 7 27 10 43 22 19 8 50 44 2 33 51 47 9 38 36 39 53 49 41 52 6 11 15 29 48 
 48: 43 25 1 29 19 10 26 12 15 37 8 52 11 0 34 33 30 18 20 9 21 17 14 42 46 55 35 2 32 22 51 45 50 53 54 3 6 39 13 36 5 24 7 31 48 40 4 38 
 45: 7 16 4 36 25 43 47 11 38 39 28 26 9 49 31 29 20 6 27 24 34 18 51 10 40 52 53 8 37 55 12 45 23 15 22 17 21 30 46 48 19 32 54 13 41 
 55: 40 53 6 9 1 22 28 23 25 42 50 33 51 45 18 32 24 36 17 34 19 21 20 55 5 11 2 39 38 12 16 31 41 54 46 48 14 30 13 49 27 10 7 3 29 52 0 44 37 35 8 4 43 15 47 
 47: 24 30 52 26 45 17 27 12 20 9 55 10 49 34 3 42 41 29 28 19 40 2 50 0 15 1 23 11 22 51 43 5 46 13 14 6 25 54 53 44 32 37 8 7 38 4 39 
 60: 52 23 65 67 24 43 28 32 21 7 11 10 39 49 66 58 51 27 30 47 40 8 68 57 69 38 17 55 42 19 20 37 31 45 36 70 54 35 12 25 44 61 79 63 46 62 9 73 22 71 72 6 75 14 74 41 15 26 18 56 
 71: 10 60 44 30 52 70 69 35 40 43 53 61 25 18 62 37 58 9 14 39 73 13 34 42 28 72 22 49 74 51 32 47 46 16 68 23 6 54 8 65 45 20 33 67 15 50 29 24 64 75 31 55 7 27 59 38 21 79 71 48 11 57 17 63 41 56 36 26 12 19 66 
 62: 14 13 38 63 28 15 35 51 6 65 66 30 29 47 67 27 72 21 10 52 73 16 49 24 79 19 31 37 20 44 46 18 32 42 36 48 34 70 11 41 59 26 57 61 54 9 12 56 74 68 55 50 17 71 25 23 8 58 64 75 43 69 
 64: 75 32 72 19 71 23 53 50 45 11 61 25 39 35 67 26 13 54 20 10 58 38 46 43 27 14 30 34 65 12 18 31 16 52 56 64 63 62 44 68 29 28 40 24 59 49 17 15 36 21 55 9 69 47 79 66 7 8 57 73 6 37 74 42 
 66: 72 28 33 10 26 69 64 42 27 41 29 48 55 79 37 11 61 12 63 66 32 67 6 38 19 9 74 21 20 68 60 43 35 51 65 18 7 22 59 24 16 25 71 31 23 49 8 40 58 53 56 45 47 52 13 14 75 36 34 54 44 62 46 17 70 39 
 58: 8 47 44 34 12 45 66 52 49 73 18 14 26 11 37 71 60 51 57 50 43 48 61 72 56 39 36 24 59 35 62 20 32 6 70 30 22 9 41 23 29 7 65 69 68 31 55 38 21 15 33 25 27 53 75 79 13 17 
 67: 75 36 74 68 34 7 8 73 27 30 60 38 51 67 16 69 23 64 37 65 62 47 54 39 66 49 70 11 31 63 61 26 13 79 32 33 14 71 43 46 18 20 56 19 35 44 25 53 22 55 17 72 15 48 59 57 52 42 50 21 58 9 41 12 28 10 24 
 69: 64 40 6 74 57 39 68 17 56 31 65 24 15 79 55 26 9 45 20 67 54 12 32 75 49 37 52 63 7 72 30 27 46 36 53 47 25 51 58 29 28 62 38 70 73 16 33 13 48 71 60 41 34 35 50 10 8 69 66 23 42 59 18 61 43 19 11 44 22 
 59: 51 31 16 28 40 27 36 60 52 35 20 41 43 71 13 61 62 54 45 44 79 12 75 69 7 72 70 18 53 34 66 26 21 29 58 19 9 33 46 17 55 64 65 38 67 15 37 47 11 25 73 59 63 24 57 50 74 30 10 
 70: 59 73 7 42 66 45 9 62 17 18 14 74 34 11 50 21 52 33 61 53 27 6 13 28 25 75 58 65 15 60 35 20 39 56 38 24 70 51 69 10 8 12 64 79 19 67 68 16 36 31 41 54 71 23 22 43 32 63 46 29 72 30 26 37 49 57 48 44 47 55 
 71: 53 10 72 34 54 9 61 36 23 8 79 39 66 40 70 38 25 20 49 22 46 28 21 33 35 47 51 58 26 7 42 63 65 31 44 73 29 60 12 32 15 56 62 37 45 13 18 75 50 57 67 19 16 48 69 64 43 17 27 11 74 59 52 41 30 55 71 14 6 68 24 
 71: 64 40 34 39 53 66 36 54 69 61 11 20 29 74 72 75 17 6 19 47 73 57 28 13 59 33 21 43 9 67 44 15 14 63 18 16 24 42 10 35 46 70 8 25 30 56 60 48 37 26 50 51 68 41 71 55 38 31 27 32 62 49 52 79 58 12 23 7 22 65 45 
 54: 63 18 39 16 15 49 40 48 79 62 19 74 11 34 17 55 46 59 44 31 41 35 58 43 38 27 73 72 71 53 50 42 60 6 14 70 61 51 37 52 7 23 56 69 64 22 20 8 66 9 12 47 28 54 
 60: 23 40 16 15 34 75 72 10 62 38 54 69 49 7 14 45 67 70 18 22 53 26 48 31 29 79 35 17 37 57 68 25 36 33 43 52 11 47 59 55 50 73 8 39 65 6 9 30 71 56 58 24 41 19 51 32 42 12 46 44 
 62: 40 71 45 46 8 36 60 15 65 59 9 69 68 7 41 33 53 55 43 42 31 61 37 32 70 10 44 39 49 62 66 30 24 19 34 56 47 16 26 28 48 22 29 20 64 12 54 63 50 13 79 51 17 11 75 38 25 72 14 21 23 73 
 61: 64 34 60 6 10 59 18 20 30 9 19 49 56 58 40 67 68 35 38 65 32 15 28 48 61 51 25 8 52 24 63 23 57 21 29 14 7 54 45 43 26 46 16 70 50 41 62 12 37 42 53 71 27 72 33 55 69 73 17 22 11 
 68: 40 37 73 18 27 34 70 46 23 62 31 8 43 65 13 68 28 63 57 47 32 35 16 53 24 60 39 61 49 21 56 12 14 9 36 59 51 19 6 17 54 10 44 64 67 72 15 58 50 11 71 33 20 66 79 75 26 55 22 42 74 45 25 7 29 38 48 52 
 69: 20 61 37 28 64 34 12 79 31 42 74 41 43 33 16 47 63 6 75 24 59 29 9 25 22 27 38 14 66 69 57 8 53 70 49 72 32 11 13 48 51 18 68 19 17 23 36 62 35 60 54 58 67 46 73 52 39 65 44 56 10 15 30 55 26 71 7 21 45 
 57: 45 59 57 75 74 8 32 48 7 72 53 16 70 24 64 58 51 54 23 25 37 40 27 52 29 50 38 63 43 10 21 55 33 34 73 19 30 60 20 35 61 28 46 65 39 36 42 12 62 15 13 69 11 47 9 41 26 
 58: 23 22 51 15 26 50 64 20 29 35 37 33 32 18 11 6 62 58 16 44 17 65 41 39 45 36 8 75 59 54 10 67 13 24 74 25 7 70 30 34 66 68 19 79 49 14 21 12 52 9 31 61 47 73 48 53 72 28 
 68: 64 27 79 62 55 18 35 74 73 71 15 70 66 19 41 11 45 39 37 26 14 32 67 65 52 72 21 29 50 16 22 68 33 7 31 30 56 59 10 12 40 20 28 46 47 53 24 9 23 51 61 58 69 48 60 25 43 36 8 57 44 42 75 38 13 6 63 34 
 61: 56 30 61 22 46 58 54 53 65 33 73 9 55 59 41 63 66 14 71 17 32 10 37 67 45 34 57 23 6 62 27 8 11 28 68 38 19 70 72 24 7 21 60 15 50 75 43 26 44 20 36 31 51 16 13 39 18 25 74 35 47 
 58: 26 30 54 72 61 40 37 74 8 28 65 56 48 25 41 52 14 79 23 68 20 64 75 50 9 10 29 47 21 60 13 16 63 33 66 35 15 11 46 22 12 32 36 53 34 73 18 44 39 67 38 59 24 58 45 71 19 43 
 66: 40 36 29 47 38 17 20 51 49 19 44 59 13 65 48 12 7 73 52 54 71 37 27 11 46 66 24 72 74 50 15 63 58 55 33 69 18 14 45 41 16 31 57 32 79 67 56 61 43 35 9 64 68 21 70 23 28 6 42 62 30 75 53 39 10 8 
 71: 19 68 44 40 73 42 63 45 6 43 71 9 70 49 31 72 29 52 7 64 36 11 24 27 22 59 35 26 20 15 23 74 34 62 38 47 79 56 54 14 28 65 18 53 32 60 48 58 50 13 16 12 57 21 25 67 66 37 39 8 55 30 41 33 75 61 10 69 46 17 51 
 61: 17 46 63 48 53 40 72 24 11 65 12 32 13 8 19 73 14 21 41 29 37 57 26 16 28 6 39 45 71 74 61 75 54 66 56 79 31 69 51 60 10 50 67 36 44 55 52 49 62 34 15 35 22 23 20 7 27 64 68 18 42 
 55: 11 41 69 18 22 66 65 34 12 6 37 26 70 58 60 54 79 8 50 63 67 48 43 23 25 7 24 64 61 51 55 42 10 47 14 21 17 56 30 28 29 52 59 38 71 20 72 36 45 44 13 75 39 31 49 
 69: 67 20 21 13 29 18 25 60 24 49 16 38 9 74 31 56 73 55 15 26 62 52 7 28 8 51 72 35 33 54 70 48 12 63 6 42 27 61 59 65 22 41 44 45 57 79 68 53 11 46 40 47 43 58 39 17 30 64 32 10 23 14 71 36 34 66 69 37 75 
 70: 62 14 11 67 40 10 43 46 27 29 26 56 38 51 9 57 48 19 70 18 50 7 36 54 64 75 12 16 61 73 34 30 39 22 63 71 60 25 44 37 72 69 47 21 42 55 33 28 13 65 79 24 58 23 8 35 45 15 49 68 6 74 52 53 17 66 41 32 31 20 
 69: 39 73 24 60 57 28 9 50 37 47 35 33 30 70 40 72 11 56 55 59 17 7 51 43 75 62 19 21 31 74 79 8 54 67 22 68 49 16 53 42 58 32 13 65 38 69 41 64 29 48 45 12 46 18 36 15 44 52 14 6 25 61 34 20 27 66 71 23 63 
 58: 72 78 119 100 95 76 77 87 70 81 113 122 106 82 66 71 73 89 86 99 102 114 69 107 120 127 67 85 117 108 105 93 123 80 109 110 112 118 115 104 88 79 98 111 74 90 84 92 68 97 101 116 125 121 91 94 96 103 
 53: 82 95 88 83 81 111 109 75 103 99 91 84 90 79 100 73 127 80 118 104 69 89 108 67 93 106 110 121 120 68 96 66 92 76 122 70 115 117 116 86 119 113 78 97 98 77 71 74 107 112 72 85 102 
 59: 82 123 80 66 76 75 91 67 79 86 88 77 125 110 122 68 118 99 116 127 93 106 73 95 90 83 78 100 104 101 103 112 81 72 119 84 87 121 97 85 109 71 69 113 98 105 74 96 114 108 115 70 111 120 107 92 117 89 102 
 47: 92 123 96 79 127 102 118 114 106 101 125 84 91 82 90 77 88 122 111 66 121 116 76 75 80 87 100 68 74 97 72 115 89 70 107 119 99 85 73 86 93 83 103 110 109 95 81 
 53: 104 84 94 70 77 74 112 73 98 68 120 123 116 100 81 67 114 105 96 115 106 66 113 101 88 110 85 71 122 95 83 92 127 90 117 87 93 72 111 91 109 82 89 78 76 125 86 79 80 97 108 75 118 
 60: 89 83 74 70 68 123 110 78 101 77 109 102 97 73 99 80 93 85 111 113 116 103 105 118 76 122 95 81 88 75 82 84 114 72 66 112 127 121 91 104 79 115 117 125 96 120 119 69 94 100 67 90 106 107 92 108 98 87 86 71 
 48: 115 111 69 71 79 89 113 103 78 95 119 94 85 83 70 90 91 109 82 123 72 106 105 74 110 121 112 67 97 104 117 100 125 84 99 127 80 81 96 76 66 88 122 102 101 87 108 116 
 49: 72 102 69 104 70 97 77 115 93 71 84 108 121 125 114 103 82 80 96 127 78 95 116 110 109 91 100 123 113 66 98 94 73 76 68 74 83 85 107 105 122 120 79 90 101 99 67 118 88 
 54: 77 66 97 117 96 99 84 111 86 98 108 127 106 123 82 115 76 91 73 70 104 83 116 69 67 125 102 112 103 95 74 79 71 94 92 107 118 119 105 81 90 101 121 88 85 110 109 93 114 68 120 113 100 72 
 59: 102 72 74 77 108 67 69 90 68 96 107 73 105 117 120 109 114 78 95 98 88 116 101 84 83 80 104 75 119 103 110 97 81 92 85 122 113 94 100 86 123 118 106 89 87 127 79 125 76 99 71 115 112 70 91 121 66 82 111 
 58: 103 84 78 70 85 127 76 119 98 101 67 82 113 77 93 88 80 111 117 125 73 86 107 81 75 105 102 109 79 114 123 108 68 110 97 106 74 99 120 92 121 122 87 91 72 83 69 112 66 89 95 115 104 94 90 96 116 118 
 50: 113 104 79 97 74 70 87 100 117 67 81 122 72 107 111 80 95 94 93 66 89 121 119 102 77 71 120 118 101 112 127 99 115 78 90 84 68 125 86 88 73 76 109 92 85 123 82 75 110 108 
 60: 102 96 94 69 91 110 118 76 111 80 119 83 72 73 101 115 107 77 117 87 108 116 68 109 74 71 100 88 67 98 120 112 105 125 82 93 95 123 81 99 106 86 113 90 104 85 121 79 78 89 84 66 75 114 122 103 70 127 97 92 
 52: 114 92 103 66 79 68 89 72 105 109 96 111 91 95 76 116 71 86 93 81 120 100 80 107 70 118 104 101 125 106 85 122 88 94 82 74 102 84 117 87 83 115 99 73 97 67 90 112 121 127 78 110 
 49: 120 83 122 92 89 97 117 105 90 72 119 104 118 99 96 125 71 95 70 109 100 82 101 79 123 107 77 113 66 67 116 84 76 87 111 85 81 114 69 94 80 75 68 103 78 115 106 93 112 
 60: 85 97 88 100 73 74 90 125 101 76 109 72 75 111 116 122 117 81 84 105 95 94 112 68 120 98 91 114 108 113 80 99 77 92 93 78 82 83 67 119 118 66 106 104 127 86 96 70 79 69 107 71 89 103 115 110 121 87 123 102 
 50: 67 74 100 103 91 66 102 105 68 121 95 108 114 122 81 111 79 86 110 87 69 109 92 84 70 127 90 98 76 96 104 123 72 112 113 71 101 115 107 82 125 106 88 94 83 99 78 119 97 85 
 48: 83 74 70 97 114 113 85 91 104 101 109 86 127 112 66 87 120 122 81 88 68 118 98 96 95 106 119 92 72 107 123 93 71 73 76 108 111 89 110 77 90 121 75 80 103 116 67 79 
 53: 69 88 99 75 114 111 87 85 81 106 73 80 108 101 91 113 112 125 110 103 107 105 89 84 117 82 78 123 120 90 93 121 86 104 119 83 118 72 68 94 70 77 97 95 122 79 127 102 115 67 116 98 66 
 52: 70 127 77 107 96 76 86 102 109 114 85 120 118 69 110 117 84 111 78 108 115 104 88 100 67 97 98 73 93 113 121 122 91 106 87 74 112 101 90 92 83 75 82 72 125 79 81 116 89 103 119 94 
 40: 91 104 107 105 88 113 128 87 120 95 119 108 130 116 97 92 96 114 127 123 102 126 94 90 98 111 106 109 135 103 93 122 115 99 131 125 136 118 86 134 
 52: 96 95 87 109 122 128 108 111 93 142 102 97 117 115 124 112 105 134 116 120 88 89 113 106 86 99 132 119 103 135 100 123 110 101 118 131 114 104 130 129 90 125 92 94 127 98 140 91 126 121 107 136 
 48: 121 132 89 123 88 113 104 122 102 134 99 96 126 117 125 107 140 119 124 91 95 110 109 129 136 135 111 120 105 112 98 92 131 114 130 127 97 108 128 101 118 142 115 86 93 90 116 103 
 39: 109 134 108 135 114 93 124 115 126 127 125 111 121 91 106 140 88 105 101 110 113 94 120 142 119 112 123 118 116 98 107 128 86 132 104 136 90 102 117 
 50: 87 90 107 121 123 102 99 97 96 128 127 92 112 91 136 115 93 116 134 129 135 125 106 88 94 89 110 113 98 86 109 103 140 95 101 142 118 114 100 122 130 131 119 111 105 104 126 120 108 132 
 46: 96 100 127 132 104 129 87 123 113 131 125 112 97 110 140 121 102 107 90 88 116 130 98 111 103 124 92 117 128 95 106 89 105 86 109 91 108 114 115 118 135 101 122 142 136 94 
 43: 89 124 111 122 86 90 95 103 92 131 142 130 129 117 91 106 132 120 125 104 127 123 100 110 114 99 94 108 101 119 109 116 128 136 113 112 93 140 98 88 115 97 135 
 44: 136 118 124 131 115 116 135 109 105 101 119 93 104 106 128 132 100 90 98 108 95 122 87 125 88 110 92 99 121 94 126 129 123 91 103 107 96 127 130 86 117 134 142 113 
 50: 130 104 124 120 99 135 103 118 140 86 101 89 119 126 113 136 110 105 95 91 107 88 96 92 93 117 132 97 100 111 134 108 125 121 114 90 115 127 123 98 94 128 131 102 106 109 142 116 129 122 
 50: 116 95 129 117 106 136 121 113 89 90 96 93 124 128 101 110 134 86 135 112 126 108 131 87 123 91 107 109 94 118 130 92 132 111 102 88 122 119 105 127 97 114 120 125 104 100 115 99 140 98 
 51: 91 123 128 122 124 86 112 109 118 88 116 89 101 131 106 132 96 105 99 121 93 102 107 90 125 98 140 127 130 135 104 87 126 97 111 129 117 120 114 119 115 94 134 113 100 92 95 136 103 108 110 
 48: 132 98 95 93 107 117 106 108 104 140 119 136 122 128 131 109 123 115 113 124 102 134 105 86 142 110 121 89 91 114 126 112 111 101 94 92 120 96 116 90 125 97 127 135 130 118 87 88 
 49: 112 136 121 142 92 132 123 97 110 131 93 127 106 116 109 120 113 104 88 111 96 86 102 130 108 114 91 90 125 103 128 101 129 126 100 117 105 135 122 115 140 119 124 118 89 87 134 94 107 
 52: 92 113 96 142 136 134 127 87 106 132 128 100 102 93 117 130 98 123 88 124 118 109 107 131 115 125 90 103 86 120 94 104 111 122 97 121 116 89 114 108 91 129 99 101 140 110 112 105 95 119 126 135 
 40: 99 142 126 101 108 132 118 136 87 131 135 115 116 120 128 130 107 124 117 106 94 91 105 88 104 110 140 100 114 95 134 127 96 111 93 119 121 90 113 97 
 52: 136 131 140 119 110 97 142 101 99 121 94 87 91 104 112 123 105 89 125 115 116 129 126 102 130 135 124 106 128 98 109 113 111 96 118 117 90 100 108 103 132 93 95 114 88 122 86 134 107 127 120 92 
 52: 125 131 136 107 127 89 100 114 126 99 110 90 132 105 130 101 93 113 96 94 121 118 102 103 134 111 112 117 95 109 142 119 122 116 108 120 91 87 106 115 135 88 123 104 97 128 140 92 124 129 86 98 
 42: 95 124 115 136 131 93 113 109 135 132 127 117 101 116 108 91 114 96 103 107 106 99 92 104 100 102 118 130 128 123 89 97 142 134 121 111 98 122 129 119 88 112 
 45: 123 104 88 106 107 120 116 102 122 100 131 114 110 108 112 94 129 127 109 101 99 111 132 115 93 135 140 89 117 98 118 97 113 136 95 91 105 92 134 128 96 125 119 126 86 
 50: 98 104 132 99 140 120 131 116 110 106 96 103 128 97 108 115 142 105 125 119 92 121 93 136 90 101 87 127 100 135 130 114 109 134 122 94 129 88 89 124 86 117 123 102 113 118 111 126 107 112 
 39: 113 116 98 104 127 130 94 124 120 129 101 91 92 87 121 105 119 103 97 111 115 114 89 106 123 134 112 108 135 90 107 88 125 96 86 142 95 118 126 
 39: 97 132 117 119 94 125 121 106 103 142 86 140 101 105 87 93 123 124 135 126 127 115 112 99 109 96 107 114 108 131 91 104 92 122 134 110 120 113 95 
 51: 135 119 117 134 136 101 114 99 124 104 92 105 106 108 102 123 97 90 131 88 120 122 127 129 94 132 93 109 125 121 110 89 96 113 112 128 107 111 130 103 126 115 87 100 118 95 91 86 98 140 142 
 83: 153 211 144 165 161 159 139 174 177 141 149 182 157 156 154 188 147 148 135 134 196 170 167 197 209 158 187 186 160 171 136 178 152 155 224 215 204 138 181 150 172 212 208 137 207 163 189 131 166 180 195 164 143 191 206 192 145 140 198 162 132 218 133 214 203 193 146 179 184 200 142 194 216 173 201 202 190 199 175 185 169 176 205 
 69: 214 166 197 189 175 181 205 140 208 216 155 209 206 138 178 142 141 150 199 131 146 204 173 134 195 145 196 185 151 212 176 148 162 177 183 159 194 133 139 135 186 188 167 203 165 168 169 192 152 157 215 143 163 202 207 184 136 153 170 179 201 132 218 200 160 198 211 149 174 
 72: 177 216 167 173 211 185 204 169 155 163 156 218 202 139 144 157 195 171 176 178 193 145 165 146 192 151 200 152 194 161 199 206 189 133 207 209 174 147 180 175 136 170 190 196 203 168 198 162 179 164 148 154 132 158 182 212 150 143 183 160 186 214 188 140 205 172 141 208 138 137 184 135 
 74: 177 150 144 208 171 170 215 198 153 154 181 209 224 206 158 201 149 203 156 168 193 161 191 162 173 136 195 188 196 189 204 172 139 132 165 176 157 134 179 164 192 143 216 152 175 160 182 200 145 166 186 146 199 141 197 151 190 211 147 207 131 187 135 194 214 142 183 163 159 218 185 169 140 180 
 68: 203 145 216 208 182 189 209 199 166 218 161 138 148 147 184 188 135 224 211 146 194 159 193 171 155 177 214 190 178 175 200 139 158 141 191 163 204 137 202 201 195 160 187 205 183 185 197 192 207 198 131 149 173 150 186 169 168 143 134 154 133 172 170 176 132 165 151 212 
 71: 178 162 135 194 203 157 187 131 134 218 209 180 205 200 164 163 179 158 165 174 149 184 145 208 202 181 177 168 155 146 185 166 142 143 137 147 215 224 151 144 132 201 138 150 136 198 192 211 156 141 206 171 160 173 170 161 175 191 212 197 186 214 153 152 183 189 193 182 188 207 159 
 86: 139 162 208 131 152 214 175 194 163 142 165 159 166 157 188 199 168 150 185 156 184 138 205 173 211 154 224 155 148 132 146 134 167 215 158 218 149 212 164 161 187 191 151 141 174 216 147 176 189 144 135 198 136 180 200 137 201 203 143 177 195 196 192 179 169 206 153 209 172 171 186 178 170 193 160 182 181 202 145 197 207 133 190 183 140 204 
 69: 214 140 160 174 176 192 133 151 205 169 175 158 161 171 155 224 190 209 202 216 135 157 181 201 170 193 177 184 172 156 189 203 212 179 178 163 215 185 165 145 168 197 150 146 152 182 187 191 162 167 183 218 173 208 144 198 186 196 147 137 204 188 148 194 149 153 200 136 139 
 72: 160 183 198 147 132 204 214 141 173 179 146 142 158 195 133 136 171 144 177 207 189 200 224 186 152 153 178 172 154 137 150 215 161 156 162 151 187 203 182 196 216 176 184 211 194 157 199 155 145 139 175 169 148 143 170 209 167 197 218 202 180 168 134 212 164 159 205 165 174 188 149 131 
 75: 160 148 163 169 206 193 153 137 218 131 208 188 145 209 204 197 170 203 151 191 165 176 135 140 178 190 162 158 146 205 174 215 214 172 189 180 133 181 159 212 144 200 183 173 182 132 184 179 152 185 198 134 156 143 196 139 195 175 202 211 168 201 199 147 192 136 207 171 155 177 154 224 167 216 194 
 78: 216 181 212 137 207 152 162 133 203 184 150 198 165 161 186 160 131 169 154 163 166 185 189 167 158 172 183 174 187 215 224 159 179 147 193 208 195 146 205 175 200 188 140 218 135 173 192 136 182 177 134 149 145 204 206 194 157 191 209 202 214 141 153 156 155 139 211 151 178 168 199 144 164 190 176 132 142 148 
 82: 152 183 201 137 174 197 215 170 175 163 142 209 182 171 169 203 185 131 146 177 165 178 172 211 205 198 134 176 148 138 136 207 161 184 159 204 143 218 195 132 200 196 141 144 199 192 151 145 133 139 155 187 173 206 154 216 147 162 190 166 208 212 224 202 157 168 189 149 186 156 191 135 179 180 188 150 167 140 194 193 214 160 
 65: 139 171 204 147 144 143 154 169 211 131 146 205 214 186 172 224 163 183 212 218 176 216 207 155 160 190 170 192 201 152 200 191 181 148 167 137 199 151 198 135 165 179 174 168 149 189 182 173 141 161 162 156 158 177 150 206 166 196 209 159 187 180 138 208 215 
 85: 132 133 140 159 189 198 200 141 158 175 187 211 153 197 169 203 181 215 137 166 164 138 224 196 173 136 207 194 154 190 172 156 152 145 202 134 180 176 204 174 192 144 177 160 155 193 216 148 183 163 182 195 186 139 185 188 146 143 161 142 212 147 131 206 151 208 135 168 191 167 178 218 165 150 184 201 209 179 149 199 157 214 162 170 171 
 83: 173 146 184 138 142 133 183 224 137 208 177 212 178 149 201 155 164 199 143 158 211 151 147 140 154 186 145 193 150 216 176 192 171 157 166 172 189 134 175 191 144 196 202 156 214 174 163 204 168 160 141 185 181 203 131 159 182 139 179 207 165 195 136 198 205 197 169 215 152 180 187 200 162 170 190 161 153 167 132 194 135 218 148 
 70: 158 133 137 139 199 224 215 181 190 194 184 166 141 131 142 156 150 172 175 205 214 147 182 201 211 191 134 173 209 174 206 145 169 135 159 146 187 151 198 197 152 155 144 186 165 196 143 168 140 164 132 176 157 195 183 161 200 153 192 179 204 171 193 212 218 185 202 208 188 178 
 79: 183 212 162 185 159 208 206 176 166 224 218 154 156 153 190 152 193 186 134 148 132 145 170 142 180 143 197 194 202 175 137 161 199 141 147 200 149 207 171 163 144 168 215 167 136 214 187 211 157 174 173 201 188 146 203 204 216 209 131 198 172 184 164 138 191 189 178 160 140 181 205 169 139 179 151 196 133 192 177 
 72: 141 186 183 142 157 215 191 182 205 181 168 165 134 200 185 224 189 163 133 196 178 149 143 147 132 169 201 188 140 156 218 137 206 197 162 216 159 145 192 214 204 175 166 177 193 131 176 155 144 209 158 170 179 173 211 167 160 154 172 180 139 164 152 174 135 199 184 203 194 150 212 151 
 68: 158 168 202 209 170 161 147 149 212 183 148 193 153 207 160 164 211 171 150 195 140 167 137 188 178 215 187 152 139 208 216 181 174 157 191 199 200 205 144 184 190 177 196 166 204 197 224 131 133 201 192 165 145 134 142 203 154 132 141 218 162 135 176 159 136 194 138 175 
 80: 170 189 205 196 155 195 194 173 133 197 159 154 163 203 206 199 138 176 216 172 180 198 140 175 171 156 211 132 161 151 192 193 174 153 184 190 183 135 164 212 188 201 136 169 215 224 142 147 141 165 178 191 208 149 137 158 185 204 152 134 144 166 145 200 218 179 187 143 148 131 181 168 207 157 202 186 214 209 160 146 
 83: 195 214 207 216 157 171 135 172 202 183 141 201 140 144 224 174 153 196 205 190 145 137 193 143 169 160 181 133 206 134 163 164 139 187 136 211 191 208 159 176 192 209 188 156 189 166 175 199 158 197 204 138 154 132 165 215 162 194 148 170 155 200 131 142 146 173 167 218 149 150 152 184 198 180 151 203 179 147 182 177 212 168 178 
 86: 179 164 199 149 174 216 150 191 170 181 211 176 141 180 169 143 171 160 145 134 195 196 151 190 155 214 188 205 185 203 208 186 165 204 198 184 207 168 139 157 172 140 182 159 200 206 224 183 201 187 177 147 158 133 178 161 175 189 193 212 138 135 144 167 209 173 153 218 162 148 146 166 192 137 202 131 215 142 152 132 136 163 197 156 194 154 
 80: 132 148 215 181 199 214 195 205 209 204 194 164 158 188 180 185 133 168 163 161 208 200 137 136 140 174 193 142 212 198 139 154 178 147 191 203 135 175 171 202 196 179 145 182 170 144 176 201 177 160 173 156 150 151 211 187 159 143 197 165 162 131 169 166 155 189 192 216 167 138 153 190 207 134 157 186 224 184 152 206 
 73: 147 175 156 162 146 202 198 181 142 145 189 224 190 212 170 194 215 176 164 160 199 216 165 197 133 163 204 187 168 205 185 211 154 207 206 173 159 148 188 171 158 203 184 153 201 183 151 179 149 155 131 152 178 200 137 191 196 143 174 169 172 166 150 180 193 132 161 192 134 208 140 182 195 
 73: 224 154 146 160 204 165 151 185 211 199 135 174 190 179 150 194 131 133 193 189 181 208 157 205 177 198 187 168 166 169 183 145 172 159 147 216 155 206 197 162 158 196 142 134 163 152 138 161 176 141 214 209 137 153 184 171 200 136 149 188 182 140 215 139 195 191 132 192 148 144 201 180 175 
 68: 166 169 170 195 158 152 201 208 191 199 159 160 148 156 134 204 145 146 133 149 196 167 214 131 136 162 187 212 154 176 211 177 184 144 198 192 194 178 200 132 147 197 151 168 202 180 182 142 172 216 171 141 163 186 137 153 215 155 224 157 164 203 179 188 193 150 143 218 
 67: 186 211 205 182 176 177 145 151 137 154 188 181 190 212 146 155 215 194 179 171 202 138 150 175 133 147 214 149 134 203 201 153 209 164 198 169 195 163 208 166 216 200 135 189 142 157 197 148 141 206 162 184 191 218 187 167 185 199 158 159 173 207 193 180 172 156 178 
 73: 160 135 204 205 190 152 159 185 156 168 131 149 181 208 161 182 192 136 218 158 166 179 178 224 143 199 172 167 139 196 209 211 200 187 132 215 141 197 207 212 189 153 191 174 188 134 180 177 206 183 216 184 198 133 175 173 155 138 171 202 146 201 144 162 186 154 165 150 194 169 142 164 163 
 83: 203 160 175 183 207 182 174 148 153 184 145 161 166 211 156 189 199 154 206 196 181 131 132 205 170 186 188 204 209 187 192 224 150 193 146 215 201 208 214 139 147 218 158 138 159 197 142 163 216 164 212 133 194 149 190 176 151 152 172 195 202 173 143 185 180 134 162 177 140 137 198 191 169 165 144 178 167 179 157 141 200 171 136 
 81: 152 198 183 208 191 221 167 188 215 226 156 171 202 157 224 227 173 154 213 212 218 170 209 233 177 192 196 159 206 186 197 217 194 195 169 165 180 184 222 200 230 220 199 216 187 182 155 193 232 219 207 172 166 161 175 225 168 150 231 205 210 162 214 151 158 211 223 234 201 228 153 179 178 174 229 190 203 163 204 164 160 
 75: 201 202 167 206 189 216 196 188 207 203 194 159 222 182 214 161 150 223 185 177 151 204 226 220 197 178 192 187 210 209 174 164 158 227 219 208 163 218 172 193 215 211 162 175 160 230 224 195 154 198 152 179 166 225 221 169 199 184 173 168 205 181 155 200 190 228 234 180 191 217 153 170 232 176 233 
 73: 234 207 226 228 208 167 180 205 174 224 158 230 160 196 188 203 181 200 223 177 171 172 179 206 218 227 193 187 161 198 166 192 211 202 210 156 169 231 183 152 157 185 176 220 190 168 150 204 191 184 222 182 159 153 209 173 175 219 201 232 151 217 186 165 213 170 229 216 212 155 194 195 199 
 80: 194 184 166 211 174 230 209 199 218 210 232 212 161 176 203 165 234 231 155 157 227 189 164 170 152 202 225 200 191 181 187 178 159 195 151 196 197 228 186 208 215 206 223 224 177 167 153 163 180 173 188 183 172 221 226 179 192 216 205 190 213 233 168 207 219 182 201 160 150 156 198 162 229 214 175 220 193 158 171 169 
 79: 186 214 187 211 231 165 210 183 230 208 220 154 179 207 189 174 225 216 173 195 196 190 177 229 222 185 201 157 175 192 181 213 228 171 199 152 218 153 163 202 180 191 212 162 206 158 215 200 178 156 184 227 224 217 151 168 160 219 223 193 170 198 221 226 176 197 234 188 155 150 169 203 167 232 194 164 182 205 159 
 67: 230 224 201 198 207 211 155 231 165 152 168 173 202 153 229 216 208 222 151 170 232 175 217 193 167 194 209 204 160 180 159 205 184 226 192 158 161 189 157 197 203 185 199 218 174 225 166 210 162 183 233 223 188 187 178 206 171 191 163 176 219 156 212 196 182 164 172 
 85: 209 174 179 172 203 214 232 199 196 154 213 190 225 177 160 176 233 168 223 217 184 188 150 215 173 231 163 222 206 211 205 178 156 157 180 207 228 189 202 159 230 221 162 227 224 165 155 167 158 169 171 219 194 175 198 185 192 161 186 181 210 195 218 182 183 226 197 164 191 151 187 229 204 201 212 153 170 208 166 152 200 216 220 193 234 
 85: 175 162 215 214 152 196 184 225 231 227 158 164 156 155 193 186 181 178 232 198 177 218 204 233 151 169 216 154 205 211 220 185 208 201 191 197 183 194 192 174 224 170 150 189 176 199 221 173 187 167 206 207 179 203 159 209 202 161 182 217 165 180 226 160 223 153 212 200 163 188 172 213 168 190 171 229 210 228 157 222 166 230 219 234 195 
 70: 223 179 207 212 218 193 150 178 156 190 195 192 189 219 191 184 197 164 222 221 177 229 161 183 176 211 162 165 224 220 157 216 200 169 173 159 155 206 153 204 167 198 208 170 199 230 210 188 180 175 160 228 194 203 187 196 215 186 232 202 151 227 226 213 174 172 171 233 214 181 
 73: 210 221 203 153 195 163 223 165 161 192 206 155 180 217 222 157 204 188 214 173 202 158 164 185 231 177 174 175 233 201 226 176 179 216 154 171 156 169 193 198 178 211 160 183 205 184 218 189 234 187 229 215 190 167 166 152 209 159 182 220 213 225 199 150 186 181 219 168 200 230 207 151 197 
 68: 157 195 165 218 163 152 217 176 155 223 233 214 168 203 158 210 181 189 170 226 204 211 173 201 190 234 162 232 180 205 159 182 202 156 229 215 197 224 150 212 199 191 200 220 198 213 166 231 153 174 171 169 225 206 175 227 164 228 161 172 221 183 219 151 154 186 178 196 
 84: 225 179 155 166 183 233 175 165 201 227 177 182 176 215 224 172 218 190 187 157 222 196 162 216 219 192 199 234 220 152 193 221 178 173 150 181 159 217 184 186 231 203 160 197 163 200 156 228 161 213 205 185 208 232 195 207 164 153 194 223 171 168 154 198 209 188 230 158 214 174 229 180 210 211 189 212 169 226 204 170 202 206 167 191 
 69: 217 171 172 173 190 176 224 153 201 233 204 151 189 229 159 183 218 157 187 174 202 230 178 163 185 169 191 203 234 154 158 228 150 215 164 222 227 186 170 210 221 231 198 166 195 209 208 199 156 155 225 205 232 180 223 167 152 226 179 220 168 214 182 196 197 216 211 213 161 
 78: 159 173 224 207 166 162 223 229 196 176 156 214 177 206 205 164 152 154 186 172 232 155 189 209 161 211 170 226 183 178 187 175 228 180 157 169 197 213 220 204 202 188 160 208 163 171 167 217 184 230 195 233 216 231 222 192 191 215 198 153 151 193 234 179 227 201 190 174 225 199 150 219 210 221 218 158 182 212 
 80: 195 202 166 215 190 217 153 186 184 152 224 163 206 157 191 234 176 150 154 197 213 160 231 208 170 210 167 200 155 222 169 229 232 161 204 214 162 227 221 230 171 189 225 203 201 182 181 218 185 156 233 188 173 165 228 194 172 199 180 198 193 226 187 196 151 175 158 207 216 178 177 209 223 219 159 212 183 205 192 220 
 70: 167 191 180 204 193 230 199 153 209 198 182 150 176 187 206 173 218 183 203 179 202 156 216 200 155 166 190 222 205 217 171 189 170 172 159 233 212 184 221 162 195 165 227 197 207 220 211 224 232 151 214 194 234 168 157 185 219 161 225 158 215 154 196 152 177 186 174 160 208 181 
 72: 173 154 162 232 189 169 217 224 226 216 157 153 207 181 186 192 197 179 152 233 158 175 190 211 180 215 170 150 221 202 208 213 187 204 194 219 196 193 234 163 164 210 174 155 230 227 199 171 209 198 203 172 151 191 218 160 222 165 161 177 223 184 200 183 188 231 166 167 168 220 228 178 
 68: 176 216 211 221 171 223 218 191 199 179 200 220 219 154 202 164 192 186 213 166 170 181 163 214 204 234 173 193 233 201 229 182 195 210 153 217 198 168 215 205 152 150 158 162 165 188 212 160 230 157 206 178 207 187 175 232 159 167 209 169 203 174 226 197 177 208 180 185 
 69: 229 205 168 233 228 208 158 226 151 188 210 155 199 179 175 209 165 215 164 174 201 159 150 198 184 157 204 227 202 169 152 156 232 213 154 217 216 220 223 211 218 185 207 193 225 173 178 222 203 166 172 219 192 234 182 180 160 206 200 183 230 212 231 196 197 177 186 191 195 
 84: 196 195 189 202 227 193 220 229 233 166 200 172 209 187 164 218 156 169 224 182 213 153 160 204 232 208 206 163 177 219 225 183 215 194 226 158 207 217 214 157 184 222 216 159 203 151 190 150 175 185 173 180 191 186 198 212 181 162 201 152 188 223 228 205 178 171 231 211 221 176 161 154 179 170 165 174 192 167 234 197 155 199 168 210 
 82: 186 197 220 181 211 162 188 172 232 193 184 174 199 175 207 192 223 205 150 160 200 157 234 167 173 180 176 198 195 182 151 209 194 189 224 217 155 226 156 177 171 190 221 233 215 222 153 169 152 161 210 228 214 185 227 203 191 225 164 196 206 216 179 230 187 183 202 204 165 229 201 154 166 231 163 178 212 218 170 219 159 158 
 73: 159 166 216 225 207 186 163 205 198 170 181 160 173 193 156 164 184 220 187 226 154 153 206 218 208 176 169 233 165 155 151 210 209 223 171 172 167 158 234 221 191 195 174 196 212 211 178 192 229 203 204 213 188 189 183 179 228 190 232 215 168 202 217 185 199 200 194 222 227 231 214 180 182 
 85: 205 162 211 207 157 220 223 218 229 187 184 158 179 195 154 194 203 226 153 200 189 215 199 227 225 177 180 186 171 169 234 181 165 188 152 167 209 185 214 174 161 232 173 206 182 213 191 217 170 192 201 208 197 178 198 212 176 228 230 224 160 175 202 231 151 166 216 159 193 164 221 150 172 163 204 210 155 190 156 233 219 168 222 183 196 
 69: 170 224 199 214 192 228 194 161 151 152 205 233 200 177 155 150 197 190 156 198 185 167 227 193 164 217 187 196 234 153 176 231 171 191 173 215 209 154 232 203 218 180 216 179 223 213 222 229 210 186 207 183 157 188 212 204 178 182 181 195 189 159 219 166 202 158 201 208 206 
 72: 152 206 216 222 231 225 229 207 174 217 162 230 208 176 153 154 223 172 177 151 191 224 196 158 209 160 173 227 170 161 220 221 215 185 167 195 234 179 169 164 187 184 197 186 202 204 178 189 183 165 218 200 228 150 213 175 190 156 193 182 201 180 203 199 205 198 188 210 214 163 155 232 
 84: 190 196 205 224 157 227 173 185 175 198 172 154 203 226 206 225 155 195 159 200 189 164 192 176 210 150 214 153 222 158 216 163 152 217 215 170 207 208 171 232 221 169 178 165 219 186 187 182 218 194 209 197 233 151 180 204 220 228 174 181 202 213 162 230 183 212 168 177 201 211 179 160 167 234 156 191 184 223 188 199 166 193 161 229 
 75: 209 223 166 199 220 234 155 180 212 179 161 192 222 224 181 206 221 157 169 214 189 203 200 197 196 182 231 201 150 174 202 152 186 228 194 195 188 227 184 156 176 208 177 205 175 160 218 187 178 170 216 163 190 191 154 198 226 164 215 173 230 211 171 207 204 159 167 210 219 151 172 158 233 193 185 
 67: 171 231 202 227 162 193 188 177 196 152 189 226 197 164 184 174 169 205 195 154 232 211 153 159 176 220 158 233 213 192 222 168 179 160 167 183 208 207 180 161 166 191 181 194 198 219 155 214 229 225 217 186 187 203 230 185 156 178 199 150 175 212 209 170 151 200 210 
 72: 221 210 191 204 226 173 154 182 185 234 160 205 172 195 157 166 228 223 189 215 171 168 165 216 222 153 190 183 211 218 192 229 180 196 188 170 158 199 217 231 187 156 150 174 198 202 201 225 206 233 176 213 212 175 163 197 181 194 203 230 209 184 151 207 179 177 220 208 162 193 200 169 
