# Data generated from a SDPTSP-E instance solved in two phases
# nbTasks=117, nbWorkers=82
# Random number generator seed = 0
Type = 1
Jobs = 117
 397 452
 438 552
 461 568
 461 573
 465 565
 491 537
 496 611
 500 610
 522 629
 531 553
 540 651
 549 608
 574 655
 578 650
 583 696
 593 699
 595 661
 638 696
 642 710
 643 739
 670 737
 674 779
 675 728
 703 752
 711 757
 720 790
 728 775
 738 804
 742 854
 765 857
 776 873
 789 860
 791 838
 801 841
 813 919
 831 877
 848 908
 861 938
 872 905
 877 950
 879 957
 884 926
 890 1007
 891 940
 915 991
 915 1033
 942 977
 944 980
 989 1104
 998 1078
 1005 1090
 1016 1133
 1024 1106
 1035 1126
 1074 1191
 1088 1192
 1119 1212
 1121 1184
 1134 1211
 1142 1240
 1150 1188
 1151 1242
 1166 1204
 1195 1264
 1204 1279
 1212 1261
 1214 1303
 1233 1269
 1237 1286
 1244 1360
 1254 1289
 1255 1301
 1304 1423
 1320 1433
 1321 1432
 1324 1394
 1409 1495
 1429 1545
 1440 1457
 1446 1517
 1454 1528
 1461 1573
 1472 1558
 1474 1561
 1476 1575
 1484 1562
 1496 1590
 1518 1596
 1525 1619
 1566 1662
 1583 1698
 1592 1710
 1601 1662
 1610 1716
 1612 1631
 1613 1709
 1622 1712
 1634 1697
 1634 1704
 1667 1723
 1671 1710
 1682 1764
 1688 1771
 1695 1751
 1700 1746
 1721 1811
 1725 1833
 1728 1784
 1764 1788
 1765 1870
 1766 1871
 1768 1815
 1788 1896
 1790 1848
 1813 1910
 1816 1908
 1825 1919
Qualifications = 82
 25: 18 14 5 0 25 3 23 19 20 26 12 27 4 1 11 15 8 17 22 24 9 32 13 10 7 
 23: 2 13 12 6 18 3 0 26 8 17 32 21 7 27 4 1 19 23 5 14 16 11 9 
 23: 9 24 4 18 23 13 22 27 0 32 19 15 7 1 17 3 5 21 14 20 2 25 10 
 23: 15 6 26 18 17 20 0 16 32 13 19 22 5 7 27 2 3 21 8 9 4 25 1 
 24: 11 19 25 2 21 13 27 18 7 12 22 3 23 6 1 20 16 10 24 9 26 8 32 0 
 23: 17 21 3 9 26 24 1 27 4 10 13 19 11 25 6 23 15 7 8 16 12 0 22 
 27: 3 7 9 10 13 22 6 20 11 17 1 23 21 25 16 4 27 26 5 24 0 18 14 8 2 12 32 
 25: 8 12 19 10 3 17 24 0 25 27 13 14 22 9 23 32 20 26 16 11 18 1 2 4 21 
 28: 11 18 9 23 21 6 13 7 1 24 22 25 12 26 32 10 0 4 8 17 2 3 5 16 14 20 15 19 
 24: 23 25 22 8 9 4 10 11 0 16 32 14 1 27 24 26 20 21 6 7 2 17 5 19 
 26: 17 11 32 6 2 4 18 12 27 23 21 25 20 0 5 8 14 19 16 3 1 7 13 24 26 9 
 29: 8 9 18 17 12 25 32 23 16 10 2 3 20 14 22 0 26 15 6 13 21 7 27 1 19 24 4 5 11 
 29: 22 25 13 12 10 6 11 26 20 21 9 24 23 15 27 18 14 19 4 7 17 32 5 8 16 2 0 3 1 
 33: 33 8 17 34 35 19 13 43 21 6 37 38 41 30 14 9 22 40 12 32 39 24 28 29 23 15 18 36 27 10 26 16 7 
 38: 32 6 19 36 26 35 34 12 33 9 31 7 8 21 20 38 11 18 22 43 15 29 5 10 37 40 14 41 39 25 27 24 17 23 16 28 30 13 
 36: 6 26 32 28 27 18 43 21 41 36 14 25 12 38 11 16 9 8 7 35 31 20 22 30 33 34 13 23 29 5 24 15 10 40 19 39 
 30: 12 39 38 27 5 33 21 35 6 29 14 7 41 31 9 32 28 20 13 19 17 36 24 40 11 22 30 26 15 34 
 35: 6 9 38 21 5 27 15 14 11 25 12 8 34 20 24 26 31 29 22 40 36 32 37 30 13 41 39 19 10 43 33 18 35 7 16 
 29: 33 24 36 9 28 26 39 16 12 20 43 30 29 25 27 21 18 13 15 6 37 32 8 10 19 23 11 38 31 
 32: 37 17 30 34 13 28 15 39 33 41 8 7 35 36 20 24 6 26 9 5 10 29 23 43 19 25 40 12 31 14 27 21 
 29: 29 19 28 12 10 32 16 21 17 5 39 27 9 43 18 40 33 8 34 23 26 7 41 14 38 13 31 15 6 
 31: 38 26 39 40 31 33 43 13 41 32 21 24 14 9 25 10 27 37 29 35 34 17 6 7 23 20 28 11 8 12 19 
 37: 5 20 36 6 19 10 41 27 26 35 30 29 16 31 9 8 22 33 34 13 23 7 18 11 37 21 28 43 14 39 25 15 38 40 17 24 32 
 34: 25 26 41 6 11 43 40 33 35 28 18 39 17 12 5 16 27 15 14 32 19 29 36 30 21 13 22 9 31 23 24 7 20 37 
 32: 19 30 25 36 7 26 40 32 21 27 18 31 34 22 43 20 39 11 41 35 6 23 5 15 13 16 38 17 8 9 24 14 
 30: 28 8 29 11 33 36 18 17 32 27 10 25 16 40 22 6 38 23 39 7 30 31 37 34 15 12 43 21 14 24 
 34: 40 41 71 66 45 67 65 54 52 53 43 44 49 63 51 50 42 39 68 58 46 57 61 37 64 62 48 38 56 59 55 36 60 47 
 33: 42 71 56 55 45 62 51 50 41 67 44 60 37 40 66 47 38 70 53 58 57 49 54 59 68 52 61 48 63 64 36 39 43 
 31: 52 37 49 64 55 62 56 42 41 65 48 39 36 47 61 70 38 58 40 46 68 43 54 53 50 60 45 44 67 63 71 
 27: 61 42 37 46 49 62 52 59 47 58 55 65 45 68 53 36 54 67 48 60 50 71 41 38 70 44 66 
 27: 56 59 40 48 41 37 46 52 45 61 67 36 66 47 71 65 50 55 53 54 68 62 42 60 58 49 44 
 28: 58 44 67 37 55 63 62 40 43 57 45 47 49 66 39 54 42 41 48 61 65 36 56 38 71 60 70 68 
 35: 47 49 44 57 50 71 41 51 70 54 58 48 52 59 63 65 42 61 60 68 36 40 67 43 62 66 46 37 56 53 38 64 55 39 45 
 27: 42 45 46 53 43 60 52 38 49 71 57 51 61 39 40 68 41 55 67 63 48 56 59 58 62 47 54 
 29: 53 43 41 51 37 56 57 64 47 42 44 60 61 45 46 65 40 62 49 71 59 36 48 68 67 38 55 63 58 
 28: 36 70 47 52 39 46 61 49 44 66 42 45 64 59 53 57 37 54 43 55 38 56 68 62 50 67 51 41 
 28: 51 52 60 50 55 39 53 42 54 56 38 58 70 57 47 45 43 71 37 66 63 46 44 40 41 48 62 61 
 32: 48 52 42 61 71 41 54 64 62 53 65 56 51 67 38 68 44 58 45 40 49 50 57 36 43 59 63 39 60 66 55 47 
 23: 48 51 53 65 69 50 71 73 58 72 67 57 74 64 52 62 63 61 54 59 55 56 49 
 28: 71 49 56 68 70 73 48 54 67 74 60 51 55 65 61 75 69 64 57 58 72 66 52 53 62 63 59 50 
 25: 58 56 52 61 69 70 54 67 66 60 55 53 71 62 73 48 57 49 64 74 51 50 59 68 75 
 27: 55 54 73 67 72 57 69 70 65 75 58 63 48 71 52 51 68 60 53 62 66 64 74 59 56 49 61 
 26: 74 48 53 69 54 55 52 58 57 73 61 65 60 75 72 49 59 62 71 64 63 56 50 51 68 67 
 28: 60 53 49 68 50 64 69 66 73 70 55 74 63 67 48 58 59 57 62 54 65 71 52 72 75 56 61 51 
 26: 70 72 50 55 71 68 73 64 54 57 51 58 63 66 61 62 59 60 53 74 56 69 67 48 75 49 
 27: 74 48 67 61 54 71 52 56 53 60 58 75 66 51 73 55 69 50 49 59 63 68 57 72 70 62 65 
 28: 58 52 74 62 55 60 73 72 53 57 71 65 54 61 75 49 64 51 67 66 48 56 68 70 59 63 50 69 
 24: 60 52 57 72 70 48 58 75 59 71 51 68 53 62 65 66 64 73 50 63 56 54 69 49 
 22: 68 57 71 48 72 55 61 67 60 56 69 52 70 54 64 66 50 65 63 59 51 73 
 25: 56 70 51 54 60 64 73 52 53 72 61 55 49 63 75 62 58 69 74 50 57 65 68 59 67 
 26: 94 88 99 80 100 78 98 89 101 87 79 77 84 96 73 74 75 76 102 91 103 85 107 82 97 92 
 26: 73 101 87 97 108 83 89 77 88 85 103 91 107 76 98 96 104 94 99 93 100 81 80 92 79 95 
 27: 75 82 83 94 79 102 107 93 77 90 98 88 103 96 76 86 87 95 74 81 108 101 84 104 89 99 92 
 30: 93 77 97 87 92 76 107 101 90 84 83 85 79 80 82 104 78 73 96 95 103 74 89 99 98 81 100 94 91 108 
 29: 91 89 74 88 80 98 108 103 102 86 87 82 107 94 100 104 83 73 85 95 96 92 99 81 75 76 90 77 84 
 31: 95 81 94 90 97 107 91 102 93 88 84 85 108 78 104 82 100 96 103 80 83 98 89 79 99 86 101 87 73 92 76 
 26: 83 94 93 107 89 77 80 99 74 100 97 75 108 91 82 102 86 88 76 78 87 73 84 92 90 96 
 26: 89 103 83 76 73 93 75 104 80 87 99 101 108 90 82 94 78 84 92 74 96 79 107 98 100 81 
 26: 101 78 77 92 85 73 95 79 84 82 81 96 93 80 90 74 75 88 89 97 94 83 91 100 108 76 
 27: 75 97 85 102 100 93 92 76 89 79 90 95 74 73 83 78 87 104 99 84 81 94 86 82 108 107 88 
 34: 100 74 92 80 83 86 78 101 91 93 82 89 79 108 73 77 87 102 99 96 98 104 75 94 76 95 90 97 107 88 103 84 81 85 
 30: 102 74 80 78 82 76 97 81 93 96 107 83 95 79 94 73 98 101 84 103 77 99 85 90 91 89 108 92 86 75 
 31: 99 73 94 89 108 104 93 76 88 92 83 79 82 100 77 85 95 74 75 86 97 103 91 102 96 78 90 84 107 98 80 
 32: 104 87 88 90 103 107 75 84 80 89 81 102 100 96 97 98 79 74 91 95 92 108 99 94 93 73 76 77 101 85 82 83 
 32: 90 102 83 84 80 94 98 87 99 82 78 88 96 75 92 81 77 97 79 108 91 73 103 86 95 85 104 107 100 74 89 101 
 27: 96 93 92 75 80 104 91 90 86 73 76 84 97 82 89 83 79 102 81 108 100 74 88 98 77 95 99 
 34: 111 89 94 85 98 114 84 99 79 102 88 116 104 90 91 106 83 109 112 113 93 105 101 87 96 81 115 78 92 80 86 100 107 82 
 37: 86 96 115 111 109 88 82 90 91 112 108 95 89 102 104 80 78 105 106 84 113 110 87 97 92 94 81 85 100 98 99 107 93 114 101 116 79 
 30: 83 82 97 90 111 116 102 94 91 105 113 109 96 108 104 115 112 100 92 114 95 87 88 80 103 89 106 98 93 79 
 31: 110 106 88 92 82 115 102 86 89 116 85 96 111 114 87 98 97 80 95 83 109 99 94 84 100 105 81 79 113 91 93 
 32: 88 80 90 93 92 109 116 110 114 89 95 111 98 112 100 86 101 104 103 91 85 108 96 79 82 102 115 97 113 107 83 81 
 35: 102 81 107 109 108 80 115 101 110 95 85 111 106 97 78 116 104 112 93 84 94 92 87 99 96 86 82 91 79 114 83 98 90 103 88 
 37: 111 105 90 86 106 114 94 79 81 107 98 89 99 101 92 87 80 84 85 78 83 104 95 88 103 102 116 109 108 112 97 113 100 82 110 115 96 
 30: 78 109 92 80 101 103 88 102 110 89 83 87 79 93 96 85 112 111 115 95 86 100 99 90 82 105 98 113 94 97 
 36: 84 90 98 97 100 106 109 105 108 104 83 96 102 86 114 81 79 107 94 88 112 91 99 89 111 78 103 95 116 115 110 80 85 101 92 87 
 36: 97 115 107 89 116 114 112 90 105 110 81 100 111 95 80 79 106 78 99 94 96 113 84 101 88 109 98 92 86 87 83 82 93 85 103 91 
 32: 116 86 96 104 83 88 98 101 97 81 112 84 105 100 108 107 85 111 114 113 79 106 82 80 93 102 95 110 109 90 99 91 
 37: 83 91 84 81 100 116 85 88 104 93 94 110 90 80 78 115 108 97 86 106 79 109 112 103 113 87 96 114 99 105 98 92 111 102 82 101 95 
 30: 91 97 90 87 93 105 85 110 104 99 106 107 115 82 100 89 78 114 80 111 113 83 103 84 98 101 92 96 86 116 
 34: 107 96 83 101 95 113 82 90 110 102 98 99 88 104 116 92 105 80 103 93 86 112 106 108 111 89 100 97 115 87 79 94 114 91 
 35: 78 106 86 113 81 91 105 89 79 107 88 104 93 102 99 94 82 111 114 97 92 110 90 109 108 87 100 115 80 84 101 112 83 98 96 
 39: 114 93 85 110 87 89 92 115 96 113 88 84 95 103 104 97 86 111 83 98 91 108 78 99 80 109 82 106 79 107 81 112 100 116 105 102 90 94 101 
