# Data generated from a SDPTSP-E instance solved in two phases
# nbTasks=196, nbWorkers=150
# Random number generator seed = 0
Type = 1
Jobs = 196
 366 483
 370 399
 373 484
 393 479
 405 441
 405 445
 417 509
 430 548
 470 585
 471 585
 476 574
 482 581
 483 518
 483 540
 483 572
 495 605
 499 548
 502 605
 504 545
 508 575
 509 552
 514 582
 514 584
 517 583
 517 632
 520 552
 527 585
 532 595
 533 648
 536 624
 543 587
 548 599
 548 645
 551 583
 552 641
 552 671
 553 657
 556 628
 561 676
 562 602
 565 634
 581 693
 587 662
 587 706
 588 704
 590 639
 595 710
 610 688
 612 716
 613 727
 619 678
 620 662
 620 668
 624 724
 626 690
 626 712
 634 703
 648 712
 651 735
 653 709
 654 698
 663 757
 666 696
 670 775
 672 732
 676 696
 683 799
 685 760
 687 719
 694 759
 702 758
 711 737
 717 794
 720 814
 720 819
 720 829
 736 781
 738 842
 742 850
 745 848
 746 804
 746 808
 756 814
 756 852
 776 831
 784 800
 784 813
 784 862
 798 899
 801 876
 802 866
 805 918
 855 910
 862 883
 867 932
 874 931
 878 939
 883 982
 888 904
 889 921
 894 964
 895 938
 896 956
 902 947
 936 1020
 980 1074
 982 1022
 984 1101
 987 1011
 990 1067
 1003 1085
 1012 1065
 1034 1111
 1041 1068
 1042 1121
 1050 1167
 1055 1083
 1060 1154
 1069 1106
 1072 1102
 1137 1170
 1138 1166
 1182 1247
 1188 1262
 1200 1318
 1213 1319
 1214 1282
 1217 1295
 1218 1282
 1223 1300
 1241 1298
 1258 1329
 1274 1383
 1280 1390
 1285 1403
 1316 1417
 1324 1374
 1324 1434
 1326 1436
 1348 1400
 1349 1458
 1350 1436
 1354 1417
 1371 1490
 1372 1424
 1377 1495
 1396 1494
 1397 1498
 1426 1506
 1445 1522
 1446 1478
 1450 1555
 1458 1510
 1470 1508
 1470 1578
 1483 1597
 1487 1598
 1517 1565
 1532 1648
 1541 1588
 1554 1666
 1558 1674
 1565 1647
 1565 1650
 1572 1677
 1573 1627
 1578 1649
 1585 1686
 1595 1713
 1598 1688
 1616 1715
 1631 1740
 1635 1718
 1636 1695
 1639 1751
 1643 1717
 1649 1727
 1657 1710
 1669 1787
 1671 1715
 1675 1747
 1683 1724
 1693 1737
 1695 1729
 1701 1818
 1706 1820
 1707 1819
 1722 1796
 1730 1782
 1743 1761
 1757 1869
 1758 1867
 1791 1899
 1800 1915
 1802 1916
 1856 1912
Qualifications = 150
 74: 28 84 35 38 23 20 30 36 75 0 62 44 66 56 59 47 3 76 68 26 65 29 86 53 34 37 80 81 6 67 43 12 19 60 9 50 5 52 33 21 54 42 10 58 31 85 73 8 63 48 25 61 41 46 14 22 64 17 40 11 55 18 32 72 49 27 13 39 82 71 51 16 74 2 
 70: 55 81 59 86 48 44 84 4 57 2 63 7 1 3 15 32 53 66 60 25 80 69 31 21 9 29 10 17 64 37 39 13 33 70 65 45 5 28 22 0 36 42 62 51 12 24 67 41 85 74 16 56 14 52 26 75 43 49 27 35 71 8 50 54 46 38 82 6 72 61 
 82: 47 25 28 32 44 27 81 69 54 70 4 37 33 17 76 30 58 24 38 75 45 71 23 42 2 57 0 18 19 26 46 1 68 11 13 53 8 63 10 61 9 3 73 29 55 6 67 36 34 12 31 43 80 39 82 66 5 62 56 35 51 84 15 59 52 41 64 65 49 16 7 72 20 74 86 50 60 14 22 85 48 40 
 64: 72 45 9 36 0 63 44 81 73 75 57 74 55 53 80 64 35 62 43 31 29 66 26 10 1 70 67 28 61 37 33 19 50 16 25 18 65 7 40 76 58 84 3 2 12 68 13 21 11 69 17 32 42 52 48 14 30 22 41 39 46 60 86 51 
 75: 39 84 18 68 65 1 40 80 53 7 31 74 75 37 76 46 14 20 56 22 16 32 58 50 2 24 19 35 27 81 21 63 45 11 73 38 54 33 12 17 49 42 57 71 36 82 28 86 64 61 72 85 3 52 67 55 5 0 23 51 44 30 34 8 59 48 4 43 26 60 6 29 69 66 10 
 83: 12 11 3 28 85 2 50 52 38 21 48 32 67 51 22 35 59 23 66 44 19 81 47 41 76 49 42 7 1 39 18 70 72 20 10 86 0 53 24 9 60 15 82 65 54 74 61 16 36 34 64 58 37 31 62 25 46 13 69 56 84 6 71 14 55 80 57 73 26 33 63 8 40 45 5 17 27 29 75 4 30 43 68 
 73: 15 23 67 12 41 1 70 48 63 84 35 33 17 76 62 73 72 39 20 37 2 31 8 13 40 86 74 18 28 45 29 9 5 22 14 30 3 64 65 81 61 19 58 38 10 11 66 47 52 21 80 59 6 69 34 27 25 56 44 68 0 49 54 43 32 24 85 42 36 51 7 50 82 
 78: 40 29 31 84 56 50 73 13 46 57 34 55 3 67 47 70 65 2 85 25 30 52 51 45 76 44 9 23 58 43 86 71 21 6 49 68 75 8 48 0 64 17 24 69 74 60 39 82 7 5 81 12 37 11 61 35 62 20 33 18 66 10 16 26 54 27 41 1 15 72 14 59 80 36 63 32 53 42 
 64: 43 8 69 60 23 49 12 6 30 38 5 54 67 56 39 15 19 72 55 52 35 48 14 50 7 24 51 41 66 65 71 68 22 16 64 46 32 40 70 33 45 74 31 59 1 0 10 63 73 42 75 76 58 80 85 81 13 47 25 17 34 62 4 82 
 76: 9 63 7 43 40 25 54 20 12 35 50 21 34 11 69 10 15 33 2 76 52 68 36 70 71 84 74 55 38 59 81 17 23 13 18 56 19 0 53 67 30 44 37 39 72 48 27 73 29 26 60 62 24 65 22 75 3 66 85 86 64 57 58 14 4 41 51 47 82 16 5 61 80 42 46 31 
 63: 16 71 2 7 12 4 58 54 41 80 46 40 43 66 8 11 36 51 20 60 53 31 25 48 44 23 81 45 14 59 37 55 10 5 0 70 75 28 62 21 73 56 86 30 63 68 47 69 1 22 18 24 82 65 17 52 32 3 85 42 15 72 29 
 64: 71 23 58 82 25 75 11 80 27 38 5 81 73 85 19 40 21 33 37 65 70 6 20 42 0 3 17 54 50 45 53 59 43 84 51 26 69 24 2 66 28 9 62 64 8 22 44 16 57 47 4 12 68 49 60 34 10 18 48 30 36 7 76 32 
 78: 73 68 5 16 13 10 50 25 35 30 27 80 82 39 86 61 40 37 56 9 34 0 38 66 76 18 6 41 71 28 54 72 49 43 81 12 17 67 33 3 8 31 21 47 65 45 53 44 74 64 26 52 85 63 75 2 46 48 32 70 22 24 69 60 62 57 11 42 14 20 58 15 7 23 84 29 1 55 
 74: 6 44 68 30 25 57 74 36 32 66 24 67 43 86 33 11 46 0 31 13 29 51 53 58 37 23 56 50 3 22 70 15 28 63 4 10 64 48 69 41 7 62 1 38 73 55 72 5 20 26 18 19 9 2 81 40 8 47 75 85 59 65 60 21 52 61 49 16 35 34 80 42 45 76 
 77: 53 48 57 52 41 40 86 55 59 7 54 80 24 2 36 63 22 9 43 71 81 84 0 4 72 74 60 31 30 76 65 17 64 69 12 11 16 75 32 23 44 35 33 37 47 70 61 68 42 8 66 27 62 29 49 6 20 13 21 26 82 46 38 3 51 5 25 18 56 45 85 50 28 58 19 67 1 
 83: 71 12 3 62 23 0 16 82 46 57 29 43 65 18 58 10 42 74 72 68 53 6 84 36 56 7 39 66 44 85 70 55 73 60 28 40 50 24 75 2 21 69 1 30 33 47 31 41 9 19 26 34 80 76 17 13 5 86 45 67 48 38 49 27 64 35 20 37 8 59 14 22 32 11 51 54 52 63 4 81 25 61 15 
 71: 26 5 4 39 66 12 86 59 36 27 51 85 52 70 61 31 15 22 72 68 49 71 62 1 37 2 10 64 47 74 82 55 21 84 42 9 69 17 11 75 63 16 57 29 65 18 46 58 81 8 48 20 38 45 13 73 23 50 25 41 40 24 53 3 35 28 44 19 60 43 30 
 67: 60 26 52 43 44 86 31 5 56 11 81 49 3 6 53 50 40 47 18 80 24 12 57 71 33 34 58 20 45 65 28 84 54 61 27 14 15 42 35 36 63 8 73 13 1 38 74 25 76 62 41 37 17 59 48 55 4 72 69 68 70 7 21 66 2 10 16 
 67: 27 20 14 73 62 39 71 40 75 0 29 55 9 38 68 23 24 33 86 76 16 5 72 43 70 25 17 10 11 63 30 37 32 36 12 26 56 8 28 74 84 35 31 15 82 6 41 13 52 22 53 18 65 54 19 81 64 85 69 57 80 1 45 61 34 46 66 
 80: 69 74 65 50 67 59 42 19 20 31 6 22 72 38 10 48 43 86 3 71 28 15 81 4 85 32 35 40 68 84 52 26 62 80 63 49 30 58 12 16 23 37 76 60 0 66 41 24 14 25 21 54 82 44 5 56 53 61 33 36 13 18 7 51 73 1 64 45 34 27 75 8 2 46 29 57 39 70 47 9 
 82: 7 28 62 8 59 26 68 2 4 27 25 30 52 67 61 41 46 44 18 54 38 58 42 47 40 48 22 81 23 64 1 35 86 85 20 24 73 56 53 6 36 84 11 32 17 15 80 29 49 63 75 70 16 69 71 39 9 45 14 31 82 43 55 76 51 13 60 65 57 33 72 37 12 5 74 66 3 0 19 10 34 21 
 71: 54 21 20 72 41 22 64 49 38 23 73 74 55 15 26 18 51 36 57 10 80 25 34 42 39 8 69 70 60 81 30 48 29 33 66 14 61 67 65 45 71 11 76 32 50 3 9 86 31 46 0 44 75 5 35 59 47 82 28 16 27 12 19 58 63 68 7 4 17 53 37 
 76: 3 2 38 30 76 31 11 9 7 12 18 25 84 72 37 60 43 56 29 63 51 23 45 80 40 5 71 26 39 42 50 53 69 24 61 52 34 70 27 20 54 35 21 81 19 41 64 86 4 28 15 57 44 82 6 22 8 74 58 49 33 46 10 62 73 14 85 16 66 65 68 59 55 36 13 0 
 75: 27 45 62 86 58 42 64 50 85 3 25 0 14 44 67 54 38 76 61 16 26 1 41 43 80 18 68 73 11 75 57 47 23 12 10 13 53 63 56 49 72 60 33 9 24 32 46 36 37 84 40 5 30 6 35 82 81 70 22 51 7 8 29 65 31 55 19 15 2 34 48 4 17 39 59 
 63: 60 68 70 15 84 32 47 30 40 54 17 50 58 14 85 18 74 72 27 25 67 28 20 33 73 1 41 38 19 45 16 59 7 48 52 24 12 62 64 34 4 29 55 76 9 80 56 22 53 44 23 2 57 65 11 35 51 46 26 6 13 21 82 
 79: 68 66 43 61 52 84 57 85 69 27 72 37 42 30 40 20 48 80 22 4 9 8 3 47 51 44 45 35 75 19 50 17 14 38 11 59 0 1 63 34 41 49 82 15 81 23 25 7 46 39 65 24 21 26 32 36 10 29 70 53 67 16 33 5 76 13 28 86 73 2 60 74 56 58 31 18 6 55 64 
 65: 81 59 14 46 62 75 63 2 16 1 9 18 7 6 25 50 53 28 24 23 26 68 29 55 65 30 34 15 36 64 33 70 10 72 32 60 19 31 41 52 86 22 47 49 11 71 56 39 4 20 3 0 8 37 5 12 61 54 69 74 27 38 66 73 21 
 71: 23 86 7 64 62 69 59 28 41 29 21 27 44 47 35 3 36 10 82 60 84 45 72 19 4 73 6 20 74 1 13 43 58 16 24 52 38 80 39 37 9 51 11 40 0 63 18 54 66 2 50 56 68 81 32 25 22 71 67 48 14 85 75 8 12 61 15 34 30 5 26 
 67: 21 81 2 66 69 68 35 84 57 55 53 31 26 17 52 76 72 67 4 25 41 39 86 12 23 80 50 46 60 36 42 44 28 59 43 22 73 0 7 47 70 24 74 45 38 32 48 13 63 6 1 16 10 37 15 29 54 71 85 58 75 27 19 62 64 20 49 
 69: 52 26 33 34 1 20 28 56 39 80 14 64 68 6 53 22 81 82 8 24 66 60 31 73 58 25 46 5 75 10 48 37 55 23 2 27 30 7 36 29 13 45 44 71 84 18 16 35 38 21 62 63 57 32 17 50 72 47 12 69 9 19 11 74 86 42 15 3 85 
 67: 53 61 81 14 55 23 6 74 67 21 73 22 76 80 44 59 72 32 66 75 8 70 43 69 51 27 9 4 38 49 13 47 5 7 37 1 42 62 65 29 58 2 85 48 41 39 30 45 19 82 28 56 20 31 35 15 50 52 40 26 16 12 60 18 36 17 11 
 79: 82 3 13 43 68 18 49 40 61 47 39 16 50 74 14 22 35 73 33 63 42 24 55 62 32 1 70 85 53 38 59 46 6 28 37 8 30 56 57 25 7 15 10 17 2 76 48 41 66 51 71 84 81 26 52 29 34 69 80 65 20 44 23 86 64 45 19 75 36 21 0 60 5 4 12 27 9 72 11 
 81: 63 0 84 6 32 76 43 31 50 35 55 66 17 44 80 58 30 61 41 51 36 65 70 59 37 72 52 5 16 60 47 56 19 12 53 38 62 33 42 22 46 13 45 4 69 9 49 28 75 3 11 2 57 54 85 67 82 40 25 26 34 64 10 1 7 29 74 86 27 68 81 20 39 18 24 71 14 73 15 23 48 
 73: 68 86 73 6 32 76 52 38 33 20 10 54 5 46 9 34 23 60 7 39 63 49 75 74 22 47 66 13 40 45 71 0 27 2 85 25 15 37 11 72 26 24 3 41 16 67 19 57 51 14 56 55 59 4 44 36 30 69 81 18 65 58 31 29 80 1 61 8 28 82 48 12 50 
 71: 5 20 59 53 86 13 40 63 1 31 47 39 49 74 70 64 52 27 36 65 30 37 44 12 62 42 24 66 34 55 32 10 60 26 9 48 80 69 84 18 2 35 22 76 43 82 21 38 51 72 17 67 15 25 11 0 73 7 45 23 46 54 8 61 58 75 56 28 33 16 85 
 66: 63 38 84 52 1 4 68 62 6 49 55 42 70 54 22 58 11 41 18 48 37 43 73 50 9 5 20 36 25 27 17 23 66 31 3 44 81 7 72 12 74 61 71 80 59 47 26 8 30 86 28 21 15 2 40 24 82 35 60 45 51 57 32 0 69 53 
 72: 51 11 40 75 77 19 30 79 23 47 91 55 46 26 69 38 16 87 43 103 27 37 48 80 50 73 66 88 102 28 53 14 36 25 90 49 31 18 22 12 81 52 99 86 13 74 34 24 20 39 96 21 82 84 59 89 70 67 42 95 92 29 60 33 56 17 54 98 15 63 44 72 
 72: 50 42 91 63 27 55 14 36 58 71 72 30 22 43 32 41 77 101 69 39 44 94 29 46 16 76 103 12 64 74 28 81 85 34 21 57 18 93 13 20 68 84 75 83 38 66 67 11 49 79 19 96 87 24 52 86 15 48 59 51 95 61 92 99 54 31 73 26 70 80 17 78 
 84: 23 46 89 99 30 67 72 37 94 39 45 103 98 73 27 35 68 51 13 50 34 90 56 65 48 87 77 74 14 62 84 102 80 57 36 43 93 18 66 71 38 44 21 58 53 95 31 64 60 101 42 29 17 28 78 55 88 20 24 11 52 85 81 69 75 92 15 25 79 91 47 86 76 26 32 19 22 49 63 59 70 40 16 33 
 87: 19 40 88 53 12 26 38 65 102 24 85 41 25 51 99 82 58 73 52 71 80 70 62 74 44 27 87 34 49 33 32 79 57 63 93 48 86 13 17 39 61 47 94 75 55 54 78 84 50 16 29 67 69 66 42 103 101 68 60 23 76 95 96 30 90 28 14 21 72 31 37 20 64 46 77 56 83 18 15 81 22 35 11 43 59 45 91 
 72: 87 14 56 89 82 13 79 26 12 49 86 94 30 33 102 78 37 80 23 15 71 16 90 81 93 32 65 92 44 24 25 51 76 39 70 41 36 58 61 27 59 64 85 57 75 17 52 35 11 96 62 95 67 55 21 103 74 38 19 101 18 72 69 77 63 99 45 53 50 40 98 47 
 75: 87 93 48 39 56 88 95 19 70 13 82 77 20 14 64 46 18 68 74 35 81 12 23 75 61 54 21 86 62 15 69 42 27 31 40 32 102 44 41 71 79 85 24 94 59 55 91 60 49 47 84 99 78 38 96 34 72 33 103 50 51 26 65 83 45 101 37 52 25 63 98 89 28 43 30 
 83: 80 59 101 18 69 41 95 32 85 103 40 35 82 55 46 93 65 75 20 39 23 87 98 92 50 81 42 13 71 51 29 37 60 58 47 26 22 57 27 19 88 72 83 34 61 91 74 96 94 63 24 17 86 11 102 64 67 89 99 62 48 49 25 12 84 77 78 30 68 53 45 70 44 66 73 43 28 36 56 31 76 38 52 
 77: 44 74 16 42 32 86 96 47 51 52 57 21 70 13 25 46 35 80 58 77 71 17 41 14 75 11 67 64 34 66 101 76 88 61 98 84 30 60 22 91 87 26 62 103 56 93 95 33 83 92 48 94 29 15 85 40 54 36 69 63 89 82 59 99 20 90 55 73 72 81 27 79 24 19 31 50 53 
 75: 31 46 50 13 80 23 77 61 35 27 86 52 99 102 89 96 68 48 29 85 70 28 53 101 25 24 56 49 95 74 93 39 75 87 57 67 43 55 78 64 47 33 69 59 38 32 83 40 51 62 76 18 103 72 79 82 12 91 17 19 42 41 65 63 30 15 26 90 58 81 34 88 36 73 22 
 71: 69 91 21 35 89 81 59 47 56 53 20 34 36 38 80 40 78 76 52 31 41 11 28 83 49 87 55 71 29 19 42 82 57 22 103 30 46 15 14 86 66 44 27 79 62 54 16 58 99 48 50 102 26 74 63 92 77 65 88 90 84 23 17 75 32 37 93 101 24 64 61 
 90: 33 32 22 45 26 60 53 40 12 58 35 38 91 54 18 83 30 67 70 99 21 86 46 73 17 98 103 75 50 52 47 64 20 79 14 72 24 59 82 39 41 11 76 31 19 28 36 71 51 88 15 69 94 87 78 85 92 62 34 74 81 37 101 61 102 80 44 65 43 95 93 25 16 29 55 56 49 23 77 90 42 84 13 66 27 89 57 96 68 63 
 91: 95 52 92 66 44 47 26 25 55 81 40 83 16 17 33 91 82 21 19 11 54 65 76 75 32 45 94 74 18 56 13 50 59 79 86 72 31 73 35 84 48 23 57 93 69 38 68 58 36 22 89 30 61 77 87 70 64 12 71 99 51 20 49 42 29 88 34 27 28 46 67 62 24 78 103 85 98 101 37 96 43 90 53 80 60 63 41 14 15 39 102 
 79: 32 99 102 30 37 95 73 76 52 61 27 70 17 51 89 11 79 40 71 42 33 87 23 77 62 66 56 83 67 103 75 21 96 50 12 64 44 35 93 68 45 69 72 18 55 85 65 49 94 22 98 92 28 101 20 25 58 91 31 74 29 19 43 36 41 90 81 53 46 88 47 86 60 84 38 26 78 63 16 
 69: 26 32 102 37 22 76 34 74 62 17 103 72 77 63 38 67 25 41 90 53 24 59 13 52 68 89 33 40 57 51 71 47 54 58 66 48 65 46 92 45 39 29 79 101 36 78 19 23 20 94 73 93 42 64 69 11 81 61 28 91 14 87 43 86 84 44 85 27 60 
 69: 89 76 35 22 85 77 95 88 27 32 57 29 37 26 62 52 82 14 13 92 86 40 24 69 45 72 99 71 68 64 81 93 87 94 49 101 12 55 78 60 18 61 80 15 102 66 38 46 63 33 96 43 70 79 91 98 16 56 42 73 75 90 39 17 28 23 59 31 19 
 87: 69 82 86 68 20 103 44 70 31 78 19 17 61 39 79 33 52 59 91 42 16 45 35 80 88 23 53 81 95 47 84 21 57 87 30 26 49 83 28 51 74 32 27 93 46 15 73 36 65 96 89 12 85 56 37 75 34 29 50 58 92 63 14 43 90 25 54 22 72 94 24 67 11 62 101 77 99 40 64 48 76 41 66 18 71 13 60 
 83: 102 62 35 57 67 74 45 30 50 58 32 75 80 86 42 65 15 61 51 49 24 59 13 22 52 31 26 18 92 70 95 91 56 99 76 17 23 36 77 44 103 84 78 40 34 19 66 28 73 54 25 87 71 37 20 38 43 21 53 89 41 33 81 63 60 93 68 12 11 29 27 47 90 14 94 16 72 48 88 96 101 69 98 
 82: 22 62 38 15 78 54 35 20 47 33 91 76 56 96 82 28 30 79 93 53 75 92 36 50 43 39 23 89 55 86 29 16 72 59 26 11 63 90 83 101 19 42 25 71 21 17 34 44 87 49 41 37 45 51 64 67 18 32 102 48 80 103 31 70 73 61 12 98 88 94 65 46 84 40 27 66 58 57 14 60 99 24 
 77: 65 67 85 14 61 27 18 38 32 93 96 81 48 16 63 73 76 72 34 15 82 89 49 77 95 79 22 66 12 42 23 60 56 39 69 51 70 90 26 24 91 62 50 11 28 33 47 80 92 46 37 25 29 43 101 21 58 64 52 54 83 59 102 40 84 86 30 44 68 17 41 98 19 57 35 31 99 
 83: 64 63 17 76 14 13 95 51 49 62 18 44 56 30 92 35 25 47 29 59 20 21 103 46 27 81 77 54 48 16 74 71 99 42 50 94 91 61 78 19 85 52 87 28 22 58 72 26 80 15 39 11 96 68 90 45 66 65 84 23 43 69 38 89 41 57 82 98 67 37 88 86 73 36 12 79 31 102 24 93 34 83 40 
 78: 65 24 87 18 35 59 15 98 27 20 78 74 13 34 16 91 79 89 103 52 29 12 42 70 72 19 26 63 64 49 99 32 90 102 40 50 66 37 61 39 44 21 25 58 86 45 55 22 82 54 80 81 36 85 17 41 83 23 84 92 11 53 75 95 28 94 51 69 101 38 96 73 47 60 30 46 88 68 
 91: 61 28 36 41 72 52 56 99 23 47 11 73 81 84 32 19 43 40 59 53 54 15 90 76 16 30 91 46 29 89 66 82 103 37 55 49 45 65 87 60 21 22 24 18 80 67 70 62 48 12 14 98 75 25 88 101 79 51 102 27 63 33 44 31 34 57 42 68 58 26 93 78 77 92 96 50 69 38 35 85 64 20 39 17 71 13 95 83 86 94 74 
 71: 46 58 44 50 68 59 74 30 40 26 62 77 34 12 22 43 17 79 41 101 48 84 95 61 27 86 82 20 64 23 60 47 49 52 89 71 16 63 19 69 38 53 93 81 72 94 67 31 96 18 78 51 90 92 75 66 85 70 42 83 73 45 21 76 39 98 24 14 102 65 91 
 78: 57 36 67 43 102 71 59 55 48 38 65 62 33 99 14 77 34 19 25 92 96 27 52 69 40 31 23 22 76 58 47 37 51 12 90 68 46 82 53 61 95 49 73 70 30 54 39 80 20 91 89 29 78 16 41 60 45 50 74 84 79 101 26 81 83 93 85 103 35 86 17 75 63 21 24 64 18 66 
 89: 20 51 42 73 60 37 59 33 39 12 32 47 69 72 35 102 56 85 45 11 55 40 78 26 94 21 76 48 66 22 80 64 23 61 65 81 14 57 68 17 52 46 44 71 15 82 30 92 83 63 79 103 36 31 28 25 90 89 86 91 29 54 75 43 96 41 88 19 18 99 58 24 67 101 50 16 93 49 87 77 34 95 84 27 62 98 53 74 70 
 80: 86 25 58 61 87 54 20 34 13 77 68 95 70 85 60 19 45 91 26 75 40 23 83 11 14 52 47 62 94 36 79 53 99 66 59 74 101 51 27 17 73 55 15 38 76 16 32 67 102 78 44 82 29 43 98 93 48 80 24 30 37 33 90 96 69 63 56 46 31 12 39 28 64 65 81 71 88 89 42 41 
 85: 23 53 71 28 16 41 34 45 35 18 43 79 94 12 31 24 30 76 61 73 91 37 57 93 83 85 66 99 25 90 46 26 54 52 81 42 64 69 38 70 22 27 101 89 44 29 47 55 103 21 13 58 32 56 95 77 62 82 33 40 39 11 75 92 72 48 14 74 63 15 102 67 84 51 68 50 60 86 98 49 19 65 88 78 20 
 87: 71 12 57 72 62 92 19 91 34 46 37 55 30 88 36 102 22 85 77 81 59 33 35 99 64 20 78 44 16 90 58 31 17 40 25 51 42 93 84 79 69 24 53 18 67 45 27 101 103 94 56 63 21 28 32 38 43 47 29 60 11 96 66 70 48 95 75 26 15 68 83 41 65 73 89 14 61 74 50 23 86 80 49 54 39 13 52 
 75: 101 61 68 50 88 81 82 23 14 40 80 58 34 91 45 39 28 47 64 56 11 44 42 35 96 90 25 15 31 87 85 54 74 77 20 63 103 27 93 37 49 33 89 26 41 16 62 21 94 83 55 67 78 38 24 43 70 75 72 13 60 53 76 66 29 48 92 36 98 69 73 18 102 71 12 
 70: 48 68 75 80 54 56 49 23 67 20 42 44 66 14 85 76 53 91 19 90 101 39 89 36 61 59 41 33 65 32 64 26 35 95 27 21 88 55 29 99 50 15 47 92 58 93 79 74 40 11 31 82 72 30 71 22 83 37 34 63 70 25 96 12 16 102 78 62 69 52 
 80: 47 39 86 45 74 72 80 76 27 34 41 96 61 82 73 12 38 79 92 23 58 33 11 91 85 40 51 25 94 99 87 26 71 31 29 20 35 66 88 102 15 36 50 19 101 37 48 18 57 49 103 62 21 13 95 75 65 77 90 68 55 81 78 22 98 43 56 24 69 93 60 52 70 64 32 84 63 53 14 42 
 75: 92 30 59 66 57 28 43 17 94 65 54 46 27 45 83 39 89 62 78 77 42 76 84 85 88 35 80 56 53 14 25 11 50 74 79 36 41 98 60 13 87 40 52 48 61 93 64 70 29 101 34 82 23 12 49 24 47 51 73 44 38 37 81 33 103 20 16 15 99 55 58 86 21 95 96 
 73: 31 47 29 87 25 39 41 40 26 78 35 57 37 52 80 27 67 99 48 16 94 43 13 103 56 77 34 53 86 55 38 30 59 84 19 74 23 46 98 42 12 72 81 76 96 102 75 24 14 54 91 90 51 17 20 66 79 101 83 44 45 73 70 32 62 85 64 60 18 50 92 95 36 
 89: 47 45 98 86 70 61 33 58 18 79 22 71 14 17 94 43 53 81 16 35 29 85 91 96 101 77 48 102 95 44 38 54 68 60 56 64 76 72 92 36 19 28 27 57 55 99 12 41 62 63 103 90 75 23 69 51 34 20 11 46 26 24 80 78 31 83 59 89 84 93 21 82 13 49 39 67 74 42 40 15 50 52 88 30 25 87 73 65 66 
 91: 51 96 86 76 85 23 16 56 69 15 55 52 13 43 31 18 73 34 68 58 33 65 94 79 37 60 99 11 45 32 93 28 57 61 62 87 53 38 12 59 49 75 25 102 44 71 64 29 50 72 14 83 20 42 103 54 46 19 21 22 36 81 30 47 39 78 27 98 17 92 82 91 26 90 24 40 48 35 95 80 88 41 89 77 66 67 70 101 63 74 84 
 76: 26 46 24 59 93 77 32 82 48 95 31 53 70 30 42 41 55 19 12 72 67 60 68 27 64 17 52 50 63 80 99 94 75 66 51 54 29 36 14 89 76 43 38 103 85 92 73 65 40 56 44 71 78 79 25 37 22 16 81 18 57 86 83 69 39 23 91 35 45 102 33 96 20 84 21 13 
 33: 130 96 109 102 114 104 118 103 128 116 112 122 95 115 120 119 113 100 125 92 99 129 98 110 121 123 124 126 97 117 93 94 108 
 31: 123 105 109 118 104 107 126 103 124 102 121 110 112 117 108 97 128 129 98 114 122 95 113 106 119 96 115 99 120 125 101 
 36: 125 108 110 130 104 96 127 129 126 99 118 117 112 123 98 115 101 102 121 124 97 111 107 116 128 106 119 109 92 120 100 94 103 114 105 95 
 31: 102 130 99 118 108 110 111 122 97 116 113 98 128 127 104 103 119 126 117 125 100 101 106 129 105 92 109 94 124 95 112 
 38: 125 121 115 100 92 112 108 102 119 124 126 99 130 107 96 111 95 101 128 113 94 123 109 116 110 122 114 129 120 93 117 127 105 103 106 104 98 118 
 35: 115 119 104 92 118 122 94 113 120 99 106 124 114 93 96 129 95 102 121 110 97 125 111 101 123 109 117 116 107 127 105 98 126 130 128 
 34: 115 100 102 117 112 118 116 122 121 124 129 105 101 127 119 120 103 113 99 114 123 128 130 111 108 126 107 98 92 96 109 110 97 106 
 38: 126 124 92 106 101 103 128 110 93 107 113 111 109 97 98 125 129 99 120 123 122 96 119 100 118 102 116 112 95 115 130 114 104 94 117 108 121 127 
 38: 111 120 114 96 105 112 121 107 117 129 109 92 106 113 97 110 118 124 93 127 115 128 116 101 126 102 100 95 125 94 122 108 119 99 98 123 104 103 
 39: 126 100 108 97 99 121 116 110 93 123 124 105 107 94 95 113 96 130 98 127 119 115 117 120 102 118 129 112 111 92 114 106 125 122 103 128 101 104 109 
 36: 129 121 98 117 99 95 105 116 110 103 94 113 107 130 125 100 108 102 109 101 111 120 123 115 92 96 122 119 126 114 104 128 93 112 118 97 
 33: 128 99 109 100 107 110 120 108 101 111 93 92 106 121 102 123 122 104 113 96 97 130 116 125 98 117 114 112 124 94 118 129 103 
 33: 130 121 98 124 105 99 120 108 114 112 92 101 100 109 127 94 97 113 103 123 96 107 128 95 118 116 126 117 122 115 106 125 93 
 31: 102 113 122 127 124 92 98 126 128 97 125 94 107 108 114 117 105 100 95 101 109 121 115 111 116 104 118 93 103 106 130 
 31: 102 98 127 107 111 96 125 116 105 122 106 108 115 109 101 119 130 99 113 126 124 129 117 120 100 103 95 123 94 118 121 
 36: 134 114 127 136 137 131 130 115 132 119 144 133 110 125 118 124 116 109 107 139 135 120 142 138 108 113 105 141 122 129 123 126 112 121 128 111 
 34: 106 142 136 110 123 132 116 121 128 130 126 117 119 133 112 111 124 138 137 125 129 131 144 114 122 113 115 108 141 134 120 135 139 118 
 36: 132 122 110 129 120 124 133 135 134 138 118 106 136 142 130 141 117 116 128 126 115 111 114 121 105 123 112 139 107 131 144 137 109 119 113 125 
 37: 135 125 118 123 110 136 107 133 111 115 120 127 130 105 106 121 129 132 114 109 142 108 122 141 134 126 131 117 112 124 113 139 128 137 119 116 144 
 34: 111 115 122 105 110 130 137 119 113 106 118 121 107 114 123 128 136 112 117 144 127 134 109 129 120 141 131 124 133 108 126 139 138 142 
 29: 138 124 142 120 109 130 118 125 114 126 116 122 119 111 107 133 108 141 144 129 127 137 135 131 117 132 123 139 134 
 30: 136 135 126 131 110 129 109 111 128 120 130 123 114 125 106 127 139 105 132 121 113 112 134 116 119 137 124 117 122 108 
 33: 142 109 131 127 120 119 132 114 108 107 116 111 110 115 118 117 113 121 144 137 112 134 136 141 139 138 123 130 129 122 135 124 125 
 36: 133 114 112 110 136 108 144 124 115 120 126 128 139 118 127 134 119 131 135 130 141 116 106 125 122 113 117 123 138 109 107 121 142 137 111 105 
 38: 120 108 121 137 125 124 138 132 131 115 118 135 119 114 113 130 112 111 117 126 127 123 142 136 133 144 106 141 110 128 134 116 105 129 109 122 107 139 
 36: 122 116 137 138 126 113 131 115 123 119 112 134 129 142 120 105 106 135 109 127 125 139 141 136 144 108 117 114 107 130 118 133 128 121 111 110 
 29: 142 109 116 113 125 106 112 134 121 129 139 123 127 128 126 107 119 138 117 144 111 114 133 122 105 131 118 124 135 
 34: 120 144 130 135 121 127 122 124 138 117 118 128 110 134 131 107 106 111 112 137 141 125 108 113 136 119 139 114 129 142 126 109 115 123 
 38: 106 117 119 121 130 132 124 137 133 142 128 129 115 134 110 144 116 131 126 122 136 118 105 141 114 125 123 113 139 112 108 135 120 109 107 127 138 111 
 35: 141 129 112 118 138 107 109 127 111 142 116 117 113 144 131 136 123 133 126 108 135 110 121 134 120 130 128 105 139 125 106 124 137 115 114 
 34: 139 144 121 135 106 142 129 131 114 124 108 105 123 130 136 138 110 111 109 120 141 133 118 128 137 127 116 107 125 112 113 126 119 115 
 37: 142 109 124 113 136 127 133 126 132 110 108 123 122 138 107 128 111 115 131 139 125 129 137 134 106 135 121 120 112 130 118 105 141 119 144 114 117 
 48: 142 147 149 187 157 172 181 160 162 180 164 156 173 169 165 145 158 150 179 141 146 148 167 161 159 166 140 153 155 177 175 178 182 168 154 137 152 163 139 176 136 183 171 188 143 144 151 189 
 45: 158 140 144 154 180 151 153 148 173 149 138 183 137 164 155 169 142 174 178 150 143 159 162 157 145 170 181 177 146 182 152 172 175 166 161 188 176 163 167 160 136 139 165 168 187 
 48: 175 167 162 156 154 174 173 158 164 183 161 182 146 172 155 139 166 179 152 157 143 144 176 168 140 141 177 187 163 136 169 149 189 147 150 178 160 159 188 137 165 142 151 145 180 171 170 138 
 39: 144 142 174 148 157 140 143 171 163 156 136 168 154 183 150 162 170 146 158 182 161 179 152 169 164 160 153 175 137 173 166 189 165 155 151 176 138 172 187 
 42: 164 153 183 178 136 157 179 187 172 149 143 156 151 154 181 147 189 188 146 158 138 150 161 159 176 166 139 167 169 163 171 168 165 174 140 145 144 180 177 182 137 175 
 42: 147 168 154 153 145 181 179 137 182 170 171 157 177 169 173 167 139 142 188 143 155 138 175 174 183 180 158 140 178 172 146 150 152 166 176 144 141 161 149 163 164 151 
 45: 180 137 155 173 145 149 176 136 150 144 167 146 168 179 153 159 183 138 154 171 181 169 143 158 161 187 166 164 160 141 188 163 156 178 140 172 151 165 147 152 189 175 174 170 182 
 48: 183 157 182 171 142 180 188 147 160 170 159 173 187 189 153 181 165 163 161 156 172 177 136 139 176 140 169 155 148 149 168 154 151 138 141 162 167 179 143 174 175 158 152 137 164 144 166 178 
 45: 159 172 156 149 151 178 188 155 153 154 161 146 165 183 147 162 175 182 179 148 187 163 144 169 173 158 189 171 177 181 174 143 141 180 152 168 138 160 157 167 170 142 137 150 176 
 47: 177 141 167 156 144 147 181 180 150 136 169 178 151 158 142 140 149 155 160 139 182 154 174 170 166 179 165 164 163 189 145 161 173 159 175 176 187 146 172 143 188 157 152 162 148 153 183 
 51: 155 153 163 181 178 137 141 187 157 188 176 142 149 160 154 175 162 164 159 189 180 166 144 152 140 172 138 167 147 174 173 136 150 156 143 151 145 171 148 170 139 168 179 177 161 182 165 169 183 146 158 
 41: 149 189 166 188 168 136 179 139 155 141 153 180 142 157 187 154 140 176 181 169 171 162 161 164 160 143 170 148 146 172 183 151 182 137 174 163 145 147 158 138 177 
 42: 147 139 160 148 172 182 140 166 136 142 165 149 154 138 188 187 178 189 163 161 152 159 145 151 170 158 176 175 181 168 167 157 164 183 162 174 143 153 150 169 155 180 
 45: 180 146 183 161 140 155 187 139 151 141 156 173 178 167 166 169 147 182 138 144 159 158 145 148 175 150 154 171 136 143 170 174 189 168 153 181 176 137 164 162 188 157 165 149 142 
 41: 173 143 179 138 149 174 178 175 169 176 172 171 164 181 182 163 137 167 147 144 189 187 155 136 139 183 152 177 156 157 160 151 180 145 150 153 141 140 154 161 166 
 42: 163 151 183 188 149 166 158 169 140 153 171 155 165 181 157 146 141 168 179 147 189 144 139 143 156 138 145 177 150 172 180 162 159 152 174 142 176 154 170 182 167 161 
 46: 168 172 137 150 140 164 181 157 154 178 180 138 163 141 148 176 155 170 167 179 166 182 173 144 146 145 171 142 153 175 169 188 177 147 152 149 174 143 151 136 162 183 187 158 156 160 
 50: 189 173 166 153 142 136 156 144 160 179 137 170 169 164 148 178 157 163 145 143 182 183 155 141 171 152 140 172 162 165 146 168 139 180 154 174 161 188 159 138 176 149 175 151 167 147 181 150 177 187 
 40: 177 137 156 180 175 138 168 144 167 151 152 181 143 139 164 146 155 178 142 172 170 189 176 154 148 145 188 179 157 150 165 174 183 171 136 160 163 161 140 162 
 45: 180 173 175 168 174 139 177 137 136 182 156 152 154 189 140 167 172 160 142 179 176 149 170 150 145 181 183 157 169 158 153 164 151 165 161 187 146 159 171 188 138 166 143 147 162 
 43: 159 141 188 150 151 177 146 148 179 144 165 154 175 167 168 178 149 147 143 172 139 138 140 163 153 181 145 160 155 180 189 166 164 187 142 136 161 158 152 137 171 182 170 
 49: 166 158 136 173 175 141 164 169 183 151 152 156 153 161 188 149 157 160 144 179 181 147 168 167 187 171 165 182 162 146 170 177 178 143 145 150 138 154 159 155 163 180 140 142 176 189 174 172 137 
 44: 187 173 156 167 149 188 144 151 178 175 138 150 163 141 169 162 157 137 176 158 136 139 170 148 179 189 165 177 155 145 172 164 154 152 143 171 181 180 140 160 174 159 166 147 
 42: 192 162 178 158 190 168 161 149 186 187 153 177 157 169 152 163 154 151 179 165 184 171 174 193 189 167 183 175 185 188 173 176 164 194 166 191 160 172 170 182 180 181 
 44: 179 161 185 152 172 156 151 183 195 154 194 168 159 178 155 177 188 192 189 163 165 160 169 173 149 184 190 186 171 175 166 180 162 191 187 193 164 182 157 153 181 170 174 176 
 42: 169 167 159 187 162 190 158 151 165 155 150 194 176 153 182 175 154 171 180 152 178 174 157 170 172 195 183 186 166 160 189 179 193 181 161 163 191 184 168 188 173 156 
 46: 156 168 160 159 164 161 166 152 189 181 182 177 167 191 192 178 179 184 171 175 162 155 195 169 193 187 172 154 163 180 174 194 176 149 153 173 150 188 190 157 170 186 151 165 185 183 
 46: 156 170 190 159 169 153 152 168 163 164 172 177 173 171 154 165 185 158 184 180 189 193 175 155 192 179 191 161 188 151 187 194 149 160 186 182 167 174 181 166 183 157 176 150 162 195 
 40: 161 153 173 177 168 162 160 195 163 172 154 182 192 175 183 159 178 166 155 184 169 180 149 170 189 158 190 181 171 191 150 165 193 167 185 164 186 152 179 157 
 37: 171 162 189 174 175 186 166 180 149 192 161 177 181 194 151 160 156 184 178 155 176 158 193 165 195 179 159 167 188 170 172 154 152 190 150 169 183 
 46: 164 194 156 162 175 176 160 170 153 181 174 166 178 191 190 187 182 188 173 157 149 151 165 163 159 195 152 193 154 155 171 186 169 167 184 168 183 150 172 158 161 179 189 185 192 177 
 41: 165 161 181 195 162 188 160 183 155 174 154 152 166 169 184 189 171 191 163 153 170 150 179 167 168 187 186 175 176 182 173 158 177 185 164 156 193 194 178 172 192 
 44: 159 174 162 151 192 170 191 164 178 156 154 157 175 186 150 152 195 161 185 163 194 193 181 155 169 189 171 179 173 176 168 166 180 187 188 182 172 167 165 149 158 177 153 190 
 36: 178 163 195 161 180 165 169 184 194 157 158 183 152 153 181 177 173 150 155 149 156 185 174 187 192 186 154 182 162 175 193 176 172 190 179 171 
 37: 193 187 158 182 189 192 190 160 188 150 183 156 157 180 154 185 175 155 169 162 195 167 149 171 168 172 153 174 186 173 159 164 184 177 191 151 152 
 37: 151 189 164 179 165 163 192 183 178 152 158 185 171 162 175 150 184 166 149 190 180 172 157 170 160 176 177 159 191 161 181 174 186 187 154 167 194 
 39: 176 185 187 158 150 186 157 192 163 174 181 153 165 177 170 151 159 164 183 188 178 179 172 161 191 173 194 180 167 184 190 168 195 160 169 175 156 189 155 
 39: 186 179 187 180 167 153 159 189 170 152 157 183 193 184 161 154 163 155 160 182 151 188 192 164 177 150 178 158 149 185 162 169 176 191 173 171 194 175 165 
 47: 178 173 184 183 168 155 153 174 185 181 175 156 171 167 192 150 191 161 166 162 170 154 187 190 182 176 165 149 193 188 151 157 180 195 158 179 189 194 169 160 163 177 186 159 164 172 152 
 39: 185 177 167 190 164 161 150 163 154 151 165 172 189 170 193 156 169 184 173 162 171 157 192 195 191 153 155 158 181 178 194 152 166 160 183 186 188 168 175 
 45: 162 186 165 183 154 152 159 177 149 158 174 170 193 189 179 169 180 185 194 164 155 187 178 182 157 171 172 191 151 190 188 166 184 161 153 168 173 160 175 156 167 176 163 192 181 
 39: 194 166 179 174 159 156 164 161 163 151 170 187 177 186 167 184 171 165 190 149 169 152 154 155 192 172 188 175 191 176 160 153 185 158 193 162 180 150 181 
 44: 175 153 163 172 150 161 177 166 187 169 195 155 158 174 181 167 162 185 157 152 190 183 179 171 186 159 173 149 154 192 184 194 188 164 156 191 170 182 189 160 168 178 176 165 
 38: 175 164 188 165 176 162 194 192 189 152 184 149 193 195 158 181 150 154 191 153 179 172 180 168 170 169 174 160 178 157 167 156 185 155 190 161 186 177 
 40: 193 157 164 187 161 176 173 168 151 149 178 175 185 195 191 153 174 162 170 192 172 182 181 180 194 189 169 150 152 186 179 184 163 158 171 155 177 167 159 165 
 45: 191 160 175 161 174 184 190 178 185 186 189 164 168 152 194 169 181 151 177 163 176 171 153 162 179 172 195 155 183 173 165 170 166 192 149 154 193 158 159 167 182 188 150 156 180 
